100
4673664
2711253
2547644
8757037
8723741
3778316
1190842
6106040
6264648
7805890
4370350
3101393
1629623
6954756
9966376
4308944
3626323
4538118
1929541
4115639
1704930
4306673
6021745
7072270
4777573
7512986
9161636
5767655
9031052
8150941
4966430
7191007
7457287
9383945
3209758
8588422
7506030
3168900
5762655
9359624
2548483
6041602
6291836
1020596
4348199
1484281
4053999
9938900
3127467
2893648
1807421
2617813
9309616
3451600
2519556
2303224
5844609
2702195
5093343
9587314
4448200
6618580
6798281
5798009
8472622
6292038
3190657
2191815
3156511
4634272
2328646
3886875
4869142
4416881
5322651
1699557
9892389
9712600
6003869
7688401
8255423
8585182
7088426
9757832
9169154
1189976
6368692
8555434
5441512
1060718
8139423
2996687
4549437
3949193
9297416
2105488
7455734
8701316
3786263
2355185
