1000
3808832
8313756
2558646
4481144
2222129
5535450
6466044
1292439
9024154
2745649
6313474
5168018
3905958
9202625
4414314
1334874
9159833
4487297
6177773
3763668
3985102
6213627
7099527
8543924
7972061
1003432
9593725
6492142
8286064
4187360
2974270
2235833
6760896
6285550
7694695
9019125
5694658
8371466
6593851
6018464
7152800
2060926
3757170
2576227
7758164
1882086
3487577
5625627
9928423
7902962
5596737
5195525
8260202
5030326
6771411
1153520
2924188
6940851
2829900
5958578
4007477
9058439
3760357
9477108
9887801
7460428
7384405
2111704
2356072
1823485
7216626
7526357
4271869
8896022
4112717
7585041
3129229
4559932
7855053
4584734
6972457
7532963
8483911
5067848
3938223
8754511
6175459
7221870
5934205
5850398
9701193
4637534
2993176
6962548
1300413
3855855
8462611
7424678
2443296
3040313
8072818
6017932
9695169
3040488
7090497
4990145
2314651
3044258
1759192
1264181
8829775
9292997
2556561
3467541
6240813
2601077
8683213
2824601
5759670
5027084
5786498
7287847
2503221
2706363
7171489
6164542
9913591
4818232
1205975
3303422
5247584
9971864
3075545
6546678
9262519
4289944
3540245
8318870
2323132
5152087
4763901
9423527
4969015
4028543
2088943
1409463
3681588
9608060
9758954
3146690
7843430
1748067
7783035
8185038
8629224
2923359
7766944
5318726
6025355
9549496
6515964
6075913
8196948
2426606
1429404
8626812
8093565
8736141
2994256
8936838
7355015
1230841
2011637
2690650
4634893
5416452
1262233
6303634
1256148
2317213
3028200
3318858
1155361
7903676
7909902
5489948
7653674
7402923
1369878
5008619
8003945
7504392
1313698
3722938
7410461
9508961
7493515
5937869
3700971
4117215
7815330
3212288
2954085
2484774
8815951
2115679
6898073
5977132
1689113
5941790
3363028
5778200
1885974
9333867
9295168
4676629
5598309
1686080
8249667
1679864
4405826
2516726
3087681
1340686
8662721
2309415
2873124
2745762
2531806
3318602
5307481
4136630
4809084
9290293
2152054
4708248
1712131
9439958
9704995
5269479
4423918
2659498
3196462
4158022
2392037
6647458
3807098
7292600
1799352
2882540
1575762
9336397
1897828
4816230
5925658
5520940
9147162
6675792
8754398
3714946
7569638
2075515
9475615
6234570
1464557
4161524
1469330
3350333
2910737
1337278
4636714
2591949
6505337
9337623
5970608
9281085
5373652
2876826
7572249
8174819
4611941
8419565
5585216
4615609
1166893
4509300
4573589
8172968
5031268
4510422
9779910
7182391
6764874
6902255
2474972
5122547
1789605
9594950
5754481
1672439
1912762
1408415
2223759
9204486
5958945
1166700
3692787
1556974
6021283
9331376
1948723
5018776
7111182
5490925
4486677
9643534
5668068
8196783
5727426
2697612
2027408
8508185
2237443
1501850
7111650
3192454
9681465
5713793
7472972
3901442
1877770
4364381
5823237
1179595
9327042
7182058
3487670
5651258
2860783
9742610
1128434
9718503
1865938
4257750
7598458
9063756
5278489
9365075
9386833
1330048
9492433
2766735
5599837
4982328
6369244
2608252
9432535
6264497
4649015
4189100
7648523
3474633
1200854
6697919
1578931
9340487
4525483
2492193
4011560
5840497
5529540
8791392
7549578
2971277
6193620
9826276
9582578
7418489
1449924
5380008
9208477
4370607
3074722
5019761
7890163
1716932
1741954
8862396
8615904
1136680
5032387
6240517
1670241
7249523
5105621
1296916
3178579
4577750
8729081
7678676
5899784
8093608
9243929
5168055
8973922
3651986
4446577
7629916
8791469
2146693
2815949
3640052
6551487
9162955
6394180
3065065
1261578
4878140
9947445
1975489
6149333
8214282
6432896
5522882
1641231
4705479
8538351
2208646
3759189
9666486
1028614
2253777
4503861
5082455
9106752
3296281
8455947
1318135
6774859
2074253
8635643
5153232
2680926
5450801
3199855
8716573
6245473
3550353
3287699
9643465
7529981
4476381
4890671
3372032
6320165
8658293
2578948
4171166
7697020
5529788
8984969
4617015
6684168
3928097
5390199
1486199
1710271
4415085
5580331
3387444
8507360
7074431
5271268
1885337
2604677
1768022
6000542
3038388
5289647
8093584
1761493
9501482
1665753
8084095
2221964
3872106
9343593
1080868
3713968
5216079
1040531
2779663
8653936
8365874
4835680
4455725
4808559
4602832
8440375
3885962
9836797
4508080
3076058
9740546
7773097
1335072
3707955
8141588
2168315
8225009
7136455
4043742
6922512
3018368
7714650
2335759
6895303
9979199
6791661
4652753
5029987
9253083
5814718
7063229
6864769
2005047
1487326
3323540
6990588
8271945
1470183
3955978
3006262
9487196
7088935
6993790
8965001
6807567
9134671
8998545
4218838
5372563
9264801
3490604
5227197
7771363
2363721
8421445
2495741
3812151
9055393
7279882
2654822
1245338
7290339
5604623
5078724
9330733
1594130
5987445
6616750
2338963
4697209
8224908
4474920
3293855
4561056
6184075
4119741
4684779
3283667
3125118
4028119
1737091
5795060
4793432
4580875
8184074
9790476
1351329
1974072
9189787
3239893
2063681
3005176
6695139
6998083
6515621
7826722
1828581
7978891
6943834
5349702
5502141
5346891
2413400
8690162
6126410
1382260
9705874
4722195
4360038
9811245
5425867
2542063
1502617
1023226
5048051
3636458
3456405
2962819
5556531
2044591
8388915
7319272
3383133
4642569
4954078
3257333
8490103
8233722
9611990
4641258
3352658
1302683
4002568
9895135
1361742
1699188
2042357
2847469
7380913
6710061
4073504
9703102
8154529
5074149
9244844
3118065
3552773
6731747
5869398
3103352
6053043
5088563
5850022
9911492
5580477
1876178
6615348
1179635
3883662
7262420
3022273
3686888
1717892
3267749
6389932
7081003
1028631
3152630
2864407
5428681
4610177
7236459
2840633
7893630
2993782
7461290
3307997
5423890
5640703
7883661
9245386
2765601
5209497
7250058
4175581
1271287
6504979
5700530
8118205
4828459
9398760
6935481
4567493
9161746
3670538
1555917
7760752
5433255
2726401
3759393
3273792
4933137
6690211
2668627
1989248
8647149
3669875
3449436
4123443
7154861
8385967
5393704
9953308
6684792
8048469
8811814
3427743
5599474
4506158
7858809
3447040
9364975
7089503
7412840
4676395
5986651
8187083
3390250
4755381
2502277
3424565
2832885
8646889
8883925
7260045
1821855
7927773
8251675
2334001
4310974
5356071
3935145
2825718
4712037
8905162
4692539
1946103
2115839
2829645
8199645
6675862
7773480
8897542
6203277
7134401
1382169
7478939
8721426
2677575
6981700
8862002
5095684
8137507
2284944
2821058
3668677
9857041
4264623
5072929
9715615
8957759
5452093
8829448
2798224
8274133
5038170
3629084
5878923
1400024
7105412
4767407
4784704
1834891
9085734
1542998
5018621
9597376
4669108
4493068
1102438
5819318
1984339
5808632
4814787
1074020
8554988
4798642
6321104
8056509
9708761
7686804
8142842
6161620
6578187
4063591
8415656
8012411
6251738
7124507
8584951
7489958
2790013
2855060
7472402
3543373
1651275
7532761
8503729
8892451
2392570
4472407
8505440
6262409
9038360
5171654
8514523
5489766
1756632
9739666
4283160
9705091
4386687
5042317
1356388
8154466
9760919
1738267
4098314
9053007
7216722
8007463
2947793
3717043
9314626
6334620
3792964
2866693
9775000
7100551
4379943
1789361
7272434
6561563
5946888
3157430
9464074
2837981
6611292
9832123
7991461
3498369
7400179
3317914
7441936
1028453
2973981
3569816
8367385
8230157
4567310
4687171
2245764
7671047
6592311
8405053
4580740
6675320
9377998
3604489
7744388
8718919
4927609
1479716
2396853
9830593
9849854
4160294
9333146
3471428
9241421
1366033
6270329
1860208
3162506
4979897
4538469
4540795
6633509
5317134
2135258
6843693
7951140
2937174
5097551
8817492
2237530
8296710
5628809
2744840
7569120
4292962
1527807
1705713
9913693
6203995
3381946
3048768
6511954
8127633
2862127
9817340
7100400
1476154
2430831
4537623
8927029
7211754
1253293
4785528
3000555
7270452
7631640
8040986
2248539
9796312
3052731
2464557
6556170
1182301
1099332
9331075
9050026
4738801
6843441
6695918
3363628
1088854
1979569
1679577
1402115
1723872
1323153
9395197
8908411
8665781
5610828
6705965
4769715
4805684
6145840
7285900
8994633
6348281
1256910
4982901
9635860
1527137
9768233
8171603
3011879
9512593
8161234
8926906
6443188
5719484
4093435
3094582
5627005
3686589
4237850
8578956
1403042
3811225
3595016
1804006
6641335
7325313
8312618
9396339
8094846
9522911
1455358
4870990
8327413
7896472
4241641
4525213
6929695
4594993
6187640
7041125
3860000
4621692
1117717
2943893
8011925
7978748
