10000
8444654
3353036
6346826
4904238
8886405
8056728
3751019
8166717
9093187
4912867
5444897
4328942
2768768
2296262
5244918
4219584
1984459
3014695
8032851
8814363
7219290
8683918
4252586
4248137
3424168
6148993
3271669
7877014
3484943
3811293
5798990
5890493
9549774
5173069
2865833
2911252
4508149
7245231
3106271
9421258
5647982
7122723
6706189
3345351
1118550
6836591
9510813
3880844
8741245
8949705
3785227
5204356
5227555
8286468
7979411
5758490
9410132
1296950
5122529
1836277
5976670
5652751
4751001
7693072
9716328
9125838
4939544
2826902
6588021
2108777
4979947
1280245
4062426
7677091
9785231
3684954
3709956
6945465
3860497
6190677
7005886
8675143
6130487
7482253
8754289
9215008
1940799
8707454
8237485
6792613
7682983
3129137
5600864
1857968
5968708
3732437
8499701
1583256
1640087
4810820
5663615
1677774
7553533
8286624
5075349
1984624
6504822
3913462
1084160
6053397
4750337
4006931
8505236
9599290
5985447
6592725
3855828
6342428
8742037
2767053
1505146
9924854
9239206
5492499
4036061
7618013
4712896
1841130
5034915
4523666
8736037
3893949
8844777
8200590
1325118
6006729
3541225
6980716
7384747
9936204
8523364
3040250
5483766
4670845
7088256
8266857
8199674
7191990
8858996
7290967
6234246
7402239
8095906
6350586
4776822
7301812
9164357
2038312
3561180
8643856
9647939
8290452
5618419
8284547
8675613
5371642
1336621
2034129
2436469
9504798
3105238
1065516
9579023
6771313
4140816
6319589
7259851
3283364
7012184
6501574
2059714
8595522
9416377
4565891
8310967
7787224
7439441
1804834
8441872
8974176
4633241
7018015
2252846
3524966
4144240
8296876
8205018
1641465
4471259
9217016
6624064
8157502
2275046
4789046
6003152
8326153
2649350
9346025
2336795
3323532
2896210
9692550
8795852
4315036
9760984
3534050
7806936
5790617
8066116
4425101
2450982
6193038
4593895
6638167
7345883
5696833
2632189
8183817
2753679
8600252
5861151
4963813
6554476
6211429
9966531
7698522
2587257
6464762
2946065
5165946
2297042
2194584
1715200
1106302
6833611
8415645
8354448
6079988
4592597
9509652
4658122
1997999
6120320
8984912
6953485
6199567
9844169
9879108
9259706
1075026
5607774
5128546
8481714
4168338
8793504
8697217
7641343
1097679
2555633
6930252
4279488
2754072
6701415
5231480
2260514
8657990
5981447
9618070
9061219
6990833
8563302
5928721
3447945
8222686
9577844
9547240
7464723
6653168
8255466
7512656
1201142
2506702
6023270
8250475
8850195
6520101
3798892
2784245
7462343
4859871
7172832
2683088
2976516
2039283
1997146
1675917
1020030
7735389
5480073
7786381
1522345
3085713
9735883
7096648
9752521
3982636
9919236
5065278
6496386
8976547
7202245
8564539
6257370
2654359
3298391
2510591
5033675
6499775
5376256
7703086
6515542
3566456
9437198
4364085
2908340
4814154
4752338
9525630
7179079
7838517
8145991
6839308
3762473
9970147
3708508
6429066
7663771
2259631
6514966
6170168
8655850
3936278
9427313
1371327
8461173
8102587
9463153
9595495
1406370
3305496
6223852
9519126
7585465
1444107
5087099
3596715
5492753
2590959
7886809
8686019
3313435
1101468
1456731
1074395
4274316
8511585
2971057
6174038
1658295
2983231
3232300
8480408
9702858
1557561
1028656
2332092
6467320
5074987
4983364
1714746
6425255
3467792
3619880
5128948
5079091
4587808
5825159
4220035
6456147
5134360
2208478
3589524
3694090
8372419
4702844
2539609
3637186
2827169
3899514
9644436
3378676
3952846
2915988
4288382
5333915
5656062
2524129
3984872
6396026
8202775
4665552
3755417
3554443
5999422
1733413
1793873
1175074
6501622
9395026
4291988
6072977
5008254
1876137
2803090
1289253
7299322
1602369
1729734
3274226
4134972
4453503
6518333
5695179
9144659
9907576
5645592
8628196
6535835
9716532
6158749
8296724
2526406
2445574
1588538
5104877
6942004
8852625
1842724
4135590
4328855
5741909
4779102
6692532
5099161
2405290
9959628
9228580
7778440
5148444
1125210
3616180
7064226
2479593
7005536
7105587
3638165
2518399
2508896
2978638
7059169
7362769
2518467
8143061
3190186
7603004
1768423
4396566
6665152
7617173
8668597
8224728
3158425
3312734
5169562
6211235
8711064
8960545
1754787
1565942
4273815
1837388
1886830
5640321
7881626
1411454
5984357
2336829
7457405
6334049
6592270
8017313
9117977
4505153
4562576
4072134
4050193
5852747
1061344
4366885
4718107
8554050
5799020
2098792
9182029
3059758
6399135
5070271
5780877
1295686
5252718
2285428
7960101
6364385
9157737
6938593
6033493
3873935
7096381
4739584
6499731
2442606
9287040
7223588
8083400
6606938
9920366
7685023
8298356
1175196
4988619
4190275
8519341
4545654
5058794
2341837
9232675
8438958
2085013
1253727
2426670
7281370
1348077
4835573
6351731
8233571
2529731
4342467
8528916
9999757
3581623
4131749
5299575
3363245
9201424
2389735
6895745
7483717
1752324
5740255
5070843
1756765
2980458
4124008
8667717
9590099
6870990
7000064
2084682
5106868
6826436
2592988
8865212
9446659
5771256
7057666
2670145
8148874
2043429
7763016
1934301
7655815
5582139
1024900
6337376
9424864
9695525
6851788
5744706
7071490
7819979
9158807
7374438
2820432
5222957
3271955
6625029
1039527
2490648
5517192
9618148
8990282
2439301
1927269
2033431
2135026
3080616
8717907
8245166
7782782
9491870
1195143
5771592
5217412
6467721
6322828
6429424
7153151
5041264
5720144
1077213
3658202
7249058
2090638
7395701
6558123
2041026
9209820
7043531
5902100
5775009
1794622
5890015
6754782
9188855
6945923
4659487
6347584
4668788
2280479
4813860
8846271
6344142
8636353
9888823
8251190
7046362
9624078
9103781
2350048
4494216
9726038
5672352
5421667
8465329
3082389
8419735
4666632
5822003
9896141
7432872
4770313
2645120
7128970
1596004
7799210
4552235
2344830
8261395
1666083
1758372
7906014
1284905
6021341
6290525
6167982
7387793
9679268
5884629
2460105
2992824
2016060
8759309
1067300
5256140
5655807
2491760
4836219
3679725
8809701
9324807
1301283
5488164
6124534
1851997
8511067
8840379
3028661
3227160
9666237
2848404
3565221
7175241
6147362
5676454
6721784
5466116
4180429
7629389
9004101
7920987
8052582
7366472
4958179
2987823
1096594
3653520
7472020
3953824
6057665
2280167
2690868
6828479
6703449
1003910
6027610
7282393
1863961
4599251
6081558
6358238
3464457
8221922
2867260
4343234
5019352
5411811
7405881
5760898
9842694
3535500
3155323
6688939
9017932
5210495
2648189
1851695
6637649
6407134
5177812
6304496
4537551
3732565
5445228
5526178
3928205
6257312
5199727
2353795
2567149
9255742
8103815
7073965
4137169
3970053
6052178
1981695
4929731
5859752
8958238
7972208
8171147
2511174
1107205
3788261
9435492
8076667
4367899
6167212
8129793
1854012
5889326
2299489
7836612
7957503
1482829
1361952
1646183
4554032
1945476
7081195
4632343
1369282
9437599
2179654
1399350
2945293
9649590
1177705
6750528
2722668
1774184
8884037
4189681
2759850
4260427
9421161
6546350
5461846
9594371
9502246
2254953
8586419
7616113
5592018
3370336
1746644
3482815
9726201
4306080
5990591
1223857
2849322
9762702
8374152
2235638
2237272
6200343
1481370
7145984
1085079
3282386
9650193
6516608
5499425
5769331
8502970
8598077
1851888
1053505
1267662
8081695
6872094
6538121
9523243
9718135
8599499
5554124
6066429
6556818
2692910
4132728
3149277
3348278
9338175
4125139
2340640
7081148
4951907
6110557
4009403
3540023
9454369
5485999
1930573
7816884
1031604
1791422
2987364
3994579
2709657
2285477
6272828
1549517
6743867
4590891
7538604
4212991
1409620
9662128
9759842
8089494
9620486
3964486
1943466
7445788
5827954
7281246
1285114
4832673
7312232
1239768
1683209
5795245
1639935
1479207
9954601
4043718
7377623
5983885
6720257
1439606
6924652
6035699
5890367
3221975
6792565
4258684
9829782
3162689
4870342
8196180
5072715
1736755
7477154
6882851
8237301
6604073
2197595
7485062
4560718
6079709
6224574
4475815
7446532
1684361
6286266
8151604
5594076
1604533
4184417
9616014
3996873
3510396
3791866
1020355
7251081
7825228
5454309
6238991
4853448
9054877
1197056
6589862
1429888
1585841
6520560
5581382
3989784
3960462
6392843
9923611
5692443
4919849
3576845
6556603
9498508
9338723
6411193
6943227
3290416
5339544
7012274
6740401
7135828
3437134
3671722
2659540
9282848
5290227
6071106
7001434
7555507
2730075
7439194
4664673
7358280
2764713
4452170
6766704
5649377
3537459
7955105
9937366
3155290
6182635
8936846
5456403
5599041
4074324
9863749
7597334
5426043
8592761
1175139
2481471
2713666
9806109
2059684
4759103
3391093
8583950
8435012
5869165
6973791
5149515
5243388
4711091
6563125
6370121
6658336
9221576
1919241
2712209
1263830
1336783
9988339
5670940
9391728
3537320
3997354
7494562
2554700
1714629
7026463
4748679
2199003
9280016
3098858
7553551
1444649
2055572
4858552
1640860
6627044
3936473
9333756
1391534
4322079
4176580
1388429
2002610
1274760
4042055
3065928
8284726
7523201
7088997
5175750
2455893
5406531
5165521
9964440
5389710
8763320
1821264
9754722
2854586
6524818
3120659
1682341
6500566
5754552
6516226
3602737
2901749
3102265
1843710
6489858
8121106
1987371
4972518
8353281
2996213
4115804
2333564
6837453
3333972
1544370
3088129
2340923
4343876
6500648
1253311
6332451
2599216
6834849
8912141
2450180
2535562
5111817
9763321
5345443
7593664
2444833
2502025
7953007
7543129
7070395
8541059
3715944
8658384
3383638
1635030
6315080
7425752
9446412
3045825
7549994
6132009
8429761
7930746
2283873
4880835
7570589
5560521
7189163
8621705
8713334
8137615
5058511
5846943
3831655
6351290
5295420
1360767
1034133
8301378
1879500
6709072
9952970
1064537
1610791
7443161
1718298
4933695
1072468
5864845
3050646
9444155
8768885
9768847
5187535
2364633
9140625
4346200
5031221
2624584
5344352
1070367
2174487
1345716
5699162
5115321
5541804
9733452
2229224
3983665
6950826
7897213
8986662
1584906
3622719
9218991
6566103
7498867
6103430
8025534
1833235
1393827
3624692
6800244
7086695
9753597
7121819
6071022
5991052
9523965
8980061
8523300
7235953
2682876
8289292
8776461
7131660
6638080
1545929
9141762
7633270
6000560
1141099
5665833
5827254
3319984
4168417
8125406
2463048
7969344
9643155
8537558
4911414
2293129
8080085
3234076
8118384
3648547
4832781
1427896
3324799
4701841
2729215
6650532
5719296
4778238
4803006
9670849
7524078
5984629
4898973
3815002
9485063
8066827
5930565
3982831
8290812
7802448
2126497
3215293
4437418
6424070
5345328
1483221
7560349
8883905
3313786
9409234
8970839
4668856
9592022
9735383
5499061
6135100
1573906
7245209
7981939
1101407
7219084
3355560
1452800
9688398
8569304
1843557
3319875
8190946
8467346
8080479
9207719
8425699
8014510
7232765
5720237
1709703
9050541
6344427
2910696
3683098
4131570
6535903
5609414
2917630
7432413
3461132
7517645
5818805
3721246
4788394
4227835
8675205
7642254
8390724
4365754
6022844
2509410
4552874
6697370
6267341
7968065
5655727
3283137
4549162
8035592
7930534
6728688
6634233
3125122
8760065
4264423
5486908
1631565
9362563
3419851
1315076
4521098
6531239
9552830
2781742
7900700
8606680
6923399
4485634
1544444
9800219
3349947
1299448
4119132
2888770
4433140
1545540
7250082
1099050
6396304
5805051
8139767
2676143
6973116
4286366
6843672
1298471
5261809
2586327
3053323
8491597
9881823
9671578
4090653
2266247
1422745
5488022
1519083
6805794
4324441
7098797
1460391
5465605
6438396
1262944
1015893
7569124
6369472
7161015
8729494
8195830
4300701
8561303
1959948
7613969
6455561
8410677
8539222
1224196
3023912
6714371
8620981
7298149
3497466
5448392
7204695
8450149
3581598
4675245
9433100
9567297
9941231
7898974
9759262
1729659
9767966
5927094
5796542
4396417
5368048
2833574
2884668
3425204
7921960
7922951
6342630
9430451
8198527
6405382
4614612
8192009
8005866
8171080
3541026
5935733
2724076
9159951
4527807
6027920
2127837
9583803
2483341
4621277
5080434
7229853
6408730
7632141
1416063
5815984
7974741
3408960
6085778
6171505
5796172
7731987
8525184
6727746
2352197
2895398
4018373
4719873
6068883
3859125
1839583
4159518
6167603
3938226
2882876
1738557
8554078
6868521
2098757
1419345
1189216
8239725
1532178
1716762
7208738
2605490
6569407
1413656
9583348
9799362
1666735
2671664
3608847
2914212
2622327
9320999
6271386
8552217
6988693
3688414
6268346
4737745
2797825
7221237
5907670
6546039
2012020
7476691
7845099
3774056
1872736
4896309
1358788
6004930
9649519
1174901
9255966
3313362
7818728
9713941
7796731
9231135
3582382
7644852
1601268
7773894
9526883
4782512
1825052
4024845
5202773
2305677
5111281
6570980
1327359
7797118
1777381
7152713
1176586
9242241
1097662
4242148
1536620
1229624
2638706
4350547
3039905
5468414
6316294
5045167
1163600
3444999
5080217
6449086
4257185
2058275
8582211
5270962
5028661
7696876
9958171
9248122
5550758
5145742
7860473
6493695
9213032
8904295
5848168
7620091
8232119
1566432
2534831
2694102
2514642
2834547
4503041
5411297
5102015
3117317
6151643
7782454
4012912
9837174
7808718
5277623
3211230
7001015
4728029
4987863
2488477
8846475
2831839
4169647
7406560
5905561
8380441
8339738
9951005
7989625
8104653
7430611
3058787
1327430
6747407
2714205
6406810
1935588
8334913
3476963
8726922
3529266
9425900
9975530
7413096
7092905
2807730
8547452
1684535
1146790
6047505
1278958
5746299
2592413
5052041
2576924
7708946
8632263
1831441
7637100
2909750
8540597
7979046
8838081
5792221
6293813
1929693
3816194
4988675
1421980
5966099
8609466
5359395
6928094
3866458
8463913
1286360
7449122
9883173
9706946
1708346
5820266
8378927
3884359
7978030
7191890
4444809
7040523
7647150
2262382
6740001
6305526
8863979
9478345
6886906
6643606
3361983
2817795
7799497
2742252
2140103
9755052
1445262
5650789
2705127
8427503
9265675
4781803
2263760
8581777
6828784
6444476
2108535
8935441
4393320
7944857
7304496
9706826
3583133
2976305
1206098
4619791
1467850
6495975
3694787
4762639
5460682
3495122
8948559
7138466
9750060
3093548
6918268
3065619
7571114
1750749
9261977
9025606
2783953
4626153
4545127
7431380
3347723
1063544
7426440
8291029
3598978
8825460
5180223
5402165
9423055
1807809
3091111
5344075
2205756
9217856
6760280
8088966
1778173
2048932
9763598
1616857
4166661
2933929
5250891
4288288
1057559
6910226
4241264
8074692
1412892
9158827
3042839
6448396
6896196
1108486
2303323
6041845
3094400
9054394
8542124
3581643
7201502
3038561
7101205
7732456
3210917
6477792
4990408
9889069
5139835
1039173
1573444
3195336
1102316
4022764
7008772
8790157
8831086
8906467
9190467
3511383
2439826
9929440
3540886
3047153
3610605
7971471
3332842
3225881
9588351
6857865
3430351
9750788
8072290
1717993
8756092
4199032
5873343
6444856
5025364
2332022
7053709
5747508
1634136
8244982
2375546
9048565
8168719
3982113
2340766
7290321
1677995
2463249
2056133
6955057
3461501
2916163
1378397
3588499
7199115
3465232
7078337
1848993
6757671
7682617
3706820
2204602
2136643
9978306
7115473
6678336
7608188
9321616
9712186
8766042
1458876
9946981
3704838
2322595
1115387
8237604
2640864
6694931
5756184
4106265
5984389
2411957
7407227
8943035
4231677
7206401
9546959
1811708
7164597
1107883
1377094
7355168
5383611
7403948
5041660
1723189
8223787
5739503
2890463
8801203
6830314
3998103
2117790
2374692
2106184
1926567
1407977
3205030
6845458
3598042
4277066
3505278
2311440
1402869
3848226
6057863
8490668
5386610
8339813
9358220
1815875
2876390
7555010
7784275
2976840
9529190
9367637
5445003
4086734
9275541
5201855
3378391
3260725
5125690
9707935
3719883
7428313
7026640
1709466
2965887
5976750
1953229
7343600
5611778
9188568
3960968
5666360
4385001
1619946
1696389
1804119
3627088
1295652
1090747
9124284
6953792
7197497
1112856
4730231
4501171
3656265
3469924
9972802
9471580
1380708
1137867
3812831
2293658
6887688
1559959
5630676
4638391
7276060
5328437
9385139
1728196
7368396
6813183
3148646
2559127
5601207
6552835
2652171
6720273
5467375
6612474
7930628
5583833
8045000
4990772
6771793
6373061
9716300
3827497
2578289
4693658
1478366
5642995
6577854
7992602
9994045
7548883
9881975
9847318
9967594
5067138
7789268
1512300
8434677
3617890
3990340
7484643
3564500
5682875
2923498
2864677
7260764
5467770
5855297
1665300
8969813
4244359
8456605
7428913
2882032
1387631
4501380
6702073
2594227
4954802
3168147
4137633
3862320
7555685
9117741
2648932
7953146
7594707
6266729
3508802
6571506
8955144
4224778
6031740
1925528
9589270
9912788
3400541
5505044
7375284
4258397
5159123
8096822
4873876
3706105
7387143
5139388
9277372
7396682
5585529
7447868
8999615
3242712
4631848
5971490
5458925
9868964
2905289
2355396
8341049
5784426
6611822
9258411
3804985
3362608
8040401
1012347
1091148
2405425
2330281
9795638
5984647
9371502
7761717
7539501
1815409
3002431
6089807
4535264
4627984
1095885
4238755
2741056
5019827
4248779
1731751
2096498
6138306
7301413
7451469
7277142
1355435
2799961
2374584
6113656
2373671
9252253
3623100
3600366
5546164
7281952
7933722
6089242
5869940
3065805
4672826
3625210
1388646
6614413
9726065
1181829
2188716
4998915
5222733
6629143
1028661
8424741
4347719
9382489
4403749
5991168
1317345
6270538
3925202
2095628
5396720
5813546
9027903
1686986
4397868
4218344
5163879
6372843
5217326
7180057
2536458
9622274
5828914
7899427
8921340
3536043
7146021
3094218
3943496
4217085
6672776
1711066
1354942
9500150
9209534
9500182
5685693
4924621
3111275
1103623
3723285
5712117
1469807
6104584
1065372
7560087
3945993
1842465
4158148
7070496
4703967
7460714
7415714
2961725
3667772
6817218
3358379
1086475
9246187
1282071
8501235
5273947
2388917
1338184
2639094
3531253
7237390
3027497
8184491
8491940
3106413
1223790
6125221
9946578
4201523
2098546
9478212
6482684
4356019
5127730
4826892
1024544
3102619
4384421
4635668
7410213
8135915
8354302
4115410
7074092
8881948
8424301
4702293
6020901
1979978
3007673
5066068
4524764
7629118
1602322
8187942
5188372
3613933
1831550
2659609
3117324
2321189
4738409
8881239
2629913
6685050
9249794
8008934
5672707
7942972
6008819
2483727
6705644
8375644
3934752
7224986
1331901
6955326
9728251
9010480
4027891
3252809
9269134
6130721
6049017
6011725
6162050
4215599
3455711
3680037
6807535
2092882
6106594
4444070
5033956
8891022
7887757
7028446
2297129
3089859
3479472
8408817
7222818
2177820
8454464
7803824
4663991
5492954
4249375
1493291
5771537
9888354
6967636
9519513
7285750
5640972
6465045
5126557
5546880
5484693
8605059
9556179
9782729
4042840
7279094
4306532
4590635
2516577
9017978
4681823
2575632
9531386
3397953
3035121
2743533
4396786
5673434
2804807
7626331
7808531
2707146
6942145
3961047
8426387
1686705
3365521
9502057
4716038
9388344
2535901
8891140
1834441
8356833
8528609
1300005
8131810
6797918
2996889
1618703
7460135
5420646
2445590
9370013
4110068
7707956
6479494
1126113
6443914
5787090
2569433
2130204
5836460
6611309
3030138
1001102
3406804
4673210
9037219
9049712
2718038
3690033
2989453
7165503
8569739
5837224
6388366
7658586
9832025
2309091
3721787
8389383
3587377
7438914
8855177
1419643
6612521
6407218
7748415
2521448
6087475
3858583
9187407
1925395
8320390
7656354
9446156
2500293
4309508
8289271
3127550
3502793
9157621
2803466
6288012
9935072
6920002
3048506
1361210
7064585
8392012
5789101
2809588
4774867
8456198
4753709
3720809
4905007
9900728
2827403
5739540
3680393
8792726
5359539
5552383
7979807
5780265
4794463
9925961
1361485
5007156
1605624
3892250
8420431
4786034
3647617
5889092
7834223
8048023
5166261
5941461
1245696
6373900
8703828
8941523
2710388
1788479
1220737
8814431
8997411
2917202
6245639
3699933
7884076
9413603
7403964
4298042
8245464
3815860
1770749
4091024
4321740
9835316
1796548
6858543
9580407
4670662
4166463
9598772
8861300
2041649
6237082
8667463
2610042
9413880
1306847
7452696
8500377
4535011
6102084
4883313
8079582
6616358
2807909
2765530
7317058
6272257
8740107
1257393
7587743
8802088
4582252
7457385
2716628
5291771
6912332
7292677
9205091
3183881
3632604
4114613
2849152
9915337
8255177
9968584
8246020
1162745
2341432
3494154
5513538
4505339
5073847
7479217
9446600
6797141
1840199
6656443
3690474
8079288
4300064
2067930
4852675
8734620
7023940
7118028
9945453
2565826
8712880
4959460
6200274
2781506
5501568
5714741
5694130
4614598
3546762
6854448
8530224
5114887
6114245
4643819
1948544
6970455
6908898
1584925
3914130
4803399
5000651
4980888
2852660
2243282
4881474
7570639
7641644
5072033
3141709
9826345
1777789
9778160
7060104
4597188
9756028
8930346
2094114
7568533
6891323
9778089
7616900
2532703
5982596
2541761
5184415
7524018
2374569
3897798
7327725
4688551
6980491
3988739
9199570
3233026
9946921
7636036
3925523
4342599
2929851
5667198
2241150
7149600
6811414
6210742
4228764
9213949
3442154
1940112
7449628
2963397
1000786
5438218
3912897
9946789
4337435
4797192
8903230
5952719
6654528
5183561
7154824
3550390
7356124
1318905
6140187
9728655
1485600
4754801
2815937
7461610
4981455
8838588
7721016
6312697
4943608
7069452
7664859
1551087
4345963
9901813
4632188
5539990
8718615
2859072
2449671
4081171
2852386
7240531
1879673
5792298
4021602
6116847
3925002
1899834
3969283
9538474
9017200
7432448
4044009
4556270
6039293
7513031
5972896
1288739
2399755
3658484
4975689
9794385
1920775
4324971
9235959
8443056
9497339
2057302
2037338
9697491
2189687
3120567
1926523
7848035
5744658
6098772
8771409
6448745
5512916
7198762
3196418
6704318
4813695
7433254
2800429
5932358
7260943
2817712
2831039
8730090
6721975
9116681
8465643
7450621
4956134
1747295
3861463
6814050
2926017
4932270
6012292
7536461
9499417
2752490
4944966
6603255
2922487
7209563
7031372
5091558
1963462
8415848
1397025
1184444
3073994
3404559
8993947
6928959
3016015
4662292
7398331
6188073
5089980
2500880
9341261
5798689
9908409
1308941
7425450
4736067
2285085
5628935
2604244
1655019
3619948
3631941
7273489
4338576
7325465
1650736
6298883
9421039
1734384
5022787
2842022
7122925
2291271
2904493
8462083
3289417
5018020
4375667
2032108
9998258
4693001
6516618
1668536
6523797
8552615
1928115
9343248
9544210
8040337
5034744
7068235
7032816
5197146
5223478
9962990
5124981
4425984
8535996
1363535
8437155
2154970
7460763
4094147
4509664
6524934
7381590
6415862
2919526
9850944
1716061
2006826
8039810
3751432
2684301
7502963
3012440
4537778
1334051
2710538
2349951
3606795
8621088
6725807
4265786
8289185
3655687
4506716
7651287
5182971
4095221
2387727
8140091
8957051
2672521
1855023
5578398
8388321
3100028
9822578
8953059
9041617
5253650
5807526
9273964
9270895
2946746
6570310
5808259
8453304
2454003
5143119
6344828
5191340
4517465
7031706
3955545
6823018
9096407
5922804
3381910
7117444
5914164
9593059
5386479
7056540
9339827
5582931
4713231
8684158
4748158
8552498
8153474
4685184
8755939
3676903
1434782
5746870
3064410
1360778
5382110
6230842
8953717
5170215
3729206
6794084
5667010
8969484
2326158
9904445
2681733
9138972
6859561
3004649
9233754
3806404
3495166
1468125
8644706
5642198
4234562
9842407
6597436
8544851
3973979
4127797
5725150
1996006
4339928
7235071
1454388
3266605
9903832
6738888
3534496
2302331
2320288
7441530
4902035
3428355
8297673
4274810
4586091
9529598
7637857
7645995
5875022
6682833
5250985
8383806
5507206
8692808
9381159
8480418
1271494
3564679
5798694
1511223
3939604
4440234
8812131
9281369
2882719
2973769
9467481
7491714
4333900
5499393
1940640
9411416
3942491
6591345
9486353
2086464
1652624
6760874
2347173
7862818
3552943
1476690
6293447
5635895
2352400
1763634
8865088
2004240
2051603
3212685
5708258
4462472
7374806
3823643
3061487
7988331
1470549
6772214
2330794
1175904
5527281
9938683
1727126
5240332
8859740
5707445
2667911
9597145
7526268
9870415
6700022
6505150
6560367
2740824
8262049
7463016
5804918
5408594
3247546
7152848
7568213
8689149
6711455
7706934
7581122
9714873
3997387
6948686
6994429
9781923
1444259
1048353
9258247
3779601
5127211
4793639
9078013
9159616
8313506
7773827
9824751
3652189
3418979
1676183
7852781
6396050
1422198
9746336
1526346
2626570
3863264
1378380
5807876
7027016
6206590
3149474
4241642
1361917
8685359
4545858
7812551
4952544
4688275
2845271
6945430
3093898
6669959
2420785
3678719
6628089
7056283
4456567
6898057
2345748
9067221
7041804
3732385
1193688
5501591
3006568
2150362
1098722
5129871
9164666
5639318
3321269
4058879
9029804
7608476
3763190
3429229
5187431
6406050
3070069
6639995
9174640
8665486
5705214
3888265
8498218
8788904
7161600
6224833
9356732
7605194
1174533
4992756
3751830
7854179
9718794
8923836
2938504
5581368
6024865
7237530
3549235
6056140
9036860
6827057
5836948
5908762
7601692
2613418
7307452
5375632
1519619
1266250
7514756
8844863
2886541
6402090
8659777
9494257
6871317
2304197
4363236
7536426
5275103
1849655
4750237
4532643
6385161
2735756
6110480
4154322
6747703
8227535
9293775
3634886
6699014
3465005
8856705
6100194
7002008
8933953
7359595
8208480
8282657
1998625
4291765
4337497
4357760
3369761
4864000
9934106
2702985
3250167
9004533
7020577
7071906
1605359
7774697
8661361
9210084
1450624
3730607
2013674
8132292
9914942
5484902
9606972
3207154
5852354
3859956
2881958
2615145
6861384
2825762
2743882
6872847
6662615
2800050
9504116
1822102
2031903
1559581
2132724
1197779
3172982
4982393
3655728
8362207
3774371
1279809
4490093
8274364
2508463
2950847
5734431
6954505
1659480
1698927
1787687
4983744
1100953
4948893
8218261
7231463
6948935
9439018
2407767
8704822
9313701
8209610
5442009
6432383
1402275
2450449
4463717
1500380
6343794
3107662
8475981
5469692
7410564
2049871
5689471
8025000
1277978
9026702
9702625
5742173
1902173
5303324
4649029
6588449
4176561
5403948
7047103
7627674
3291359
6731587
9813005
4723485
1398347
1399686
9750414
7323380
2811166
9031388
5959638
1053203
7498277
3362964
5088465
5392636
2418105
8356569
5516303
4974032
3053320
6622453
4500008
2703408
6627876
7691491
9249336
8646436
6049227
8144705
7809740
6563611
9298240
2483925
3627573
9776244
8294696
4352134
6532901
4777612
4129767
1592413
4004680
3662704
7535780
8371237
9764565
1115660
2710995
8264056
9811501
5697700
9060162
1810228
7681660
8030515
5361278
6742525
7762118
3380145
2311143
1035220
3142452
3478225
2689297
5041879
7400623
1472707
3073341
5461586
7093524
7359095
8846032
8676702
2799674
8199003
9276642
1398728
6049456
6068046
5278137
3093644
8837690
2908285
5217319
5071930
3372149
8363845
3946435
3664450
9484529
5078449
8018252
5740164
8265311
7797589
4191779
4236226
3572180
3787523
6735625
3758217
9008669
4320590
9152582
9082125
1502091
9905797
4243877
4883460
4759337
8902425
6425428
8955341
9210596
1845266
2605592
5523777
3597371
9557174
6300697
7385217
8368896
1398026
8154411
8939218
9287645
3391894
6150069
8923902
7168442
4064539
8439573
5452517
7589670
1354816
7624035
8172947
7556813
4315445
9114485
8138306
1140434
6711550
1464668
5987546
4898589
8420395
7232765
5391295
2420174
8917862
6352019
1162708
1413418
3057527
2094763
3344374
3898806
5349452
3684080
7752843
7635483
5944108
5579192
8621052
8421425
8141077
6382911
1561896
5054127
1334347
4265683
9883146
9250762
4807756
1323720
1347660
6222979
6770393
4802069
3380789
6410734
8962158
9878951
3737961
2043937
3610797
5447829
8683704
9985939
5206927
9458627
2394609
9701549
2666621
8401939
1987399
3519621
1578029
4554793
4121395
3982729
2930640
8234367
8479475
1577288
7488035
8938281
8685172
8925184
3470715
2178417
1296411
5870716
5197893
4661878
6112249
2035468
9439494
6981648
6717823
8172674
4483104
9216823
9777687
5287530
9535134
3386718
3212750
2939666
4705985
1115098
4516726
9907651
3438195
7020184
1692799
9647078
2959267
6325878
7207103
6567795
1857857
5922704
8821089
4073574
5805324
5103247
2613700
8747899
8296473
3856709
8452893
4356972
4147886
9477612
2853031
7896953
8222975
2942416
1066536
7474064
6385304
4819610
6434935
5286405
2723620
7782694
7699164
8190219
1951613
4812408
8147800
9596043
3635747
3520811
1346294
7025789
9955986
9610874
1058442
4198294
5998862
9232947
5233152
6632746
5615834
8611537
1134215
5152217
9232513
4868137
6723807
6114271
2090307
1032872
9587695
4158607
1784027
4841979
5317467
9973751
8869960
2734294
1223606
3813802
3875354
2389065
6598348
6544866
2262143
9903641
6286994
3521589
2193990
1892515
9581081
5136002
8287786
3992207
6085584
6799204
2132547
3430899
7537849
9662071
3814361
8595100
9712142
6219513
9454265
1213029
8232612
7197578
9804708
8044865
7253792
1674351
4410614
6105475
8483577
6110564
7559571
2014258
2160806
8438896
7360224
9086781
4886312
4205470
4778544
7845365
8032802
6702361
8091613
6818003
4963799
8115736
8226954
3196040
5799036
9749555
9629917
1609820
2310119
6868556
5130218
1702977
8468023
2681378
6207197
9476033
7080158
1241434
6126239
5287037
8570020
5324199
1580132
9452560
8486717
4446668
1617956
6634284
2488068
1613544
5109056
4617132
7633337
1211330
9985998
7834801
4633136
2453805
5804840
7135545
1822748
3196101
7367897
6516853
5500195
3532675
6835049
6165714
1573043
7427054
1458698
5841123
1195709
3371123
5764555
1095653
9820711
2203910
5851524
5439371
6062672
3330321
3785651
4411483
7587222
7957173
7961454
6287330
4022828
7314975
2307089
9125307
9679106
3893654
2020809
9534550
3629060
5738746
9158081
8837407
8322959
5659255
3804852
7645492
9971104
9964234
7425300
7278307
7735559
2789995
1209106
6883331
4848900
1615828
1784446
1640475
3969456
8097377
9938937
2409864
6031958
2508186
1299224
9308500
5667578
2638141
4809603
7419955
2999370
9467199
8639942
7780751
4559020
6434428
2555030
6676719
2858903
7766205
5370215
6963219
7257069
6555515
1635677
2136700
9199201
7507913
3137226
3975434
8403421
8344311
5221183
6601550
5514535
2564196
4540077
6340425
5745628
6919819
8901350
3380021
4242268
1704818
4342782
2514067
2692344
9447919
8856607
6756212
9840424
8634653
1776581
7036837
3049593
2053086
2287334
9908149
4028415
7238529
8405742
4249441
2313742
4681901
5794281
8575826
3353030
4825175
8853449
6573604
2513264
4888433
6681170
9633835
4014595
1856259
5164027
3183426
6769828
1434935
6298615
9485677
8925756
5238528
9419949
9546752
7111259
1339348
5776060
5224414
1270845
6857034
8051018
9454255
8067123
1060797
3624438
2586196
9683773
1828161
1431875
2519773
6747038
4970749
4516839
8778782
5995119
1916587
7065533
9163813
9478216
3868636
7690975
9777719
3145307
4140496
5602607
9237076
6691579
4206965
3692655
4188529
3348493
9299965
2836815
1814388
6978580
5938973
7592214
1204301
3663858
9691140
2529628
4153884
4559813
6628329
2455254
2887077
8657536
2226272
7604426
9453964
9916563
4419742
4056422
6854477
6556021
3787323
2533580
1013370
4373536
1717625
1076808
5911891
6248981
8853731
7352395
1409266
2924673
9274127
7329826
8539077
4015007
7120966
5468018
3612103
1773766
5990987
1993662
8647305
3192702
9556660
4942340
7054294
8817935
9801229
7867580
8717453
6007930
9444187
8718930
2010642
4149963
1905040
8415861
5355503
4441934
1461378
2790993
1319062
5730273
4228745
6684841
7016059
5178866
5474137
1704791
9192513
6317385
5225565
6147200
9524882
8657168
2722805
9303643
1822971
4558474
4694866
1579194
5982983
7064065
3798671
4490388
5219347
4651004
7769410
5414977
2022195
9959600
9117900
8711574
9783403
9861565
2001645
1184411
6371152
4152316
2234556
3988731
2885248
8295934
2468926
6845587
2524519
2290184
2730333
9510437
4845308
8460405
4513675
9562895
8505236
5624620
6353767
4556719
5633694
8456579
4349031
6760969
1193863
9322691
8773623
8666380
8666127
7419509
7528058
8342344
8652787
3961092
1999767
9441820
8147052
5683989
2127725
9230431
4504297
6893156
3870042
3219796
1370369
2177728
5946473
7933899
9222444
7840177
3038339
2914429
3868570
5474152
7653152
7822471
4996236
8378310
2891821
1416386
5368986
4686145
8713848
9886801
9914765
4117164
6185258
2478084
3289191
5402974
5578108
2431228
1327895
9056189
3390678
9919600
5343969
7311755
9881564
5799310
8380206
9886784
6828427
9932525
2236848
6562802
4194347
9720306
6566410
9159026
5897405
5944536
6609789
3044057
9197831
1223061
3831486
9692426
4401085
9883978
8625142
6474552
1934546
8255291
1707290
5629778
6816088
2930391
6330301
3333573
6015581
8406585
1773955
7196187
5355943
6043215
9513312
3217618
2219681
4717578
2657776
1329336
9030158
3907279
8109952
7055372
3658383
6514293
9849877
9782167
1069784
1506767
1857068
1333236
4578463
6495587
4362593
9714885
6102991
8939523
8668077
4890120
8939106
7754299
9503954
1993521
5139207
1047748
8098265
1037232
4176243
8365584
8259630
8736894
2419810
2489334
8747178
3454067
6211368
8598480
1193538
7971907
5735227
2329146
3385110
4817314
4863379
1390204
9094677
8209396
7319589
7163779
9549456
9504874
9589589
9060149
7219532
6292617
7053947
5039339
6625459
5104356
9858679
7129203
2445262
7788284
4543960
7241390
2332852
4313126
4005210
8532262
9703830
6403790
8599462
8096619
2771095
9176922
8876534
3165815
5013086
9033360
7356649
2953752
9629046
6334860
6566893
1220717
9648384
9831236
3784531
4484708
9116560
4832782
5184359
6689435
7367629
5918556
8002080
2547333
9832805
4647613
9930357
2819631
2226481
8479191
2908945
9688355
2270597
6528203
4745729
2724979
6007891
9898289
3524115
5726233
6723440
2252413
5741513
7881173
4296271
1905834
3213967
6141544
6524749
7047541
1882978
4940633
7185222
8580916
2516354
9088629
6447854
3346368
8841977
5484236
1692050
8389880
8102004
7817560
4065872
5635383
9030482
6954376
2582533
5468319
7951875
6497750
7112910
4930415
4258899
1140573
4977321
9602027
3034440
3907806
2032661
2980746
8185952
9763804
5906895
5255965
6926070
5216942
2769031
2473078
7330334
3695772
8803698
7047551
4205144
6258716
9269161
5968228
4796410
2423575
1712747
3039586
1957385
4347335
9468711
2520056
4693522
1004324
8820189
1730590
9601004
7973422
1682606
7271358
2755024
4718772
3084800
2448303
1959156
9274134
9317815
9964209
6030413
6603591
6344416
1227133
5594739
4387967
6922384
9335587
8146849
2221191
5991406
2323617
6375814
4724293
7927548
3046842
8663182
5770721
7497668
8657301
7618124
6900825
7744648
9431574
5067660
6812554
3277994
7149922
5160716
4743647
7541366
9164767
2772756
4576702
7643493
3123177
8532575
2182496
5760980
8720548
6384928
5809800
1017445
9896334
7996432
2371127
7249108
8172819
7752631
9413647
4760613
8775022
7371673
9312950
5420532
2918213
5022651
2573677
2430061
1448974
9728263
6703352
6583133
3591609
8660396
2199392
7339353
8789165
6635610
1681991
9142766
6747582
4783797
5710259
5007633
4286655
3197456
5633846
1194760
5970348
9046717
7822403
2368481
1500386
1574625
7664469
5300986
9523330
8566741
1442629
3494184
7384306
6215643
9761626
3516940
3870598
9999926
6504141
9618483
2771807
7176910
9524108
2430077
1912171
4190634
4818078
5184569
4581892
8704974
5221960
1913856
6153332
8371008
1173575
2699559
6737881
6755438
7012255
9672417
5982828
7610538
3075482
1967148
9556000
7293185
9429116
5572130
9033680
9364425
1738246
9742204
8636441
6474713
5416240
1142466
8423873
8349869
9549428
4086686
9893055
6367947
9144951
8719195
8839989
4054096
4321475
1367968
6716458
2096135
4014754
7290985
7671156
8571834
1343429
6423800
4590222
9523322
5748902
7446728
7521109
3603764
3598425
6752435
5208865
5041901
1660282
7191397
8592025
2813496
2000522
8791784
8359311
4922045
2009571
6156793
4789613
4623901
1570157
3837891
9390767
9135915
3619313
8296764
8607074
9599518
1103245
2216357
2365373
1048124
6126640
7228741
7948150
9229609
3764449
2000929
5102808
4206993
9929634
1953853
7139275
9101994
3483234
1228726
3601755
6223278
7025538
2160883
1404741
1415295
1442175
1117649
8040614
6527924
2382849
1764343
5212886
8816196
3890131
6312330
1553548
7900841
9570651
8468626
5036451
9793343
4131739
5382269
4728389
6183685
1423665
8500730
4424351
1469635
8293787
3333441
9572948
7712597
4696078
6362145
3026525
7965479
9670824
6526858
3664968
2281873
1221716
3460229
3783208
7150269
7689869
2919832
3082469
9232592
8617526
3111287
2911132
3119446
4275609
8873872
2981730
2543545
9709014
7527677
7448988
1446947
7406525
7354224
1945074
3485593
8661918
6788474
8337893
8314139
4209361
2162965
5824493
5524418
6352305
9848908
1561199
8191698
9772366
2559343
8904854
9778904
6706362
5565379
5111929
1464349
2989954
6763753
3550037
3739781
6188289
2963254
8921307
3758249
8016449
4386204
5719317
8452964
2857755
8460751
3960084
9468524
6225625
5967555
8334317
7040623
3592208
7786316
1888332
3574161
7018875
9367406
7531280
9933483
4574989
5165703
4811585
2123046
9817791
1346993
5377287
1581545
1091834
9896772
2356133
8408655
9297838
2767340
6381484
5951117
5587556
9027768
5390419
8477603
7334808
1662971
3804191
2197192
4357290
1825374
3053391
1664364
2827078
8182862
2963555
5438136
6789209
5641578
7362694
6592552
1446254
4999272
5735080
9996861
4251266
3342992
1746671
2129228
3105700
2447657
5677849
2669564
9452721
4065068
8533691
2821902
6601222
2511230
1329100
4948701
6126382
4444682
4681704
5798337
5584702
6997686
2457879
2159847
1286862
2183541
7990622
6639908
3853602
3178869
1080480
4801857
6564169
5477122
3186140
8395897
3281556
8387315
1678306
2879993
6187459
7382643
4700610
4554743
9074836
7626340
6564653
9436903
9980589
7820055
3107143
7121834
3049131
5812687
9595684
8311240
1065219
6912271
1790049
6001176
7390208
1114361
1732942
1394909
4293861
9708121
1947835
4181540
6112349
2627001
5944520
6740732
1825944
3409702
7843592
4862933
9016433
4358748
3423919
3622188
9062981
5289062
3538427
3673165
4037870
2171504
6682793
2767347
7960360
6876737
2338969
1453677
8695338
4585691
3732388
9297425
1230704
7837861
4175363
5199598
4871143
5982772
3058242
3300981
1229091
9275133
8554671
8040071
3371453
9445894
3609901
8352589
9653136
7115414
7056518
8300364
1277006
6929074
5583191
5214072
1632797
8282050
7010149
7203755
9323303
3677404
6374128
9686062
8072489
6822431
3421341
5898535
8742355
5886283
5398994
7959884
7168313
3804343
3833421
9049247
3837689
5861355
1314294
4060082
9792365
4489344
2452990
4588558
7945283
2791237
8416094
9228263
7116314
8036843
2662204
5500315
2808375
1327339
7052707
2551578
9811280
8624439
7413001
3461304
5660520
3241487
4059383
7702689
1402764
1748421
3320195
6352876
4020516
8895539
9522417
2602212
1192717
3069531
6086196
7088595
9968029
9702128
9095110
1041104
9738200
1736428
4254295
4791979
4903107
6479937
9108828
1310375
9270878
2059868
2214583
5577183
5778526
5568703
4002016
3704588
2826331
3251134
5831426
5685630
6280270
8450917
5009823
7416233
9325743
2901336
9798031
1625115
8186229
9451947
2250543
3702491
4194479
9375564
8386590
4565700
4271242
2389470
7448821
9659027
6642586
4406991
6602407
2204174
6927150
2931084
6137662
6422877
6169406
9688003
9286855
8985669
8426032
9904330
3807992
5528275
8798731
1730335
2764705
5222782
7192682
1609800
7379624
3378425
7245373
7409764
4371641
2508151
6865340
3624345
6999780
5020216
2182677
2107223
4224568
2736603
6924055
5170845
7401249
8502797
7758118
7061996
4550005
6226713
6713609
9479681
5205796
3154641
1283242
3228623
9336272
9943516
2794613
2591548
3161746
1893080
9251148
8686451
5087471
8814331
4780849
3297962
2944195
6099332
8979693
9832733
5368012
1837752
7801953
3972571
9058168
7410690
8218562
3368296
3357474
2586738
2151857
3713707
8281803
7324738
7286267
5994441
7274261
4820797
9711829
8820194
8604997
5888506
7403803
2286570
4359722
3946727
7865570
2832395
7493944
1256873
4953148
2878137
4731457
2673763
5501748
8034910
7093205
5498078
8540642
9234535
3317408
1745280
2889521
5916744
8908044
1192920
7908070
2790012
3210584
9390593
3416258
9033567
2972929
9658925
3725307
8680208
4652808
3801085
2415191
3965009
3645139
1201974
6391058
4469266
4415935
1382966
6488161
6668573
5280838
1236351
5549695
6979331
6516261
8654596
1601463
6480959
2215944
3798642
6856187
4838777
8184161
3388665
5596180
8046798
6785950
5619203
7075666
8269206
6068226
6082476
8175750
4744007
7424054
8768947
2878173
8060168
7397024
4603016
3675567
7658177
8420012
3450847
4901560
5850977
2844034
2465732
9639670
3343352
3816856
9764536
5360123
5291623
3644224
9127795
2852532
9219917
7891700
8772074
2906555
9149619
7889480
5693692
6873409
6225187
5342888
7444512
1365519
6733108
7597379
3249593
6654926
4404865
2106295
5852005
9083349
7793756
5667270
2834297
1339475
1983524
1425593
4372642
8324581
8693655
8679084
6045024
4304833
7224716
1090746
6004220
3741219
8576185
8265153
3043084
1684215
7847181
8471536
5766261
3636783
9798262
2272431
5895097
5000319
6850614
2417951
5272440
2415607
7142393
2459363
8922620
9947104
5962139
1472598
2253872
4645841
3051961
7783062
1696185
5751724
5740125
2510049
5323192
7466108
3270389
5990679
1275030
7232801
5755454
6139055
5925426
8005998
7424325
8620925
5461792
5274713
4251303
3456939
1128410
9819453
6698603
8099711
5624819
5002132
3382693
1415542
4392314
1123848
7303308
1094326
5296364
9441499
1065901
5535801
6090182
4033637
7110633
2263960
9037393
7127685
5245070
3235429
8001415
4222859
9547674
8251917
6763126
1948197
6640805
3657149
5723810
9276671
2189776
4106795
4340808
8950023
3124816
8269256
6659160
1621353
3543680
2618820
1563211
4376272
1269871
1805586
9784790
6227030
7137069
4228517
2713598
2191741
2853156
9829338
6890276
2799334
4727669
2107775
2426875
4477441
1361896
7171395
6482176
6909317
5734288
5178639
3439985
4687058
2915671
9538733
3048314
8836541
4564046
3077568
2491092
2233811
9969224
2520451
7541024
3432944
6855528
5597414
9192555
8928497
3194208
2626389
9145697
4081896
8451117
6614410
9273303
5533007
3838415
3173886
2948988
4595952
3455964
8882347
6792080
6095940
8029784
5749197
5367016
5063866
9086054
6294369
9039705
5143698
1628451
7369070
6313532
9095306
6160595
3794490
1561737
4595528
9198252
1283351
2901774
9316983
7904506
6763280
9401234
1773575
1271803
8401830
3785830
1121871
5326844
4194031
7775540
6267726
4280979
2992264
5383451
7895058
5757567
4500105
5136465
2751943
6952406
4062577
9173370
8801780
1180766
1115435
8716640
8591834
5335214
1246689
7718244
6511542
7967845
8257919
8408748
7997711
6171795
7310290
9473694
5333875
5788415
9730882
1733605
8750822
9029753
9610709
4144673
4827276
5384434
2801966
4517116
1084905
8259009
7641805
7616466
5893767
9434288
6496943
7986480
8605767
9854318
5756793
4973249
9042018
4910822
7674408
2329182
9756033
7899496
2452332
7453212
3376195
1977150
2282405
2512539
4069758
3948826
6435542
4354147
7884953
3241951
4244153
8118122
3220297
1646781
8328746
6419924
6388938
3372321
4281559
1738570
7005032
7619389
1542983
9161575
4887061
8469804
4997371
8001430
5587348
2287609
7331642
9444960
8529639
4421968
3746416
3467629
5667950
2557589
2859393
6606978
8458024
2526629
2517713
7612507
5615182
8753074
5213087
8548488
1293397
9368314
4990603
6541940
6838987
3734082
7891509
2666412
6084126
4774448
8082975
5698646
4705049
7015367
4780373
2590619
2672215
9111006
1195507
1683957
1502396
3616499
6299127
9539445
7004161
5064660
2412240
5406551
3478048
6300839
4335142
4325543
4057056
6263091
9479707
3465416
8673579
2918118
5578313
4225826
7273101
3183785
2729238
7267468
4543647
1611673
9349837
3620507
4447900
2433616
5107350
8218091
2678986
2964307
9425000
9985931
3810005
3447757
7433868
5716326
9233200
7551093
6061221
8886879
8352028
3289763
1084047
8856844
6989101
6668353
4941733
9461592
4927379
6681136
2074950
5684634
1748006
5074192
2919274
3917889
9163477
9001061
5603392
8399389
9588495
5522670
1702963
7361766
9534699
7354776
6188046
4654160
6751828
3313683
8249797
7789697
6289160
4373819
4710646
7025098
1251275
7256938
4803335
1350285
9581391
2484964
5733216
3037831
4649646
8022956
2858851
2914134
6895394
5056662
4676163
6290004
2536748
5986772
2619666
8201149
1893659
4467324
8693534
8141405
2121479
6707826
2778734
5716070
5741109
4372035
8203537
8021073
1370636
7802858
8780311
5221731
6140001
1432486
8123684
7311074
6094672
9845828
9327969
3233785
5617908
8070114
8492501
6692808
9041528
7596396
4382379
8164687
6210501
4624458
7141636
8832205
3647350
5165033
5320128
3163477
2715426
1839866
8285832
9627921
1475841
6970464
3280319
9057089
4340346
8829366
4906314
5298637
3610307
5480273
3972884
9084793
7833242
7138097
2397255
7908001
7840667
9672695
8064375
7487862
6099114
2826985
1058968
4583193
2311691
2431185
9803466
9280805
2516239
3948984
8386419
4667353
5678201
3736173
7199942
4658927
9980065
4674483
6315609
4988279
2406896
2478050
4771548
9026448
1184356
1822277
4301888
9443272
4884653
8077116
4690550
4604097
5080121
8769090
2685689
8059559
4084709
2025226
5715702
6341352
6815876
6643742
3740266
4398571
5770612
5083001
3225923
7248989
1461230
2361934
6295923
7879088
4209669
5865056
2954145
6508285
1606947
5376764
8830642
3607867
1574791
9756707
7843264
1226688
9434114
5077245
2135040
4355752
7684124
6778467
2264410
5202285
5349402
2958012
3058652
2115334
2760090
1612259
2070471
3636891
7782490
7976494
3892846
5970640
5660212
2279482
8475483
3865639
3634213
6449118
5247531
9914756
9526576
5893118
7362036
9258571
1577190
8301833
3158269
8607245
9208617
7372517
1450167
3373180
6453384
9156809
6923634
6314122
9639540
6931163
9702954
4981889
3240923
5536692
6564819
2998303
9150693
2138121
4149065
6249792
8405861
1385116
7455188
5380001
6339553
3056059
6345083
5186090
8756484
2922991
7684472
5384532
6271683
5725583
6834172
5952020
6296662
8428438
5793348
3763743
7312449
8496459
4649900
7100183
5267116
7752735
4941825
2433469
8752470
2168365
2976324
1701199
6118328
1455517
5768485
3755620
2293153
9821842
9215781
5085766
1052797
8116534
5511521
7829135
4705938
2605474
5694323
8690431
7878509
8895346
8299706
9735494
4202194
9770256
1160532
8392309
1590922
7730584
1993162
4254018
3986953
8641669
3051388
8147420
4574256
1861763
5601910
2529188
6886232
3307612
7884202
5216221
3608967
8219494
4081135
9982365
9256887
2558829
3871978
3156676
2798236
6837198
7249236
9933693
3414037
3067732
2809771
5913516
5305167
6804343
2167668
4402158
1891206
8911090
8960545
6638655
7405092
1497275
8850191
9693304
5827158
8716345
6288578
4893488
8169572
4727121
3777044
7460254
4418153
7975353
1694123
9340427
7721891
9229177
1019169
2869221
2500060
3473895
4430466
8303386
2805642
5935635
3478961
4095818
6419875
7104283
2310779
8267816
9842485
6420159
8979439
8744826
6046260
8326848
7619373
6083776
8078923
4136877
7086286
2078929
5903176
3255350
9817204
1821533
3142491
4977612
2465659
1256446
7995767
2389889
6341855
1555216
7850179
9547765
2424039
3516252
2740266
6198433
5733233
4860383
9413585
4382271
8396239
6913401
7687681
9658297
6629906
9874931
3512837
8029442
1906982
9156240
6336589
5111723
5386829
9524176
3694555
5911583
1779560
3845529
3651708
7527385
7192410
4084407
2263579
3992020
1836142
7353205
3003034
2407627
2653980
4752317
9015050
6527915
5149791
2632933
5574453
4080398
6326730
1939907
8711097
4759945
7308795
5750826
9861071
9103440
1799072
3035253
7768875
5792617
9865113
5053116
1902629
3143655
7349229
2122765
1005377
9550137
1954056
7799446
3275188
3796250
5983556
7703144
2376504
1230074
9927303
4374118
2282961
3503988
2742789
5837598
6282991
9534962
1236167
8885583
6533726
9799071
6018396
7521996
9661676
8076691
9732029
2870185
1929090
5804340
7278870
4790740
7795614
8660299
8426947
3781765
3905623
4740285
8193889
1594337
3055074
3029716
7824831
6113676
9067476
7153742
9933259
7248310
4129312
9794284
8274384
5392967
4160242
8079781
9258960
1038350
6965221
7611764
6026174
8490198
1831305
2623376
6626591
5327955
3490064
3459675
8076689
8427748
4392587
1393317
6244371
4888545
5213392
1618794
3577974
9260815
7170622
8564626
5979940
9973217
9526587
1139223
2182512
2536690
1231428
9134269
2759085
5995129
3639510
3941245
7572882
2840645
5221308
1025066
3369038
5325673
8546777
9011880
1064536
7674002
1214216
8217226
4424785
6705982
6306058
2622940
5331341
9028303
1279375
3281976
2985095
9931369
1574080
5096701
7593692
5852721
7450211
1237132
1784323
1687023
5940511
5841989
1603338
7353805
8630786
9511011
2275555
5033264
7178233
9076747
3030753
6425854
2068463
9757491
4974613
5750346
7693945
8665233
4636924
3067933
6761136
2696729
7077149
9626293
3444791
9354691
1313079
4612050
7273640
8900269
7623849
2530894
3723697
3176605
4685270
7196214
1800780
9596178
2831184
8745575
8043182
8806556
4415683
1784730
7097471
7333961
3228029
7846667
2494123
5690274
1150955
5064751
3273352
9512885
6409990
3218085
3670225
3833316
1023440
2056230
7531881
5019406
8587537
3757016
7445811
5042613
6636950
2041431
2459985
9871368
4319588
9184022
2788650
7584570
2137216
3431541
2429201
1577547
5476138
6473923
2966707
5411806
7471746
9675830
5614128
4211507
7387130
5452017
8620389
7077446
9811550
5697070
7112224
6730407
1012721
1023300
4161798
9999284
7071730
4065810
7785377
8471213
9811198
2187733
7197628
6419502
4989782
9943455
8874499
3664994
6332667
3928961
1429006
2162326
3073153
3293267
7337687
8583796
6213313
1727537
9959259
5094401
7942267
3550864
2049077
3248666
8259594
3568761
7456104
2695802
5317505
6643958
2167892
2613176
4401535
4412940
5656309
7015279
4404662
5471968
7221568
3852109
2670114
1162037
6034606
3512777
3371111
2349948
8906837
9733247
9109443
9796197
5487316
3819182
7782221
8063238
4358663
6870940
7710116
8288897
2818451
9545641
1808949
6423507
8215051
8057321
6674119
5938283
1075460
7540510
5220376
3600528
3481957
9707605
9385829
6711047
6070826
1421320
6348101
6939019
9536810
1309725
7093583
2994493
1299775
3582077
9109660
1261302
2270166
9132056
5774103
1896539
8262991
4822646
1687580
8789113
7217189
2571777
1774862
5430578
7502513
5322322
3151060
8953679
5340412
9038954
5629397
6768294
4584723
4008563
8702611
3968878
5891887
5039389
5900494
6081257
5860357
9709749
1106538
4599962
7234050
9954203
7115603
1760695
4940682
2798188
9666694
6630225
3445603
7307272
9333371
5670513
7818709
9081756
4620090
6122685
5470188
9805995
4113794
8339492
3761856
2395329
8768281
1307255
2620003
9426768
2826632
5633033
3697516
2385383
9132726
2269377
4377204
8496872
3190287
3830013
6301918
5137313
5169901
6801777
7154635
8424365
5312415
1332417
9199486
4768836
3618225
8667603
9760501
8671169
5271692
4859992
2848985
1556426
4522454
8564365
7283982
1287222
5191381
6883238
9939678
4025074
2653799
4272498
7812098
9998917
4245828
4716781
8625131
4431053
8724888
4662034
7280287
9627449
4389227
3672024
2956023
5496033
5851466
9189511
5546615
7918747
5630923
3341251
1694678
7700576
4812324
3852912
6191233
4519942
4339516
2646926
5545306
2207439
9540718
6270767
8866095
4011026
5250522
1609695
3095487
1431121
9803350
8310444
8976375
8700515
7806429
2832015
9465765
9537804
6126661
7255514
6611219
2136066
2670550
9923203
3747704
6195784
6430929
1017463
4105283
1255185
8870279
2394563
9308833
9665237
7073683
9202951
9316672
6632952
9499361
2357860
8888356
6891213
2750064
9112088
8842137
9971388
1289573
5846639
5168898
6395516
5195898
9169741
1492585
4694293
4431262
8092121
4982566
2569669
9808014
1646004
7001780
6018574
7408068
4416251
6084658
8368517
8940742
4041306
3922127
1501047
6778033
8625018
4852145
7417240
6549118
9405996
6461167
1080724
8360213
2794086
9639341
2429058
6682417
5508342
9404335
8504965
9977443
6760221
6048809
9813901
5483243
2592382
6534493
1335566
1137748
8423272
5632221
3140703
9701486
4661880
9355715
2106262
5661617
2964554
4594231
4082562
5592144
1491226
3634409
2978242
5330987
3714190
1982982
5769997
8083161
6279495
8012983
3558449
6397941
1888056
6584639
9081064
2933984
6145933
7880309
6045680
8961807
8943776
4704163
3573738
2092052
1277441
7807973
4942614
3750658
8583493
2858493
2885989
9912085
8716160
4840925
9395799
6999001
2696958
6206750
9629118
6838459
4298630
3732696
1159178
5033460
1091656
3135842
6451959
8047220
8168250
5128236
2301805
9113732
5161325
7726395
8347783
3721657
6002621
3384860
7819950
2900397
9736801
8453315
8756078
5715663
8623368
8312901
4905778
6726821
3716501
8078540
2226884
1027647
4582973
5427691
8156416
3022703
8105623
9308402
7932602
7818712
1422715
8582403
7799892
7543869
6612350
7415565
7141909
7372523
1290004
9171152
5623487
7991927
4105552
2787513
9781072
9850212
1797049
6193640
6325700
3361407
2868341
2503216
3168048
7602141
1186771
5641070
7173562
1757536
5251499
1544269
4764224
6412300
9241737
9529753
9547958
8532024
7952227
7326289
1796941
3701722
1495967
7475049
6019504
3463347
9954224
2099480
6282657
2270541
2021586
9612335
5086380
1543649
6602173
3217683
8758506
6692133
5830063
8903596
3682777
8420981
6272238
5115437
7506506
8871368
5931748
5706190
8865155
9081470
7421203
4841456
6544382
2540872
1009676
7814336
3751346
6476912
7433707
8462271
5433273
1637842
6583925
7449993
4398003
7936129
5789565
3019812
7462369
5295662
1043843
6957610
1931356
6453759
6960894
4660634
1024343
4945076
3996205
2296666
6848698
9980103
6452936
6712921
7617489
3826899
6727556
6620916
8338493
8750805
7816296
6547519
7642041
4721314
3276033
6959278
6779584
7228593
7582493
5078443
6206734
4356778
2088966
6762810
8248196
5318517
4532237
1116786
4268848
6956663
8978818
1236022
2441636
8583514
4757953
5988813
2103430
1205741
8745288
2614814
7150488
2029371
5190390
5555751
4247297
3465239
9859902
1687974
4062436
1131015
9556341
2857225
7079912
9924607
8429240
5959779
1504720
5041833
6019602
9786863
3655348
4935219
9391861
5605449
7365080
2961993
5238726
4085226
2089892
5663716
6199878
1660404
8793940
5313418
2604335
3126071
7742592
4453903
8596780
3856218
1623775
2382460
2639365
6957468
6329896
4685822
7570801
7171989
8348257
7133209
5645805
2503800
3529620
3017534
4019092
9773796
7649279
1977754
3617832
5250762
4521707
1894616
4194288
1373720
4260056
1626914
5617114
5123783
5321695
1140211
1023707
2139497
2382344
2203527
9647229
7738295
8668429
7041943
9984505
5007497
7276663
5361079
2914230
8770038
7929656
2516553
6612297
3249725
4104545
7289406
4269789
3028989
9341460
8164851
3569572
3818378
5015413
1785986
4981351
5082928
7566589
9160843
2877515
8423956
1571488
5915906
2213541
9231255
1967168
7958961
5878536
7219710
7560393
8823569
9523741
7620984
9289663
6615460
2892050
9067558
8153485
5576789
7386222
5866513
9886951
2216372
8900508
1738112
7906346
5092996
6800542
3837585
2062171
5552022
3397757
4349321
5501150
2791283
5160710
9764710
9796521
7886254
1733567
2846228
1552040
9566967
5215306
2684318
3503297
8210518
2387721
3403967
2995611
8238135
9353163
4741376
6652427
2129138
6803663
2166548
3252632
8181694
4531895
1049498
4248857
3996054
7328775
6700210
3261107
1661204
1592158
8730451
2881575
6840436
7227292
6841932
6379955
9502491
3927765
7659688
6396432
3997073
5287397
9952510
4839732
2771140
4833589
2228426
8134585
6161726
7559629
3509661
4527039
3402761
7749722
3985988
1798510
8044249
9148242
4781359
9019966
1383978
8806110
8889543
9879170
5316740
5314200
8371124
4482859
6495051
2642670
2377015
4416153
1152707
3362726
2859565
3509488
6391891
1914042
6504941
6917337
4743488
8023022
2928780
9905470
1669573
3919975
5507805
6542442
9424304
1307783
7808318
4951936
9835776
4681503
4832552
9141060
7610174
8450036
6821463
9381839
6433489
3000677
5733186
1779767
8955389
9043612
9179932
8373118
7874941
5805548
5577243
5586346
4643320
4716482
6799120
4947893
4148433
4088551
1775208
6473414
3505387
1293812
3516601
6081753
8387461
9449375
2984248
8717978
3034521
1289566
4558954
3372280
8532803
5993851
4920593
9324792
8863559
1803519
2025993
4342463
2484466
2297465
3054851
5651420
6341197
2733905
9945017
2221878
9033807
1192680
7318490
3047938
5061282
6792307
6786999
5744824
7733128
3999944
8600207
6277879
4932415
8761120
2863727
8831397
3497457
5270662
3265597
5589660
7970040
2080631
5117254
7874426
2277410
8070331
2071326
1480120
8653641
2066747
8175928
5374822
7539621
8287307
6495613
7648437
3741781
9766962
7249961
9518085
5059962
2802833
1537667
4959697
4896030
9298976
9535565
4141543
4286309
3526223
3161061
4500324
8245130
1589692
2694107
4503976
6102573
5925089
2669659
8979222
3339714
7051720
1208891
7832728
5905196
9782481
2732576
2051088
5138755
7911035
1986054
5361074
3340683
5986537
2947678
1361744
5086319
4762280
4287069
9304830
8652910
7113287
5367889
4986416
8601275
9007702
5213294
8542985
6293450
9013554
3952882
9138181
9799793
5921792
7517604
7865889
4397548
5204656
7818884
6498514
7946389
8121805
1061966
8242156
2040331
4728194
6117720
8939157
9374850
1595359
2815494
2326273
8140739
5272780
6172650
8367551
2820396
6752453
4577913
1151084
2747002
4606488
8088995
1415206
9073565
6483955
3021347
1754740
2070389
8969698
5611240
9387788
1038411
3102039
7449970
4208070
3183714
1395883
9632847
9151448
3968431
4668101
5262912
2528185
9548741
6826504
2232719
2122026
6328493
6743994
7371715
7729041
6081813
2633218
3844271
3728185
3842032
2210762
4857055
2859239
2468590
5846878
5567388
2583966
2159093
9525067
9646993
8317078
6817263
9939788
4211013
6076112
5557949
5358721
6757587
2077477
8934716
9487898
6802904
7429888
5955878
1404163
7162269
6526689
8006931
7068552
9588949
7622452
1728968
1380251
9376016
2619250
9927721
9953339
4206504
9342783
1228019
2263240
3061315
2007348
6478876
6664037
2102978
8489630
5395373
4312853
9107832
1383662
8912696
8552113
8202054
6158098
6711942
9128289
1271797
8100460
4185100
9314170
5521006
6872866
4925231
9475255
5379102
6948167
2807740
2069403
6647573
7615728
5804852
5995398
4086568
1423809
2030375
8531326
8923468
9631161
3915679
3610992
5105614
2932547
7356408
7204103
1353752
9110599
7939319
6578261
5161646
4556617
1612455
4352624
7139152
5112425
7103219
3015631
2114074
4908747
4261072
2783493
7610010
4284200
7321265
5369709
3328041
1629293
8825977
3315599
2120717
5134850
6494691
5140354
7758021
8294077
8625206
2283299
6239782
7245552
6463255
4618222
4817509
2542257
4766598
1056410
4841141
6740882
1040877
8182490
1580115
8572817
2159069
9113977
4112271
2387352
4154778
7233293
3076605
8625159
6472361
2985136
6973924
4557288
5075241
7759715
6755726
3579724
2174904
7677005
3212737
9450333
7674775
9153339
6367436
7018540
4686751
1649360
4555925
6013436
7150228
2738967
2690921
7556566
3702778
9890863
7073781
5197015
8319687
3244598
7137484
7563671
9137137
7020393
2363562
5158052
2545009
3290340
3767288
8675863
3181247
4931397
1686407
4311765
2910446
7286574
3458130
1255761
9134139
7243019
9579958
3419736
1795074
8875992
8875381
2788253
3579105
3835031
2172467
7610774
7936832
9257097
5464095
2834623
1477839
2628931
7234069
3887862
5202218
4062051
5684387
5784167
8613907
1708595
9912322
6338889
4146686
8393374
3187111
3303512
7429378
4535801
8039666
9606181
3206061
4055516
6712502
5275964
1036720
7555305
4458993
9218124
5069668
2401748
9761365
4679405
4245164
1065020
3361160
4089493
5981869
6674929
6071824
4952371
6694483
8025591
9736282
6972960
6766149
3819978
6329324
2288986
6915011
7876763
9359281
3381084
7486846
6480746
8296340
9803619
4810688
1242845
5346760
4076314
8654893
2002072
1179950
5114241
4607272
9708269
2888744
1804865
5690810
6694311
3018750
1469348
4208505
3017017
5839054
6813915
5026109
3178188
2413296
8419975
6960511
4203138
4636697
7018740
1917397
6085684
3636912
8234507
8662233
2208291
2781903
7098272
4803281
5430078
9086019
8467492
4597715
8588999
6025007
9768115
6080433
2426323
3757205
7005033
9427427
7708682
1964910
3693209
9359612
1289755
5646907
9911798
6188815
3570260
3958852
4947430
2186530
4311817
7492512
7441212
4911810
2422084
5074830
2962141
9500921
8253332
1300931
1378509
9965509
6321632
1577636
2109131
9009138
2679886
8503813
7937427
1647634
6938032
6759626
8299443
9835019
3773991
7221462
3294448
5015481
5459643
9548649
7529578
1621300
3333193
8071631
9911685
8364733
1667910
9370917
5973818
9905676
1309892
1618630
3798085
4025061
4644002
8651519
8418713
6740940
9996409
4225855
1792897
6957206
2972388
3866179
6553736
6399233
2920000
4778312
4406676
4114069
1862973
8462265
5052895
7190381
7063884
7262570
1142943
3623312
4383026
8413045
3362342
4283260
9176372
2291181
9225004
3576244
4180580
9485817
9216411
1713632
6657091
4035962
9340644
7235150
9425247
7826816
6301121
6939472
2057142
7404233
7937139
4947229
7497276
5589843
9267774
1269683
4917219
6704755
8940601
3543252
6595401
2242830
3827274
8840391
8166878
3781535
4929953
2210858
1137013
7151193
6415460
4009551
5215155
2564119
9427932
2082868
3497743
2250057
2784382
3448262
7017034
2940586
6277253
3467376
6366519
4417263
2552286
3874503
8280548
2486265
9963108
1772953
4982337
8033622
8454085
3658638
1325305
5232996
6031917
8311095
3379823
3250511
7927306
1810878
3420083
7588197
4214624
7891222
4045422
3808855
1474982
4628676
3062850
6137849
7738337
5955317
5892310
5730677
6745256
3662377
3807248
5143765
1873975
5214975
6808084
6492279
6028000
3223113
8207572
2541453
5194247
6751379
4355705
7054908
9752382
3781808
8299146
7940188
6637185
7380773
6044698
9076433
3234370
3985330
8034255
6500393
8338008
8177253
4084897
7447206
4383955
3463920
5658487
5196037
4878083
6565573
3458528
8993624
7029691
8433936
9867393
8051984
3396360
3194525
4401459
7594023
1889567
5386612
8609640
9060900
3480142
9455705
5286933
8623519
6626673
8269688
3669937
1980167
4475481
7695152
2069167
8016473
7626104
3982294
9426690
8612755
3036912
3545932
5971967
7136289
6097277
9054843
2562199
5556720
4619504
5560047
5971829
9271696
5267421
8338105
6848117
7675334
2534624
6114202
8988822
8921042
6368540
6338453
6045913
8210781
2559804
2787837
7631954
9790071
6865174
6100969
7742535
2576175
3178701
8362933
6435032
4962803
3800094
4032345
2587982
3597442
8232526
9097383
9107431
4084040
1439026
2915648
1015689
1426073
7673822
7079303
6716773
2273737
1645994
3919946
1140381
4573194
3308859
5599830
7370426
5649862
3654550
4567730
6974264
6952439
3215363
4784078
1363603
5270269
8401695
1950268
5438526
8865288
2307106
4237902
9736521
6098669
9954372
6111449
7079956
8705053
1079297
4397282
6625065
1512772
3033348
6684264
2506407
3902950
5523124
1458113
5543925
6840216
9471600
8545905
3227371
4123582
3836105
8603103
4386128
6765223
4326080
2263746
9651335
7797745
1836757
5276131
2442299
2977170
5223435
9252956
9279774
1815099
7713673
8835337
4288852
4141587
9571826
3944045
3357774
5477018
6011911
9787295
6221972
7443933
2493139
9832133
4108146
2386681
6809968
5868674
4952999
3911242
5693001
5373691
1963241
9820725
7515823
2231832
2858069
8448860
9421640
4612000
6823095
8580386
6383173
1723061
9331461
1193127
2693403
1885009
5719289
1561949
3430597
5732448
8669191
6604851
1288968
6406600
2425596
7252777
8910591
5881613
3933712
3307101
3783120
3783097
4613333
9500189
7887247
2908619
8271544
2607333
5811394
6102887
5191823
8737978
2136318
4644742
9569396
4532767
4061968
8866654
2584322
4867648
2978694
1996572
2197382
6601548
5888334
6114568
7795824
3986191
9298679
2275673
7018475
9386616
2339088
4941499
6346185
5693752
2577038
5604109
4322610
2615148
9890786
3506767
6064422
7238524
1406531
3974131
1403730
8157692
5196160
4887322
7678960
6554673
3400473
2539363
5775986
8474104
7485934
5212542
2265888
3995435
4606304
7171534
2550832
6643036
8499767
1399512
6640934
1168150
5218340
1944310
6305261
2696370
6850888
1551873
9393613
7554327
4863533
6577374
1815781
5828052
6386068
6588367
2699851
4535938
7984110
1577140
3491081
2168565
4734216
6596178
3923939
5976835
1315833
4711340
1994271
8943416
7093701
4654993
5713741
2141704
3519056
5806926
1334895
6977797
1507219
2839677
9866138
8766043
8028107
9877309
1448438
1978738
7007227
5018987
1918667
2865707
9098847
2886456
8015157
2691949
5916771
5569604
5058081
8769841
3982538
5065627
9628152
1981244
4650188
7304950
2517788
1347389
1739994
1560053
2409858
2115967
1140516
8841266
1908303
1009681
2429406
6554937
1059765
4799139
7202390
8631622
5736336
5889130
8422753
2499791
6909340
5114847
7543711
4077795
7228746
5197556
6642685
5424626
4158476
1982049
1090969
8358095
3274749
5667533
5444259
5901786
4648596
3365688
3727730
5741738
9446130
3332367
9442181
8312954
3762235
7618385
4741060
5988098
6896578
2095713
2643735
3470017
5853936
3877748
6287597
1239273
6732854
3069669
1478207
7004499
3640185
8074326
8797471
5000523
9178622
6500585
3748555
9013078
8293967
2584966
4634262
8827267
2912437
6230888
9986249
3648984
3788726
4596339
3318118
8361245
8574369
4490847
1066527
2880702
2645120
6253715
6979437
6280100
7599885
8640219
3145571
6044564
8480560
9216539
9082867
6055340
3157129
5159576
2841417
5103345
2936465
5924083
8158264
8027342
1171598
5720841
1294490
1544578
6489991
3189137
9326732
6127441
3450477
7994741
3235465
5833877
8439707
3810476
3149454
8830653
9599807
4079670
1684606
6578374
1440594
7897960
4651784
6217728
5409316
9707962
9692982
2173699
6055996
2440055
9827263
1446995
2662943
7730716
3606151
8778985
2570423
3988348
9852517
9068908
9709158
7745562
7310486
6690967
4506691
9020335
9787321
2234388
9003613
2609070
6839211
1893336
4472382
3508294
2438292
6592880
1336953
6889783
8581681
2478644
3484639
7948400
9560075
5826034
1489663
5171888
3010313
1148613
7390357
7881347
7146002
8378647
4270997
4396990
1227822
5369324
5775703
8114493
8742693
5636768
1587853
2831052
7274648
6533860
3038659
6738516
1004447
3226372
7609367
7665968
6099083
5066915
8942810
1402072
3439966
1320114
1565366
9636317
6906887
3248030
4125464
2357710
4614234
7887969
6789296
1214129
9697304
4280996
4221247
1228493
9862443
9893339
2096336
1096903
5357477
8834976
4564875
6106339
7141986
8737787
1405142
6978260
2919819
5473106
7966637
6583599
6774877
4953437
8232292
8700084
9238618
8388268
3607898
7272517
3130942
3837964
8427920
3285972
8049133
4389959
9476771
8795776
4619123
8499955
1777359
4974799
4839860
2924949
4290813
5269209
9800629
7683487
1099886
1221828
1186587
2563807
5515352
1342707
4502507
7923745
8645865
9156156
8725081
7746055
2021378
2009353
5492302
2339334
2079758
7073326
4619804
9154116
6060595
6847356
4716500
2824017
8614776
4942501
4714554
4419667
5342433
7643080
3095311
4802678
8107231
1465423
3194216
8153235
2901363
9125862
3791693
8304095
3385837
4011853
4168453
2912742
1671336
2089538
1661009
3449792
8145416
7027888
6823646
9054301
6078911
9247683
5250094
3178237
6328237
1770120
7820154
9728250
6434334
3779872
1600417
3933881
6045369
7303453
1247836
7921837
7020950
7212031
1433334
8342854
8310216
7954616
9447742
1576378
9979540
3327358
8292135
2326362
8226600
7347473
2853890
9129272
9753623
3923477
5014339
5211102
7910109
4370424
2774081
7281210
2933758
1829543
7284778
9556624
6034444
7470142
1427175
3732455
5193338
5484919
5219700
5159400
9011802
7425772
8682787
1913243
7723702
7140375
6203809
6308612
5961733
2376785
7980761
1907950
1430740
4941192
3957648
8049950
8320319
8637766
9271594
1767754
4328352
7474719
6579979
2863050
7465928
9991371
5196024
7547855
7555085
3885733
4031583
3282491
6352115
4775233
1609261
7427241
3566174
6311884
3904767
5602726
9726798
1211344
8022619
1707254
1339908
4659790
2730888
9390891
5255053
9452153
3553011
1435019
1689941
5298368
8845515
1614545
4699318
3265603
7492312
5276038
8130928
8958185
3283688
8414128
7862004
8108800
7507667
9806204
8293948
4921917
2836800
6360591
9866037
9395327
1873423
5107194
8067720
8037663
9676904
8873350
5914054
8607409
5170556
3787069
9211683
9412352
6833867
4281339
4062828
4982958
8097494
7929092
7831548
6079419
2480239
6365391
7644339
9210624
4897878
5602195
7270424
9882011
3599845
8070480
1460713
8457029
7438198
8474008
8779873
8868545
6298227
3778063
9001786
6413783
8451214
6817128
7739451
6529345
8760499
9208209
9156771
6739909
1339163
2232641
8153191
8458388
8358835
5118672
4003713
4382977
2451061
1319135
3755642
6473669
6025821
2933209
2396114
9604330
1701031
6201866
2837469
9544838
8261135
3025310
7188273
7094338
8804337
8844420
6707221
5729218
3771554
4379243
3853180
2122511
1628207
2707397
5712819
8900011
4812133
9065907
7745047
3307020
6849985
6021944
4124051
4807668
7569633
4251370
2226784
2029535
2725147
8934862
8648558
9752445
7461820
6942682
4420027
1859794
9949876
7675488
9666377
1155116
8168625
3187305
4687645
2163476
1379881
1664535
5013494
2512712
1668932
8702807
8648747
1415264
5547017
1564166
6640969
5059982
8385865
7737867
4775827
1604227
4583297
7114252
1508754
6084543
2418228
5265085
2072656
6364223
7150616
4680413
7056248
7015918
4719055
5430339
1772480
9109405
7855738
6905696
5911458
6300116
8444017
7701470
9527783
5890341
3848590
1525577
9383661
3238397
2551316
8512915
9370603
1952950
4660138
2669990
2601387
5125275
4116980
7834429
8097952
8480282
8446404
4178131
7134728
5654240
4586637
7549832
8884324
6657945
8097233
3021912
6382358
6032118
7589156
6142694
7399610
6061467
3370736
7038576
6089264
5951129
8612234
1102812
5308496
2609064
5186621
2624954
6464656
9899521
4698686
5201011
9878035
2064818
9494921
1353810
6347427
2944667
4855842
7625121
4605840
1487400
8689815
5396143
6523945
3149886
5943260
1513664
3551475
5240051
8967318
1264029
8847784
3175896
6735388
2908860
6923147
7632282
1402763
9185722
2985169
9190201
8773170
7022599
7303049
6651728
6958214
1341242
3959055
6892589
8847663
2144246
8953414
7494730
4831603
1902277
2549917
7083789
1577529
1407339
8471652
8954548
5648033
8620726
9632943
7414460
5554690
5739676
1217986
9757739
2859716
4890492
6706174
4149900
5573936
7594344
9532627
3994563
4814164
5606683
5587038
1803064
1506468
4004167
3519757
2254176
7962246
5435665
3028609
5401930
1725076
5590993
1688900
4715303
9124176
4544156
5004028
6539245
4395035
9042723
5766238
8400156
3959927
1297465
8989559
1992009
1562703
3923640
9158191
9829227
6350947
6564084
6038367
9116188
3240680
8739084
8792069
3328169
5603527
5219285
9416461
3040453
1777997
3239904
1697075
4949546
6725108
5038430
4411574
6255713
9212304
8208243
5576848
3495604
9340213
8992232
2849156
3304889
1132943
9586957
9580726
9803976
3165874
3495558
9400746
1800792
7849868
6759740
2299342
3956726
5587759
8430111
4522625
5695703
7822835
1171737
9730753
1830095
3321788
5821894
3654919
1097834
6419289
3967250
9161854
7661043
6491685
1277315
8423133
2501634
9298809
5104080
8166169
5084491
8637322
6631377
8185982
3191212
4364583
6415728
4840360
7897982
4520390
3804744
9273125
1199759
3644351
1072164
2291766
2446654
8098777
2172282
3188342
3433543
1129533
7990609
5305482
8960785
6444592
8554160
3661370
9294846
1542133
6403337
9485783
9753731
2988730
7764509
9258829
3456984
3211825
9163416
8647859
3824961
7858931
4870711
2486625
9216509
1187753
3576401
2085042
7174045
1014931
1397563
6286299
1233513
6613028
9821728
5758050
4209799
2774709
6942680
1477315
3763861
6806034
2285367
3680087
8410616
5218675
8942617
9603374
1595685
2740348
4170252
8225439
1856503
8835495
2874774
8792430
8241737
4554000
7418512
8855693
8533214
6341473
2287329
8107582
3295919
7073215
6411791
8010904
7135868
6371717
6121179
1295128
5590749
9427009
7957356
8791395
1030115
4873260
2238295
1786185
3210090
9767814
3174692
9813420
3402873
3225489
5393315
7247018
1834036
3082196
3045800
7778695
9796689
2201228
6426636
1699695
3483441
4635286
9354598
2053339
1450432
5201824
3795889
1962378
4749856
1900841
4498798
9202738
8878851
9576726
8746525
1801166
3962479
2734871
4854039
9924915
6478686
1654690
9492183
7491742
1692501
8500734
3707954
1836209
2147652
2720547
7958700
2694478
5030727
9356344
2417956
8381515
5852516
6241837
9388505
4214967
8584958
9955459
7702502
5194475
4898032
5494377
3124756
4455629
3118173
6080384
9298911
5500522
8387142
6984241
6025618
2053899
6271661
1462918
5899902
6215489
3521873
8340919
8515432
1381715
1000930
4988246
8473218
6460776
6715799
9547933
9420885
9835512
6504405
5710542
8464820
5855224
7481755
9108116
6746132
3980295
4771923
7100665
2467162
9295170
4882098
8464047
4106860
4044119
8698314
6320499
5221420
2603048
7071775
8811663
2217673
6863831
6752705
7211759
3336816
3489329
1863545
1487583
8131811
3802734
7516215
5982987
5320648
1239624
6003002
7442375
3014652
5657290
9852985
7323473
2495033
9493276
4394761
8581148
3869237
6232980
9630766
5356750
1145060
9654887
3628367
9198396
9048423
9133888
1783676
6864404
8695494
1709336
2641139
1973092
9321228
9674759
3230443
5747370
7214730
4140339
5289344
3064259
6423086
6189383
9887887
1205553
2623771
4316046
7339459
3905415
2780844
7738928
4090825
1008086
7087917
6834796
6009544
7340637
8176610
4837591
5884972
9485149
1878540
6791517
1536852
8460667
9278544
6595893
8547114
5445250
4266049
1853289
8379466
7390168
9884824
5865215
4468358
9594864
4803938
2190178
5351641
4546320
1718402
4265589
5399729
2181676
5103704
8271129
2246554
8927435
2098394
3441821
6984224
5768945
4158785
8447614
7021308
7717509
3082094
3134311
3741523
6908636
6468438
5179187
5528946
6843566
7943955
3091136
8557397
5801583
1556636
5347695
7508874
4697865
3963559
5709458
9245528
1171136
8889605
6899957
3282765
4421438
2564558
4065328
9306033
7874888
5141606
7357860
6320252
4360954
5838376
8441828
3916398
5663751
4452041
8116767
6441943
7928283
4327263
1933068
5407741
7068797
6880818
7913108
2338310
3326183
5211659
3014670
6379238
4738065
8013420
1088912
7349434
2599125
3351352
4643274
5139269
1122363
7380995
2938047
4568547
8477937
2440812
4559206
7240275
4703036
8027778
5706790
5037274
4693218
4324924
9503409
6644861
6025347
1881212
3362955
7122757
2713013
1486510
8013075
8689841
1802975
1988493
4246113
7056632
1013113
3028414
2769457
8675006
8762434
9300184
7877991
2350177
5772458
9506523
5877540
7247659
6877378
8871880
8957272
9453337
3498633
3014577
9103129
2724733
8305520
1069322
6061563
4052376
8217617
1068775
7426088
9361595
5978899
6964711
8515010
4067624
4599777
5881081
8155623
1401355
6200845
5500717
7830997
2537478
3492350
5746557
4141102
5540021
3262650
9073661
1611790
1273190
5247088
6733024
2855907
8399069
3628357
9830500
5955748
6071214
4208627
7029120
4323301
1640260
9508013
2198740
4241002
4653720
1996862
7528153
7631083
5869397
3078858
2219754
8190695
1610675
6662045
5826890
8750340
2317874
4869171
9130207
4918638
8832705
7155513
9841991
8998294
1556318
6481274
1491641
3187886
2571904
4900276
2465831
6130250
9145026
1398780
9659858
2807353
7143890
3230711
2840053
1615860
1768947
2426420
7803158
6620671
4105343
8922038
7968657
5689574
2843928
8865942
2176151
5630442
8610408
6751897
7186671
7429484
4915663
4978974
8251187
4405609
9162197
5286628
7192661
3390807
2322895
9281041
5417122
5566743
3009222
5331501
7712438
4642620
3082557
2436153
7075946
2752603
5701179
4384426
1190692
7061764
2749169
7881715
7757973
2697544
2609181
6107066
9713879
9859612
5261792
9925842
8720888
6457341
4361501
1437042
5890521
3071020
9219834
5716692
3722132
2372716
9473618
9412240
9298357
3673898
7395820
2302969
1427374
2955661
6830997
6544905
9995521
2626047
4963781
6174457
1287929
9881618
5738792
4375980
9852665
9424382
4210666
8059709
6913040
9768994
7979808
9203014
9424789
1654346
8949316
3961003
8924031
5819536
9442176
9361999
4309552
9483638
5889758
2071157
4194546
5868036
6606735
5138002
4911833
2728661
9783754
2464585
4128586
3374823
5432823
3947359
6524235
8308978
9977676
1812160
6950789
1425040
8734463
1511338
5216231
8346343
6688244
9198001
6857812
6003028
8802808
5913451
2945695
2200192
7815670
8254293
5122573
9331175
5122681
2749541
2258011
5064791
6335514
2167194
9975057
8870110
7264052
5831826
5978959
5120920
4379486
2776691
4895518
7789208
2562233
1064939
3251544
9404052
9515098
9540156
5152244
4987270
4122312
6582635
5430620
2376320
3251353
6292328
4059649
3993088
2925009
5738483
3148065
3217261
1579989
8090365
1468766
3339921
9333535
2578301
5948899
5051440
6527265
9470549
6452690
9722248
6384934
8415276
6002888
2202314
4038558
1795925
6153405
1107831
6721842
9422888
6316621
2148655
6645809
3553271
7795044
2165806
5772249
5313852
5413769
5659000
5540145
8738930
4654681
9716023
7645518
6285537
4964047
8950338
2902916
6111662
8197618
3826937
3568807
7124939
3427583
5774447
2467809
3395443
2844151
6899144
2368669
7570377
1107156
8003235
1279845
1333273
6995807
5199081
1642817
9922503
8445757
1679414
4609616
3080864
9687618
4674904
4960603
5360654
9344861
4480895
4583543
8076943
1650086
3437308
7161675
4830816
4584877
7968109
4607234
9772831
4849956
9940055
2510954
3706407
8867607
7086277
1958933
5623471
8963762
1951761
2725711
5628893
3892123
1988481
6012609
3938895
6662401
6156380
7487205
3987835
1362652
6961725
9179827
6434752
5436262
1625719
4732482
1719396
7248945
9054666
1333793
4749656
3200299
3005510
1116208
6590041
6916055
4123333
1397586
8040449
6947117
4710646
1125821
7273541
8962891
5114888
8802997
3136200
5779165
5074987
7114933
3965865
6153731
7065621
1202110
6956896
2121321
4968484
8760061
2821767
5987892
5890592
6115111
4079703
3801971
6910707
6297295
8453016
4135971
1732668
2601819
3969006
6532551
3571632
3235155
1007336
4584015
8242658
7333691
1124171
4415127
9076821
8480442
5568823
5573035
4353784
8691779
4033936
8610753
4778010
8942362
7641080
5160518
8683998
6257083
2442971
5732309
8672872
7918736
6448828
2890829
8881416
7949616
6648694
2244593
6063567
8359839
9759230
2244605
5907761
4861339
6580647
4352511
5315234
6674044
3218694
6733732
1200052
5054415
6520344
3752356
5101888
3493156
2299856
3617783
5530939
1664109
5982909
5945497
1042484
7059865
2199108
8574187
8424355
9879930
1781443
9252083
8288628
1016587
9537006
3687007
4997804
1938325
6578685
6015157
3214603
1999939
5044221
1843149
8638139
3533644
4738111
1801243
2259344
5238632
2227910
3997343
3414577
2304558
2235181
4336726
4580814
2479676
1410785
4372374
6803436
9663520
6234466
4597405
8248477
3943534
8428048
7218419
2288803
5946770
1884324
2932912
1630326
2440144
5558053
7062008
4588700
7197057
4863605
5119070
7771017
4057568
9096659
3196013
2903247
6744069
8200666
6906270
4510160
8923281
9097922
8722574
5114714
5174578
8565662
4262951
4751339
4091633
1298574
8091274
9677878
5640297
5195285
2112170
5689596
7733562
5279134
8342259
3784262
2953982
8071251
1008036
4430411
8741395
9964887
9438307
1686925
8617250
2734693
4829943
5097073
8350143
2820880
3858203
6035191
4116801
5264140
4334264
7804927
3861954
6785861
6660931
7411093
5066499
4366504
7897705
5025862
2293217
8577007
3196015
5853227
5071484
7162617
1646655
5763982
8067594
4893905
9899431
3569459
3690446
6229573
4155874
6340897
6401078
7682618
7035836
4368506
8256924
2745463
3847594
9455743
5637996
3146328
4996912
7859152
6641006
2719668
2041998
1006826
6288022
7058281
2854316
5304474
7583666
2399022
1848285
7034514
9722835
4492161
1316986
2251409
1260504
6933067
9338735
2440000
8699790
3636161
4996211
2568403
1499347
5584405
6168571
7952549
6482300
9413917
3730663
6276631
7844652
5732841
6470145
5734522
6800472
1947931
8109130
2003683
1194065
2975699
3606759
8243047
9683608
1217400
9215267
2777439
9223544
4022150
7012510
7404006
3853104
7642669
4279526
1676570
9044278
7823726
1377836
2815895
4444068
7394708
8520561
9734050
9755773
3814145
3754554
8283933
3890183
1244766
1009353
1165014
2904255
6242631
6552525
6663109
7069057
4299502
6845500
2549086
7610886
3672479
9911495
9440332
5615195
8972829
1979910
4083335
4924126
3429868
5426341
5765127
1020851
5744078
1741214
4497801
5288207
8301841
5563872
9764370
1073892
4261889
5627808
1127963
8544246
3248251
4958574
2765556
1753141
8516874
7783603
8854596
8213587
4378462
4717529
6260648
6024359
9978466
3680651
7837434
9771338
5993252
9907349
2562308
2922321
6896771
4633086
9878149
9185764
4993180
6283132
3026171
6611990
1853309
1593784
4880970
4779622
7201974
2736676
6294733
9287244
8722061
2323889
4100322
4961742
7173954
5213997
9313419
8032548
9555467
5222196
8338475
6816795
2108752
8052438
6932062
4845039
1131594
4620104
7844068
3790756
6545392
1169607
7348391
6680685
5190794
1261193
3232347
2640629
6773129
5974213
5728006
7974334
5086903
9091902
7048793
5614648
2713260
2127363
6550365
9808763
7144785
9773227
2571242
7123416
6526688
4037494
6341268
7398380
5967187
4686894
8483103
4744997
6383621
1349414
3586414
7441074
6750015
8005179
1647814
8456557
4795028
3400042
1053304
3030500
6552607
7965578
3577407
9995103
8582667
6522635
4891231
5504660
9497507
1221582
1711623
1053321
8391132
4910646
8524368
5941912
8540792
7607470
8700279
2590041
2785996
1895220
9261880
1501604
6326172
7299510
4174500
7922661
6260734
8846403
3453044
3424717
6375445
6315781
6687974
4297413
1827912
8176133
5297319
8184781
6910250
9246262
5983450
3102438
5310066
8823174
4186521
4513484
7996014
8415545
1590723
8634175
9264629
5751232
2467685
8454379
2486602
1029185
8748403
6799470
5392688
3624776
6150664
2804545
2125290
7835070
2499708
9007850
9122178
3504952
7159887
3198488
1759997
2552963
8497964
9061592
4820461
3408597
4766215
1906903
8557456
4166527
4065202
7313424
6724311
9269201
4967285
5569087
3109705
2717365
5193700
5679711
2271385
9614489
5338398
3801664
1912846
9943934
8252467
1214957
7369634
2259037
6909285
7045564
2195101
9635308
5255739
1091950
3154035
4634749
4976659
8825257
5992924
8941983
7158662
9901315
7764818
8441728
9790856
9872537
6157945
7066371
2382440
8521616
9976466
9409413
5945732
7496411
9929648
2382789
6538514
4374246
9401663
8671340
3948355
8203842
8452674
8248851
1841297
6184112
6166885
7411772
3960619
1726059
4381450
6074179
9556686
2502112
6682840
6899189
9242670
4299888
9596152
8108984
1146845
2118457
7981786
7471965
6169180
1185474
6912065
8616979
4838984
7238501
9674562
1309661
6411960
4368344
9304731
4165070
2725564
5394415
1944626
5757891
4439120
6512403
5116971
6463537
2763729
1516583
6164350
9219736
1826719
2538725
4779225
1131151
5597549
5789939
3452186
4138105
6180045
3379355
4605296
7669008
6983191
5158938
2643379
9453808
2706988
2454681
5304585
8420374
1733342
3380466
7970322
7862338
9564978
2768044
4365487
1258410
9940961
9245233
8363239
6314137
5782020
9955447
8762194
1447743
2272750
9759269
7718722
5688409
6881887
3038752
9135910
2589611
6925854
2320582
7390377
3951205
9210119
8050042
5619147
1603867
