1000
3131600
3131601
3131602
3131603
3131604
3131605
3131606
3131607
3131608
3131609
3131610
3131611
3131612
3131613
3131614
3131615
3131616
3131617
3131618
3131619
3131620
3131621
3131622
3131623
3131624
3131625
3131626
3131627
3131628
3131629
3131630
3131631
3131632
3131633
3131634
3131635
3131636
3131637
3131638
3131639
3131640
3131641
3131642
3131643
3131644
3131645
3131646
3131647
3131648
3131649
3131650
3131651
3131652
3131653
3131654
3131655
3131656
3131657
3131658
3131659
3131660
3131661
3131662
3131663
3131664
3131665
3131666
3131667
3131668
3131669
3131670
3131671
3131672
3131673
3131674
3131675
3131676
3131677
3131678
3131679
3131680
3131681
3131682
3131683
3131684
3131685
3131686
3131687
3131688
3131689
3131690
3131691
3131692
3131693
3131694
3131695
3131696
3131697
3131698
3131699
3131700
3131701
3131702
3131703
3131704
3131705
3131706
3131707
3131708
3131709
3131710
3131711
3131712
3131713
3131714
3131715
3131716
3131717
3131718
3131719
3131720
3131721
3131722
3131723
3131724
3131725
3131726
3131727
3131728
3131729
3131730
3131731
3131732
3131733
3131734
3131735
3131736
3131737
3131738
3131739
3131740
3131741
3131742
3131743
3131744
3131745
3131746
3131747
3131748
3131749
3131750
3131751
3131752
3131753
3131754
3131755
3131756
3131757
3131758
3131759
3131760
3131761
3131762
3131763
3131764
3131765
3131766
3131767
3131768
3131769
3131770
3131771
3131772
3131773
3131774
3131775
3131776
3131777
3131778
3131779
3131780
3131781
3131782
3131783
3131784
3131785
3131786
3131787
3131788
3131789
3131790
3131791
3131792
3131793
3131794
3131795
3131796
3131797
3131798
3131799
3131800
3131801
3131802
3131803
3131804
3131805
3131806
3131807
3131808
3131809
3131810
3131811
3131812
3131813
3131814
3131815
3131816
3131817
3131818
3131819
3131820
3131821
3131822
3131823
3131824
3131825
3131826
3131827
3131828
3131829
3131830
3131831
3131832
3131833
3131834
3131835
3131836
3131837
3131838
3131839
3131840
3131841
3131842
3131843
3131844
3131845
3131846
3131847
3131848
3131849
3131850
3131851
3131852
3131853
3131854
3131855
3131856
3131857
3131858
3131859
3131860
3131861
3131862
3131863
3131864
3131865
3131866
3131867
3131868
3131869
3131870
3131871
3131872
3131873
3131874
3131875
3131876
3131877
3131878
3131879
3131880
3131881
3131882
3131883
3131884
3131885
3131886
3131887
3131888
3131889
3131890
3131891
3131892
3131893
3131894
3131895
3131896
3131897
3131898
3131899
3131900
3131901
3131902
3131903
3131904
3131905
3131906
3131907
3131908
3131909
3131910
3131911
3131912
3131913
3131914
3131915
3131916
3131917
3131918
3131919
3131920
3131921
3131922
3131923
3131924
3131925
3131926
3131927
3131928
3131929
3131930
3131931
3131932
3131933
3131934
3131935
3131936
3131937
3131938
3131939
3131940
3131941
3131942
3131943
3131944
3131945
3131946
3131947
3131948
3131949
3131950
3131951
3131952
3131953
3131954
3131955
3131956
3131957
3131958
3131959
3131960
3131961
3131962
3131963
3131964
3131965
3131966
3131967
3131968
3131969
3131970
3131971
3131972
3131973
3131974
3131975
3131976
3131977
3131978
3131979
3131980
3131981
3131982
3131983
3131984
3131985
3131986
3131987
3131988
3131989
3131990
3131991
3131992
3131993
3131994
3131995
3131996
3131997
3131998
3131999
3132000
3132001
3132002
3132003
3132004
3132005
3132006
3132007
3132008
3132009
3132010
3132011
3132012
3132013
3132014
3132015
3132016
3132017
3132018
3132019
3132020
3132021
3132022
3132023
3132024
3132025
3132026
3132027
3132028
3132029
3132030
3132031
3132032
3132033
3132034
3132035
3132036
3132037
3132038
3132039
3132040
3132041
3132042
3132043
3132044
3132045
3132046
3132047
3132048
3132049
3132050
3132051
3132052
3132053
3132054
3132055
3132056
3132057
3132058
3132059
3132060
3132061
3132062
3132063
3132064
3132065
3132066
3132067
3132068
3132069
3132070
3132071
3132072
3132073
3132074
3132075
3132076
3132077
3132078
3132079
3132080
3132081
3132082
3132083
3132084
3132085
3132086
3132087
3132088
3132089
3132090
3132091
3132092
3132093
3132094
3132095
3132096
3132097
3132098
3132099
3132100
3132101
3132102
3132103
3132104
3132105
3132106
3132107
3132108
3132109
3132110
3132111
3132112
3132113
3132114
3132115
3132116
3132117
3132118
3132119
3132120
3132121
3132122
3132123
3132124
3132125
3132126
3132127
3132128
3132129
3132130
3132131
3132132
3132133
3132134
3132135
3132136
3132137
3132138
3132139
3132140
3132141
3132142
3132143
3132144
3132145
3132146
3132147
3132148
3132149
3132150
3132151
3132152
3132153
3132154
3132155
3132156
3132157
3132158
3132159
3132160
3132161
3132162
3132163
3132164
3132165
3132166
3132167
3132168
3132169
3132170
3132171
3132172
3132173
3132174
3132175
3132176
3132177
3132178
3132179
3132180
3132181
3132182
3132183
3132184
3132185
3132186
3132187
3132188
3132189
3132190
3132191
3132192
3132193
3132194
3132195
3132196
3132197
3132198
3132199
3132200
3132201
3132202
3132203
3132204
3132205
3132206
3132207
3132208
3132209
3132210
3132211
3132212
3132213
3132214
3132215
3132216
3132217
3132218
3132219
3132220
3132221
3132222
3132223
3132224
3132225
3132226
3132227
3132228
3132229
3132230
3132231
3132232
3132233
3132234
3132235
3132236
3132237
3132238
3132239
3132240
3132241
3132242
3132243
3132244
3132245
3132246
3132247
3132248
3132249
3132250
3132251
3132252
3132253
3132254
3132255
3132256
3132257
3132258
3132259
3132260
3132261
3132262
3132263
3132264
3132265
3132266
3132267
3132268
3132269
3132270
3132271
3132272
3132273
3132274
3132275
3132276
3132277
3132278
3132279
3132280
3132281
3132282
3132283
3132284
3132285
3132286
3132287
3132288
3132289
3132290
3132291
3132292
3132293
3132294
3132295
3132296
3132297
3132298
3132299
3132300
3132301
3132302
3132303
3132304
3132305
3132306
3132307
3132308
3132309
3132310
3132311
3132312
3132313
3132314
3132315
3132316
3132317
3132318
3132319
3132320
3132321
3132322
3132323
3132324
3132325
3132326
3132327
3132328
3132329
3132330
3132331
3132332
3132333
3132334
3132335
3132336
3132337
3132338
3132339
3132340
3132341
3132342
3132343
3132344
3132345
3132346
3132347
3132348
3132349
3132350
3132351
3132352
3132353
3132354
3132355
3132356
3132357
3132358
3132359
3132360
3132361
3132362
3132363
3132364
3132365
3132366
3132367
3132368
3132369
3132370
3132371
3132372
3132373
3132374
3132375
3132376
3132377
3132378
3132379
3132380
3132381
3132382
3132383
3132384
3132385
3132386
3132387
3132388
3132389
3132390
3132391
3132392
3132393
3132394
3132395
3132396
3132397
3132398
3132399
3132400
3132401
3132402
3132403
3132404
3132405
3132406
3132407
3132408
3132409
3132410
3132411
3132412
3132413
3132414
3132415
3132416
3132417
3132418
3132419
3132420
3132421
3132422
3132423
3132424
3132425
3132426
3132427
3132428
3132429
3132430
3132431
3132432
3132433
3132434
3132435
3132436
3132437
3132438
3132439
3132440
3132441
3132442
3132443
3132444
3132445
3132446
3132447
3132448
3132449
3132450
3132451
3132452
3132453
3132454
3132455
3132456
3132457
3132458
3132459
3132460
3132461
3132462
3132463
3132464
3132465
3132466
3132467
3132468
3132469
3132470
3132471
3132472
3132473
3132474
3132475
3132476
3132477
3132478
3132479
3132480
3132481
3132482
3132483
3132484
3132485
3132486
3132487
3132488
3132489
3132490
3132491
3132492
3132493
3132494
3132495
3132496
3132497
3132498
3132499
3132500
3132501
3132502
3132503
3132504
3132505
3132506
3132507
3132508
3132509
3132510
3132511
3132512
3132513
3132514
3132515
3132516
3132517
3132518
3132519
3132520
3132521
3132522
3132523
3132524
3132525
3132526
3132527
3132528
3132529
3132530
3132531
3132532
3132533
3132534
3132535
3132536
3132537
3132538
3132539
3132540
3132541
3132542
3132543
3132544
3132545
3132546
3132547
3132548
3132549
3132550
3132551
3132552
3132553
3132554
3132555
3132556
3132557
3132558
3132559
3132560
3132561
3132562
3132563
3132564
3132565
3132566
3132567
3132568
3132569
3132570
3132571
3132572
3132573
3132574
3132575
3132576
3132577
3132578
3132579
3132580
3132581
3132582
3132583
3132584
3132585
3132586
3132587
3132588
3132589
3132590
3132591
3132592
3132593
3132594
3132595
3132596
3132597
3132598
3132599
