1000
633400
633401
633402
633403
633404
633405
633406
633407
633408
633409
633410
633411
633412
633413
633414
633415
633416
633417
633418
633419
633420
633421
633422
633423
633424
633425
633426
633427
633428
633429
633430
633431
633432
633433
633434
633435
633436
633437
633438
633439
633440
633441
633442
633443
633444
633445
633446
633447
633448
633449
633450
633451
633452
633453
633454
633455
633456
633457
633458
633459
633460
633461
633462
633463
633464
633465
633466
633467
633468
633469
633470
633471
633472
633473
633474
633475
633476
633477
633478
633479
633480
633481
633482
633483
633484
633485
633486
633487
633488
633489
633490
633491
633492
633493
633494
633495
633496
633497
633498
633499
633500
633501
633502
633503
633504
633505
633506
633507
633508
633509
633510
633511
633512
633513
633514
633515
633516
633517
633518
633519
633520
633521
633522
633523
633524
633525
633526
633527
633528
633529
633530
633531
633532
633533
633534
633535
633536
633537
633538
633539
633540
633541
633542
633543
633544
633545
633546
633547
633548
633549
633550
633551
633552
633553
633554
633555
633556
633557
633558
633559
633560
633561
633562
633563
633564
633565
633566
633567
633568
633569
633570
633571
633572
633573
633574
633575
633576
633577
633578
633579
633580
633581
633582
633583
633584
633585
633586
633587
633588
633589
633590
633591
633592
633593
633594
633595
633596
633597
633598
633599
633600
633601
633602
633603
633604
633605
633606
633607
633608
633609
633610
633611
633612
633613
633614
633615
633616
633617
633618
633619
633620
633621
633622
633623
633624
633625
633626
633627
633628
633629
633630
633631
633632
633633
633634
633635
633636
633637
633638
633639
633640
633641
633642
633643
633644
633645
633646
633647
633648
633649
633650
633651
633652
633653
633654
633655
633656
633657
633658
633659
633660
633661
633662
633663
633664
633665
633666
633667
633668
633669
633670
633671
633672
633673
633674
633675
633676
633677
633678
633679
633680
633681
633682
633683
633684
633685
633686
633687
633688
633689
633690
633691
633692
633693
633694
633695
633696
633697
633698
633699
633700
633701
633702
633703
633704
633705
633706
633707
633708
633709
633710
633711
633712
633713
633714
633715
633716
633717
633718
633719
633720
633721
633722
633723
633724
633725
633726
633727
633728
633729
633730
633731
633732
633733
633734
633735
633736
633737
633738
633739
633740
633741
633742
633743
633744
633745
633746
633747
633748
633749
633750
633751
633752
633753
633754
633755
633756
633757
633758
633759
633760
633761
633762
633763
633764
633765
633766
633767
633768
633769
633770
633771
633772
633773
633774
633775
633776
633777
633778
633779
633780
633781
633782
633783
633784
633785
633786
633787
633788
633789
633790
633791
633792
633793
633794
633795
633796
633797
633798
633799
633800
633801
633802
633803
633804
633805
633806
633807
633808
633809
633810
633811
633812
633813
633814
633815
633816
633817
633818
633819
633820
633821
633822
633823
633824
633825
633826
633827
633828
633829
633830
633831
633832
633833
633834
633835
633836
633837
633838
633839
633840
633841
633842
633843
633844
633845
633846
633847
633848
633849
633850
633851
633852
633853
633854
633855
633856
633857
633858
633859
633860
633861
633862
633863
633864
633865
633866
633867
633868
633869
633870
633871
633872
633873
633874
633875
633876
633877
633878
633879
633880
633881
633882
633883
633884
633885
633886
633887
633888
633889
633890
633891
633892
633893
633894
633895
633896
633897
633898
633899
633900
633901
633902
633903
633904
633905
633906
633907
633908
633909
633910
633911
633912
633913
633914
633915
633916
633917
633918
633919
633920
633921
633922
633923
633924
633925
633926
633927
633928
633929
633930
633931
633932
633933
633934
633935
633936
633937
633938
633939
633940
633941
633942
633943
633944
633945
633946
633947
633948
633949
633950
633951
633952
633953
633954
633955
633956
633957
633958
633959
633960
633961
633962
633963
633964
633965
633966
633967
633968
633969
633970
633971
633972
633973
633974
633975
633976
633977
633978
633979
633980
633981
633982
633983
633984
633985
633986
633987
633988
633989
633990
633991
633992
633993
633994
633995
633996
633997
633998
633999
634000
634001
634002
634003
634004
634005
634006
634007
634008
634009
634010
634011
634012
634013
634014
634015
634016
634017
634018
634019
634020
634021
634022
634023
634024
634025
634026
634027
634028
634029
634030
634031
634032
634033
634034
634035
634036
634037
634038
634039
634040
634041
634042
634043
634044
634045
634046
634047
634048
634049
634050
634051
634052
634053
634054
634055
634056
634057
634058
634059
634060
634061
634062
634063
634064
634065
634066
634067
634068
634069
634070
634071
634072
634073
634074
634075
634076
634077
634078
634079
634080
634081
634082
634083
634084
634085
634086
634087
634088
634089
634090
634091
634092
634093
634094
634095
634096
634097
634098
634099
634100
634101
634102
634103
634104
634105
634106
634107
634108
634109
634110
634111
634112
634113
634114
634115
634116
634117
634118
634119
634120
634121
634122
634123
634124
634125
634126
634127
634128
634129
634130
634131
634132
634133
634134
634135
634136
634137
634138
634139
634140
634141
634142
634143
634144
634145
634146
634147
634148
634149
634150
634151
634152
634153
634154
634155
634156
634157
634158
634159
634160
634161
634162
634163
634164
634165
634166
634167
634168
634169
634170
634171
634172
634173
634174
634175
634176
634177
634178
634179
634180
634181
634182
634183
634184
634185
634186
634187
634188
634189
634190
634191
634192
634193
634194
634195
634196
634197
634198
634199
634200
634201
634202
634203
634204
634205
634206
634207
634208
634209
634210
634211
634212
634213
634214
634215
634216
634217
634218
634219
634220
634221
634222
634223
634224
634225
634226
634227
634228
634229
634230
634231
634232
634233
634234
634235
634236
634237
634238
634239
634240
634241
634242
634243
634244
634245
634246
634247
634248
634249
634250
634251
634252
634253
634254
634255
634256
634257
634258
634259
634260
634261
634262
634263
634264
634265
634266
634267
634268
634269
634270
634271
634272
634273
634274
634275
634276
634277
634278
634279
634280
634281
634282
634283
634284
634285
634286
634287
634288
634289
634290
634291
634292
634293
634294
634295
634296
634297
634298
634299
634300
634301
634302
634303
634304
634305
634306
634307
634308
634309
634310
634311
634312
634313
634314
634315
634316
634317
634318
634319
634320
634321
634322
634323
634324
634325
634326
634327
634328
634329
634330
634331
634332
634333
634334
634335
634336
634337
634338
634339
634340
634341
634342
634343
634344
634345
634346
634347
634348
634349
634350
634351
634352
634353
634354
634355
634356
634357
634358
634359
634360
634361
634362
634363
634364
634365
634366
634367
634368
634369
634370
634371
634372
634373
634374
634375
634376
634377
634378
634379
634380
634381
634382
634383
634384
634385
634386
634387
634388
634389
634390
634391
634392
634393
634394
634395
634396
634397
634398
634399
