1000
5000000
5000001
5000002
5000003
5000004
5000005
5000006
5000007
5000008
5000009
5000010
5000011
5000012
5000013
5000014
5000015
5000016
5000017
5000018
5000019
5000020
5000021
5000022
5000023
5000024
5000025
5000026
5000027
5000028
5000029
5000030
5000031
5000032
5000033
5000034
5000035
5000036
5000037
5000038
5000039
5000040
5000041
5000042
5000043
5000044
5000045
5000046
5000047
5000048
5000049
5000050
5000051
5000052
5000053
5000054
5000055
5000056
5000057
5000058
5000059
5000060
5000061
5000062
5000063
5000064
5000065
5000066
5000067
5000068
5000069
5000070
5000071
5000072
5000073
5000074
5000075
5000076
5000077
5000078
5000079
5000080
5000081
5000082
5000083
5000084
5000085
5000086
5000087
5000088
5000089
5000090
5000091
5000092
5000093
5000094
5000095
5000096
5000097
5000098
5000099
5000100
5000101
5000102
5000103
5000104
5000105
5000106
5000107
5000108
5000109
5000110
5000111
5000112
5000113
5000114
5000115
5000116
5000117
5000118
5000119
5000120
5000121
5000122
5000123
5000124
5000125
5000126
5000127
5000128
5000129
5000130
5000131
5000132
5000133
5000134
5000135
5000136
5000137
5000138
5000139
5000140
5000141
5000142
5000143
5000144
5000145
5000146
5000147
5000148
5000149
5000150
5000151
5000152
5000153
5000154
5000155
5000156
5000157
5000158
5000159
5000160
5000161
5000162
5000163
5000164
5000165
5000166
5000167
5000168
5000169
5000170
5000171
5000172
5000173
5000174
5000175
5000176
5000177
5000178
5000179
5000180
5000181
5000182
5000183
5000184
5000185
5000186
5000187
5000188
5000189
5000190
5000191
5000192
5000193
5000194
5000195
5000196
5000197
5000198
5000199
5000200
5000201
5000202
5000203
5000204
5000205
5000206
5000207
5000208
5000209
5000210
5000211
5000212
5000213
5000214
5000215
5000216
5000217
5000218
5000219
5000220
5000221
5000222
5000223
5000224
5000225
5000226
5000227
5000228
5000229
5000230
5000231
5000232
5000233
5000234
5000235
5000236
5000237
5000238
5000239
5000240
5000241
5000242
5000243
5000244
5000245
5000246
5000247
5000248
5000249
5000250
5000251
5000252
5000253
5000254
5000255
5000256
5000257
5000258
5000259
5000260
5000261
5000262
5000263
5000264
5000265
5000266
5000267
5000268
5000269
5000270
5000271
5000272
5000273
5000274
5000275
5000276
5000277
5000278
5000279
5000280
5000281
5000282
5000283
5000284
5000285
5000286
5000287
5000288
5000289
5000290
5000291
5000292
5000293
5000294
5000295
5000296
5000297
5000298
5000299
5000300
5000301
5000302
5000303
5000304
5000305
5000306
5000307
5000308
5000309
5000310
5000311
5000312
5000313
5000314
5000315
5000316
5000317
5000318
5000319
5000320
5000321
5000322
5000323
5000324
5000325
5000326
5000327
5000328
5000329
5000330
5000331
5000332
5000333
5000334
5000335
5000336
5000337
5000338
5000339
5000340
5000341
5000342
5000343
5000344
5000345
5000346
5000347
5000348
5000349
5000350
5000351
5000352
5000353
5000354
5000355
5000356
5000357
5000358
5000359
5000360
5000361
5000362
5000363
5000364
5000365
5000366
5000367
5000368
5000369
5000370
5000371
5000372
5000373
5000374
5000375
5000376
5000377
5000378
5000379
5000380
5000381
5000382
5000383
5000384
5000385
5000386
5000387
5000388
5000389
5000390
5000391
5000392
5000393
5000394
5000395
5000396
5000397
5000398
5000399
5000400
5000401
5000402
5000403
5000404
5000405
5000406
5000407
5000408
5000409
5000410
5000411
5000412
5000413
5000414
5000415
5000416
5000417
5000418
5000419
5000420
5000421
5000422
5000423
5000424
5000425
5000426
5000427
5000428
5000429
5000430
5000431
5000432
5000433
5000434
5000435
5000436
5000437
5000438
5000439
5000440
5000441
5000442
5000443
5000444
5000445
5000446
5000447
5000448
5000449
5000450
5000451
5000452
5000453
5000454
5000455
5000456
5000457
5000458
5000459
5000460
5000461
5000462
5000463
5000464
5000465
5000466
5000467
5000468
5000469
5000470
5000471
5000472
5000473
5000474
5000475
5000476
5000477
5000478
5000479
5000480
5000481
5000482
5000483
5000484
5000485
5000486
5000487
5000488
5000489
5000490
5000491
5000492
5000493
5000494
5000495
5000496
5000497
5000498
5000499
5000500
5000501
5000502
5000503
5000504
5000505
5000506
5000507
5000508
5000509
5000510
5000511
5000512
5000513
5000514
5000515
5000516
5000517
5000518
5000519
5000520
5000521
5000522
5000523
5000524
5000525
5000526
5000527
5000528
5000529
5000530
5000531
5000532
5000533
5000534
5000535
5000536
5000537
5000538
5000539
5000540
5000541
5000542
5000543
5000544
5000545
5000546
5000547
5000548
5000549
5000550
5000551
5000552
5000553
5000554
5000555
5000556
5000557
5000558
5000559
5000560
5000561
5000562
5000563
5000564
5000565
5000566
5000567
5000568
5000569
5000570
5000571
5000572
5000573
5000574
5000575
5000576
5000577
5000578
5000579
5000580
5000581
5000582
5000583
5000584
5000585
5000586
5000587
5000588
5000589
5000590
5000591
5000592
5000593
5000594
5000595
5000596
5000597
5000598
5000599
5000600
5000601
5000602
5000603
5000604
5000605
5000606
5000607
5000608
5000609
5000610
5000611
5000612
5000613
5000614
5000615
5000616
5000617
5000618
5000619
5000620
5000621
5000622
5000623
5000624
5000625
5000626
5000627
5000628
5000629
5000630
5000631
5000632
5000633
5000634
5000635
5000636
5000637
5000638
5000639
5000640
5000641
5000642
5000643
5000644
5000645
5000646
5000647
5000648
5000649
5000650
5000651
5000652
5000653
5000654
5000655
5000656
5000657
5000658
5000659
5000660
5000661
5000662
5000663
5000664
5000665
5000666
5000667
5000668
5000669
5000670
5000671
5000672
5000673
5000674
5000675
5000676
5000677
5000678
5000679
5000680
5000681
5000682
5000683
5000684
5000685
5000686
5000687
5000688
5000689
5000690
5000691
5000692
5000693
5000694
5000695
5000696
5000697
5000698
5000699
5000700
5000701
5000702
5000703
5000704
5000705
5000706
5000707
5000708
5000709
5000710
5000711
5000712
5000713
5000714
5000715
5000716
5000717
5000718
5000719
5000720
5000721
5000722
5000723
5000724
5000725
5000726
5000727
5000728
5000729
5000730
5000731
5000732
5000733
5000734
5000735
5000736
5000737
5000738
5000739
5000740
5000741
5000742
5000743
5000744
5000745
5000746
5000747
5000748
5000749
5000750
5000751
5000752
5000753
5000754
5000755
5000756
5000757
5000758
5000759
5000760
5000761
5000762
5000763
5000764
5000765
5000766
5000767
5000768
5000769
5000770
5000771
5000772
5000773
5000774
5000775
5000776
5000777
5000778
5000779
5000780
5000781
5000782
5000783
5000784
5000785
5000786
5000787
5000788
5000789
5000790
5000791
5000792
5000793
5000794
5000795
5000796
5000797
5000798
5000799
5000800
5000801
5000802
5000803
5000804
5000805
5000806
5000807
5000808
5000809
5000810
5000811
5000812
5000813
5000814
5000815
5000816
5000817
5000818
5000819
5000820
5000821
5000822
5000823
5000824
5000825
5000826
5000827
5000828
5000829
5000830
5000831
5000832
5000833
5000834
5000835
5000836
5000837
5000838
5000839
5000840
5000841
5000842
5000843
5000844
5000845
5000846
5000847
5000848
5000849
5000850
5000851
5000852
5000853
5000854
5000855
5000856
5000857
5000858
5000859
5000860
5000861
5000862
5000863
5000864
5000865
5000866
5000867
5000868
5000869
5000870
5000871
5000872
5000873
5000874
5000875
5000876
5000877
5000878
5000879
5000880
5000881
5000882
5000883
5000884
5000885
5000886
5000887
5000888
5000889
5000890
5000891
5000892
5000893
5000894
5000895
5000896
5000897
5000898
5000899
5000900
5000901
5000902
5000903
5000904
5000905
5000906
5000907
5000908
5000909
5000910
5000911
5000912
5000913
5000914
5000915
5000916
5000917
5000918
5000919
5000920
5000921
5000922
5000923
5000924
5000925
5000926
5000927
5000928
5000929
5000930
5000931
5000932
5000933
5000934
5000935
5000936
5000937
5000938
5000939
5000940
5000941
5000942
5000943
5000944
5000945
5000946
5000947
5000948
5000949
5000950
5000951
5000952
5000953
5000954
5000955
5000956
5000957
5000958
5000959
5000960
5000961
5000962
5000963
5000964
5000965
5000966
5000967
5000968
5000969
5000970
5000971
5000972
5000973
5000974
5000975
5000976
5000977
5000978
5000979
5000980
5000981
5000982
5000983
5000984
5000985
5000986
5000987
5000988
5000989
5000990
5000991
5000992
5000993
5000994
5000995
5000996
5000997
5000998
5000999
