100
6000000
6000001
6000002
6000003
6000004
6000005
6000006
6000007
6000008
6000009
6000010
6000011
6000012
6000013
6000014
6000015
6000016
6000017
6000018
6000019
6000020
6000021
6000022
6000023
6000024
6000025
6000026
6000027
6000028
6000029
6000030
6000031
6000032
6000033
6000034
6000035
6000036
6000037
6000038
6000039
6000040
6000041
6000042
6000043
6000044
6000045
6000046
6000047
6000048
6000049
6000050
6000051
6000052
6000053
6000054
6000055
6000056
6000057
6000058
6000059
6000060
6000061
6000062
6000063
6000064
6000065
6000066
6000067
6000068
6000069
6000070
6000071
6000072
6000073
6000074
6000075
6000076
6000077
6000078
6000079
6000080
6000081
6000082
6000083
6000084
6000085
6000086
6000087
6000088
6000089
6000090
6000091
6000092
6000093
6000094
6000095
6000096
6000097
6000098
6000099
