10000
8573505
4818497
5742147
8994335
5618815
8665702
3256705
9299487
6542838
1102324
7483551
4846086
5095285
1521441
3189358
4037854
5531342
9472803
4794682
6771994
6767956
4732080
4057387
2188966
1498773
2667051
6898676
1544887
5364522
7223080
5686449
6921509
1396004
4711515
4127453
5083575
3178002
3620133
5377706
8740430
1897689
1576735
7744062
9541095
6496282
5195236
4755682
6704339
8762699
3030354
3728292
5890976
6676079
2451400
6241919
6819932
1223360
1492597
3095058
5212824
1838670
2268616
9238647
2688987
7920704
7004643
9945429
7310633
8898819
7519981
3414697
8718283
5798969
4344063
5756208
4427327
8688629
5634398
1315216
7337314
5146044
8656218
2075080
9439572
3877957
4575590
6913013
3390108
1611852
4993752
1704687
4299437
3354004
9891754
1644835
5178057
1058996
6665786
8963971
5804700
3034540
9889774
2071603
1186068
2991328
1910299
9686670
1314399
4438524
5575063
4956576
3473516
5996857
6735981
9372085
1483861
3995527
1390968
6049547
7063749
1278907
5007875
2435235
8703150
2432699
7436040
2343430
2823838
4682216
7264815
7183958
6563818
2346460
5939320
1132491
2350274
6267125
1147171
1792575
8416542
9090424
4969184
7544748
4905841
7671794
3250034
2312260
8724541
8924675
6096672
2705697
2790270
3265284
7209759
8928591
5958163
2865955
4694369
7393680
8311305
6942340
3198106
3763487
8764265
5331899
8628620
2620182
6908781
8611823
7527608
3096572
1591694
7117042
1985831
7485777
9216416
2419383
3018505
4986309
6811546
3762386
2110494
4176545
7849320
9196454
9565770
3753859
6242523
7179300
3209758
8088200
4818899
8952520
2702003
9792333
3224474
8989433
9133489
3177943
1115164
3286064
6817809
3247220
7102173
8566880
9702502
8268546
5477995
4144096
7455723
2481383
4729197
4645133
3600576
7912696
4705403
6277459
8179710
5404054
7370519
1641446
7671877
5573134
3616756
6871476
1606355
2286025
1629813
2286662
7541631
6217260
9482928
3748127
9154478
6821528
3085076
9221236
6257741
3925533
3090560
7799277
6272519
7740850
5636054
6907875
6645648
7063360
4150255
8678282
4452651
7843713
3334287
5248969
5286448
1536531
6929404
5979176
9038745
3189538
7613802
2696746
3229103
6237061
4083274
9038932
6969056
7625256
7851043
3531356
1394979
6032282
4406720
8527678
8318765
5476295
1102989
1390435
5078862
8934577
8000539
5078547
4152631
5420283
8997507
4274165
7174615
4440967
9542066
1213157
6031030
5372529
6911969
7730565
5949848
1509035
4941792
7315039
4599949
9093843
6354562
8055122
5376304
6476938
2873547
4521155
7736534
4489750
6102953
3974823
1410952
6532987
8328313
3350054
5342732
7184733
8401171
1190354
6976872
1831385
2261431
3092897
4377033
7405174
6202921
3796327
1740162
5848006
5176306
9627952
7140839
5119713
9953361
3249061
2684620
5458476
1427041
5627044
9807633
8579694
3947211
9201606
2370544
1019829
8228095
5949939
3223698
9342175
9225814
5508649
7243302
3331562
2920044
8025517
6771546
4014792
1040275
3879961
8786230
4920325
5628266
5838511
9591142
4992508
4880783
8842101
9477720
4491242
4260898
9047250
5570374
5937360
5663036
1657143
5901078
7025871
1822566
3219050
5290079
1800240
7789518
4173184
3512406
3573106
8605447
4770010
1437401
2624223
8616263
3394721
7025819
4931249
9465350
1237268
1480473
7232777
9543949
4065586
8132515
9093105
6892205
1637387
1970574
5684660
6681777
4661284
7932184
4567786
6020870
1088340
8640397
3156472
9054209
9936584
9767506
1501456
9198576
7977078
9737631
1818221
2298125
2565584
2838353
5098561
3807632
5463111
3704024
4751595
4223755
6654955
3008037
1168307
2795979
4067177
6247784
4637721
1001637
2038436
8303544
4133542
8992543
5141935
2968675
2403168
1386824
9749570
6207344
7906652
7601065
7878995
4324307
6878287
1558181
9817855
9596073
9253182
6870110
3740873
7759883
5388712
8374713
7777370
5914903
3326688
4001468
5131514
5008292
2538655
2103287
4043495
1605261
4059938
3929816
1777836
7035906
8997304
8562379
2301044
8249947
9822031
9208704
7591975
9225701
8778376
1580294
5541788
7577873
2235328
4822481
3949024
2668483
6449328
2861111
6179086
8106920
4093384
9102312
8277168
9926123
3059719
6339246
9508381
9878024
2761143
2278082
9588988
4201353
8786839
1998433
8319008
5756296
8895833
8738982
7358644
8758590
8120118
2884873
5169505
9813772
7734582
8696904
4553910
8360151
4628164
4884780
9267544
1823176
7702898
4410311
5303082
1504571
3034225
7933115
3465342
3380640
5662388
9817429
8215669
7889016
9849414
5751091
6963949
9577961
7550593
2631316
5771497
8379253
4734665
7166174
9102309
9785903
9212824
6706629
8672049
5290255
4550316
4588866
7490510
7986183
8233334
1262496
3595839
5847367
6525628
2053270
9915579
4044805
3267738
2041409
1185105
1892096
3660420
9051306
3434378
9007325
7987912
2655047
3076437
7841706
8380314
9298693
8011831
6189220
4446304
2629438
5779371
2051668
2071167
4291055
1799777
6266806
8078325
7552524
6960897
9122812
5222601
3740863
1897850
6329799
7624856
3238430
1914926
6065599
9385162
3236036
9131601
1023733
7022757
1297218
3571778
8264934
4212881
4488542
4000729
9168098
9988099
8034204
4697906
2299229
2670014
5651116
4810393
7016260
2173639
1434283
6023423
7634644
3507799
1904662
7419708
5833791
5325471
6720131
2171102
4865967
6585464
2584321
4262177
6121808
7478161
7608491
8743703
7063192
3077861
2657841
1214146
1082497
2006124
4975031
6138632
9753282
5525136
7267128
7483431
2803882
8765107
5314053
9295153
2214334
2693095
7938442
8226426
3908068
7810447
8591082
1843311
8811448
9052829
6249747
2932690
9476598
6493291
5657300
6897572
3023240
6518966
8827789
6300786
8509034
8676352
1070951
1399628
6270140
5274262
3610413
2211985
6412431
8880930
1394810
1176767
1063394
1555041
4035292
3333834
9123270
8526407
5675009
7170107
6024953
9969442
6790440
7587516
8713503
8281844
7005163
2224385
3759039
4008358
6432899
2106609
2007140
1485898
7190155
5431685
1233154
2414335
4562441
1121713
1610947
2388835
2896457
9882121
1213537
8263404
2097148
1724790
1494158
8235112
4892337
8281449
1223970
8754006
1406378
5342519
2439044
5603116
3772601
5268550
2952820
4179947
4078459
3984599
9280903
5234168
8694533
3538933
9163876
7673516
2410389
7613221
3310126
8170687
6070828
5054639
7759746
7143705
3902186
4352172
6484147
1543921
8115650
6654169
4193651
1909138
8707775
1346123
3711324
6227002
7334757
7229579
6881551
6358557
1479837
5791764
9321532
2035402
1040899
2377443
7643362
8474181
1082049
7824215
7712553
2721413
4419681
7915225
4166973
2524375
3168430
7976350
5774701
2299723
6542459
5660043
1318189
2475205
2940464
7953776
6568872
3304231
3860009
8124697
8195936
8035997
7521944
2118368
7033050
6544209
2403230
8258623
6322405
4635153
1913757
6857118
3927163
2547774
2007705
8810888
9729675
9358830
9185679
2788787
3795709
4198309
5862510
8248183
9045743
5348256
8761284
1322414
9963030
2228130
2004891
4856998
5838184
5160290
5502238
6062004
4537137
5961029
8983430
5080361
6215068
3898704
8345929
6856145
9052244
2694130
6618516
5201042
5809811
6525936
2952815
8485130
5124642
1250768
2324401
1028181
4191745
1352554
1466925
6277766
6368800
1237556
9215333
6217683
6817238
1078910
3589253
3453982
1937130
1565829
8540634
4088649
7939384
8472092
3297452
4397306
7862205
1291440
9364193
2675744
5597541
7136539
7109028
3802357
9088628
3469020
4894965
1191965
7635596
1310580
1759081
6683582
7166766
8348036
8734260
4352433
4045011
3829310
4590070
9093407
6016644
2413250
8322604
6956120
3406351
9957555
2490367
5865096
3654341
6546960
9077674
6933459
3422834
6161935
4399519
7139235
1464612
5720816
9870194
7817103
7858430
4136798
7216065
6139407
2725166
7657859
4055227
5988030
4961454
3917860
8025313
3054640
6311719
6641459
7369562
7939812
7359012
7417477
6890954
9075571
3867068
6907548
4685661
6033057
3372089
5798869
4048103
1705252
4012425
2643044
6802007
9339876
3636658
9508815
4357661
2213042
7863058
5267681
9700481
7277132
5142487
3702216
9750149
1374367
4269748
1929225
3745125
4877174
3679140
8307763
4802341
5348043
1694619
8437658
5300483
3917052
2206978
7176069
4079838
7674688
5171787
8958121
4500254
3308666
9648653
5963296
3575269
3514773
7145922
5900757
1212965
5956105
7691998
5775409
6029364
9135462
3091010
2501916
4770373
3803294
7541713
4317228
5170664
5043080
8543649
7978578
2130627
9652595
8445142
4815942
5764626
8961383
6366770
7929063
1795245
7933730
7102297
1500280
5132600
8617754
6054052
9050176
3391016
9880655
5081916
2657992
4302212
6849427
1657369
4428195
9788545
6796669
9722978
5989977
8883138
9720042
1733166
2912429
4872583
7883245
8744259
5466648
6175684
5979129
1700567
9363253
4311149
1468805
1575437
9049328
4237608
8298551
3051634
1990321
9364202
4025429
6384136
9028197
5113566
8298184
5598577
4024630
2704347
3824433
3829455
3868722
7699060
8675081
1104531
1936162
2012462
4148204
4824212
8507029
9633236
2114814
4030953
9149372
6463902
8827193
8475194
7232143
2739627
8142598
5283507
9608944
9213715
6256714
8735522
1264239
2718842
1772748
2690507
1447551
5908105
4512132
1303329
7890230
8787735
3477837
7178223
2826330
8527071
5103079
7236382
5544138
3256122
8021815
5891129
4183700
6621296
9810144
6273423
9067486
5588234
2700278
1412792
6032399
8577211
3252672
4334979
9901782
6941464
3758390
4998614
2402187
3818612
7299413
3416359
7686414
7956312
4893743
7688610
2901549
2722147
8290886
5365891
1346250
2645422
5324530
6804878
6745884
2248586
4031777
7042716
8264724
2218853
4492071
3782568
1237100
9888273
3117638
8055378
5938708
5087471
9785640
1498010
4904301
4640356
6513635
9039737
2818937
9653954
9732253
8821412
7491266
7619122
3303745
5962362
2073619
2505831
4688384
3736104
1819332
7064725
3532387
5685401
6463283
9627683
4311409
3419963
9513295
4834415
7539820
1991559
4769342
1562680
5348817
4613928
2515786
9608217
8603032
5644927
6236144
3501900
2536849
9511470
5306066
4804587
3693720
2844923
3884645
1946054
8440826
1336063
8772357
1278058
8400912
8475079
6770960
2761006
8683052
2096529
3154833
5591075
8327370
2145170
8480999
7647220
9447265
6056415
2105069
2440002
3136243
4001362
6893362
4230701
1283265
6838975
7299828
5884064
9293515
8659135
1797017
4489107
6716094
2540436
4749103
4656623
7916391
8212781
7911845
3203876
2875480
3039867
4305394
3432086
9408544
3347524
4087668
7103761
7283816
5147712
5323476
1418753
1264012
6475514
9365136
8279222
3525031
4171008
9502497
3954767
7357706
2654133
7826103
9295854
2621918
8659950
5206241
7991388
5175344
7831347
9080170
8409430
2652269
5688000
1886489
3811047
6599006
3493972
6304328
1257287
2630398
9493105
7433863
6845900
3564027
5037053
7923690
6192103
2012697
9790767
2259152
1904073
3495813
3374485
6380950
6163167
4994817
7294757
4143116
4563787
8161395
9332818
2395918
3779348
7752947
8931305
5896231
4049648
5299597
8080603
3002169
7612096
4162891
3382772
6939223
2513036
2426384
5485157
4537463
2152528
7466073
7422039
8457170
2181054
4667228
4266032
8027359
9300461
4179102
6420058
5104064
5981106
6211272
6317505
2369522
1352854
9182602
7639276
4113027
5955807
6028259
4436240
8980831
8850258
7127968
8319545
7193076
8542217
6900283
3451737
2565416
7521296
5414526
2316029
8530063
8185710
7488216
3307581
5567345
9556770
3257343
7070012
2481092
3803634
1547951
8679920
7513862
9506251
9918578
6364763
6159422
4055605
6962113
2488211
4967171
4754694
6204859
6024838
6322077
2772426
8618100
1632441
3600116
6298217
7049375
8631995
2756102
5412969
8158751
6840212
6424837
4954132
3043363
4419059
7673736
1455283
5747976
9453384
3965569
4865388
1209780
5643502
8667023
1743818
9094688
3228812
5155725
3052100
7345517
5896653
6536947
1835809
9331619
9860190
7858956
3124409
5138574
9976616
5888232
6078918
6229378
6042206
2485514
2390132
1625778
4860064
9393133
1543197
2507067
8964880
4555955
3619658
8502598
4460811
5581271
3129382
8071382
3482844
3360548
2807716
7238455
1856181
1353237
9155436
8215728
7262871
4019935
2813537
3113722
6246156
1829156
6191110
5910122
8385650
7335273
2168433
1291228
8537473
3201787
6005680
6410584
4911200
4044781
8137995
9749450
9782668
3693206
2351929
7893005
2671610
4629377
8565630
1308207
7735431
1533100
3180612
6726027
1567877
1690342
5286345
3446051
6946535
1493715
9783257
2760109
7476064
2950690
4232781
2602145
9505625
2665729
1031195
7856064
8820105
6888791
2195951
3943542
6258169
4802163
6567018
3681771
8822151
6172627
7437705
1714567
5350530
9222520
3078729
6977221
6334334
7641376
1407353
7578513
8636490
6566812
1678999
2691877
6756473
1234324
6166158
3853681
2805973
7664128
8839136
2669913
9283321
3935944
8209552
7739340
7751456
3021382
6499370
4906538
7021241
4355003
8247583
7656581
7964494
4571312
5345947
4503652
3724108
9334222
1377928
7452316
1019645
6586952
4189672
5040833
5728403
9554184
2498165
6309084
5692559
5160215
3436125
1258181
3493851
6496649
6004668
5369330
4110403
1542632
2354401
7928569
5956394
3243585
6924286
2767627
6058923
8811892
3502817
3352610
3192799
3930280
2642215
7285997
2551742
9631703
8186003
9653329
2729889
2440493
9092410
2273786
9639078
4887055
9318411
5918858
3474428
5045762
3274252
8730562
2398625
8565281
5364455
5227767
2380626
5828972
3802543
9182568
3560842
6951974
9787052
3997253
2563045
1981397
9683134
5724578
7370415
7093232
7262721
9109588
1462928
1578692
9756581
6481083
9797579
6894311
3541937
9529274
2081526
9516122
8893264
1757803
9824467
7674297
7553572
1868678
8413455
6566444
2162233
7309524
5149322
7079635
3306828
1797615
6260920
8734870
9229453
7921108
6593879
2142539
8338642
7797244
8696258
1889436
2938910
4245992
2071228
9541480
6881345
8860699
6539120
8470017
8603976
1122381
9884320
3157478
9433183
7570253
2470603
5768266
7620710
6292942
6418860
7595558
5577481
1696438
1005768
9135746
7343252
5836428
2023239
4025225
6357582
8695800
4262654
2685062
2959708
3006319
7276779
5731890
8978665
8566279
6600154
7699720
3094740
4466880
4521464
1685459
3844186
1638084
1336829
4747382
4201940
5476224
3942534
4906716
5218043
1759036
3651667
4518754
2264386
7094864
9978950
6533722
1982517
7970704
8129324
4206658
6081296
1315361
6749176
6450932
2888930
7887333
5150613
5386183
3389683
2467908
1592299
9939934
8346867
9031939
1626862
4207487
3871436
7244865
5514314
8270456
6867938
8169968
5584203
6452069
5106257
7590306
8922588
4771757
6439582
3607276
9561517
6619223
1674610
9388511
6970409
3456903
5531260
5183821
8144912
6413573
6223014
2240097
9704346
3447735
1059515
9293458
2789933
3780958
3704718
6717849
3373752
7485952
4886589
7462826
4556927
3897620
1924343
8724896
8840617
9155963
1743379
6709244
9189448
9789277
4280058
8946112
4938592
8590090
3779007
2471575
4364740
4586043
3438485
8934871
3914476
1745992
2360505
3088921
6104010
9794387
5178154
6214648
3744822
1896444
8730509
4598218
2918664
4740247
2646437
8865572
6860086
8644500
4629666
6268441
4942301
9277021
2085200
4212067
1102029
1700454
2601219
1814603
1195055
5410424
3281392
4903910
7261681
1448430
4415983
2737553
5916029
1272581
8183423
4863599
8763550
2927541
3039978
7354552
3087437
9567309
7072107
2884756
5629930
7976895
2163364
7628177
1115069
3264335
5680067
9914538
2821534
1250482
9915103
8469321
5620251
8781533
6408111
7306918
8234842
6486844
1113947
8607912
8473199
3864796
4014983
9224452
4085384
2777147
6085900
9857180
6311310
5120847
5946768
8157434
5243205
2501740
5896624
4022101
2837943
6169387
9760309
3748244
1744117
3711031
3202260
7507249
3151991
1827633
6115793
2967623
9232190
9329159
6207862
9491503
4014231
1448041
2070600
9130824
9046122
9728533
5556875
9660630
9437083
7376580
4652078
7796845
2480320
8580996
9172224
8497270
8299851
5799719
5735812
9915856
8662138
8637789
1735290
7656083
4206444
7299973
1106904
8519010
5944078
2994602
4631120
9299239
7452038
8065236
5697355
9916820
4432150
6834804
8004430
2130766
2145989
2167981
3678539
4882485
6634570
7653687
7359402
2525914
9062458
4193398
9884081
4119912
7888307
9354739
8505417
5692695
8727745
3647481
3957986
5025157
8738208
5809227
8883809
8993366
8994803
2683516
3878640
9118030
3008507
7464895
3933022
1523628
3181835
3789737
1224736
6766410
1377835
4168900
5081328
2931370
4750235
3248934
3127163
2030899
3878690
3807001
7599561
4352061
4562302
4781300
4188592
5589562
3429942
7414690
4017409
5493078
2681214
2965770
9237622
6313143
9761354
1066575
8407803
1751433
5422862
4001449
5362725
5769932
3670420
9957860
4986328
9122919
3586550
6860287
2024116
1826097
2607774
3180528
4291337
4419566
7552724
9006559
6192890
1052815
8050687
9760248
5043863
2765741
4152159
9201797
3038319
3044568
6120434
3631676
2514085
4007267
7047580
8421004
8036713
3250619
7920676
6091086
5515426
6930480
3091580
4549866
2311610
1418578
5732632
2736336
7948290
8565000
9977658
6089833
1999287
7221534
8848812
7576221
8296276
9435061
1112799
6445150
2953753
1591504
2968379
7929933
3366108
7674091
9829239
7663668
8367382
9233367
1449611
2723699
7362576
4004076
9688235
6067599
6364558
3223439
6124919
3053272
7425356
6351564
2876720
1656147
2282040
2408053
5288964
1670528
8368680
4478917
7865029
1378061
2830797
5739406
6167941
3574842
1332807
2720578
4611823
1968222
7881794
3318256
3326354
6549419
1784888
1879445
5330630
4789789
9199256
9391262
2640947
8481785
3140935
9920331
4889494
7865740
1658950
2198038
6050215
2162154
8875035
1223596
6082249
3608745
2086331
1007292
1030225
7191268
6802280
9234735
4599818
1807900
4980718
7538998
5841151
7577261
7758708
2979658
2336682
5324029
1472240
5812424
9047916
5453923
3228123
8304548
3026605
1733837
4613127
5838408
6493990
9180682
9689765
6885028
6963828
2670098
1383083
7419897
1852990
7020443
8962085
6191513
1833682
4046382
1470074
2428722
3730837
4127377
8818234
6544499
7859745
5672591
3784126
6646861
3866843
6481797
9385640
5656334
2356644
6204342
1509459
6152107
1961064
6700297
5474453
2568548
5846637
1334769
6722556
1736053
7841045
2541358
7018175
7151738
1650142
8243563
7569790
4029650
3177129
8062985
5758667
3471856
9346442
2529193
5301073
6483462
6065631
7316351
2563437
7711219
3786940
3454142
8880916
4933335
1783333
5009247
2686077
6193364
8592052
9222086
8512336
5684776
7727389
3314910
3436197
8563641
2290895
2352556
7899105
7651031
7348637
1791362
9392830
4543257
1150133
9519542
1673554
8725209
6595072
8560130
1506627
9861906
8050323
5051573
9440009
6939316
5199349
9404379
7501075
3566860
1972417
1423592
5335013
8034946
7147070
8978827
8470961
9994861
7752908
9091921
1190805
1272834
7862552
3570159
4562013
3593942
5919683
6193020
9650354
9204808
4552543
4355510
6983482
8851203
3252595
2722189
8004561
4669602
1432481
1029373
9191352
4154292
1048581
8489816
8113564
7751395
5728560
1950596
2866505
2132912
9941349
8501201
1113752
3676585
1549955
8895085
1667662
2876487
2132923
1033996
6394798
5558521
3321075
3158466
3248738
7776093
4025596
3197987
1028477
9424697
6691752
7804742
5980667
7466093
8716896
7828198
5012436
5309283
6308684
2958913
7695262
6481713
6056659
1389388
9212819
5381838
6689276
9110455
3826690
9000876
8870189
8213821
1471529
5629102
7198516
6969039
8118290
6156202
5905132
8290722
2680133
8174433
8327002
2497830
2653014
7440333
1473448
8847697
7234927
1683490
7175617
3274931
6749824
6738360
7898012
1957691
9439262
7109168
6548069
8103411
3953633
2925501
9276322
2302760
8323497
8225094
7230603
9868333
8665732
3791561
6723213
5817288
5696056
4926362
4749264
9347580
9016543
3595493
2647295
3579953
4226643
9585224
1834655
8250242
9612479
7182821
6331091
1563998
3154040
7851407
4835542
5841697
5751491
9268931
2631897
9099828
2565664
7728832
5610727
5174123
2754814
8442074
9376423
8524101
8524784
5656596
7741617
1747769
6134335
5339157
3165532
2521287
8771970
5232413
6237214
3245733
1428747
6214704
6586541
1800948
7589267
5104410
8713949
1301355
3412960
3460068
2742226
3030954
4452604
4420142
3586864
7361409
3503449
5380822
8663008
5010026
8716395
7845040
7606029
9329237
9632166
5665854
6019687
5327307
9831602
5039546
3087599
2004357
1061235
1817793
8959748
2884398
2920293
1099595
7091204
2539790
1688895
4589530
3018590
9981353
7882670
5620639
1013575
3603864
5290549
8606523
8913258
2410607
9768050
6476316
6560125
6805191
9620740
6988750
8035329
1117764
1005547
5463365
6001930
6743201
5167552
1399745
2115903
5495115
2659551
2036865
7028339
8923012
2819545
7096803
9003076
1537850
8158758
4153731
6035843
6461224
1818649
1166538
4053197
2949139
8048453
6501610
7573344
1431671
7468153
3308887
6402761
4405395
1533127
8926176
9578517
9294114
6194466
7720390
3246094
7008620
2262017
9620916
1866272
5364557
3374926
6540249
7000436
9906325
9224843
2578314
3477236
3502520
3510215
3230403
4612047
7851598
4796852
7377360
8290014
9542014
9639500
1210015
2379256
4397151
5599973
3358001
5635954
3729384
7846905
4357433
4911986
6425113
8825978
3057932
8861973
9320633
7871142
1833170
7450231
3528337
8200446
4655308
6379978
3376921
7584173
2622759
7182842
9196178
2965806
8295568
1346584
4715460
9781734
7469688
7052588
7462201
4955724
4655658
4668792
5503290
3851493
5077987
1039674
8208313
3085268
8293657
1486833
6325439
9159529
6544744
2624987
7235127
6310400
6952193
5228110
2273658
6047844
7749188
8722813
2063052
1841725
1951952
6819853
7911008
6405271
5909473
2109807
6200392
2833869
2983753
1692864
7314248
7194550
6464570
8853526
2518084
3184797
7776860
4429365
9692311
8574350
7056786
6859203
7322918
3955311
7470705
9497791
9931564
4163244
2370148
3489697
4694847
7657719
8778026
9005509
2863563
1209455
2243970
2071393
5067325
9801440
8248152
5867424
6936739
4417787
6991344
9410647
8906507
4908022
9921563
2361896
1581186
7013030
2177055
9858644
5247151
8173099
4248837
5873374
9396534
7452085
8672733
1106196
3719865
2750821
6943093
1417593
5318556
3984326
1838258
4754864
8751512
4372012
5321742
3874083
2458843
9089381
2481107
5366644
2390950
3679175
7880583
7099946
5391064
3626689
4532649
3854816
3160481
5413302
9527603
8957722
4797297
9226006
2652449
3262825
1235930
1166535
9350481
1015031
7403324
6010083
5878291
9645478
5867984
4928011
4115203
2305566
7511471
8499668
6646069
3976861
8376388
2099568
7845224
2514316
1140776
3055607
8631375
9982958
3837013
4763926
4585348
1101891
9037717
7357273
1200975
6012757
4034547
4523444
3944774
4974338
8253194
2591088
3203660
7993458
8425454
6494331
5973471
5735955
1273136
6262912
9319845
1561611
7506318
3406824
4441351
1855764
1850755
2034528
4877377
7675814
5824298
5720061
2136601
9872521
7566185
6901916
9324862
4941442
6531900
1916214
2331811
6686679
3549935
2823931
9470365
8413533
7663313
4039253
1279738
4957449
4766646
9249840
7914691
8272477
9042684
7714880
3331082
2890100
2162496
9021587
5483743
5733865
9520641
2418873
8700984
5286141
8678694
9778056
1382304
1536599
6376692
9008515
1930763
9993040
8051075
7291597
5990046
7586702
2214242
5865065
4385756
8210136
5487176
4358805
5738735
3862779
6945413
7078681
7915331
8298020
5188864
3263618
4091433
6483558
4556258
6867074
2995379
4040630
6678603
8628580
4624668
8582916
7143540
3945100
7122515
4716828
9831509
2905997
8964520
7327165
9637296
9990135
9148533
4951457
2852734
5740624
8212816
8682805
5406345
7890017
4794497
3511339
5656018
8496147
1924584
5390381
7189884
2786922
8479153
5118220
7718569
5652002
2649426
2463050
4033811
8206801
1029748
5130267
5737198
8530973
1406705
2213627
8958052
6765375
5159101
7620971
9213161
1339039
5882344
8149884
7707073
7486456
7375771
3410993
2837255
4552095
7558202
1749023
6907632
9998984
1647001
6879800
3958615
1768760
1178994
1858928
8246554
6447458
9274934
4953006
2696237
2127595
8223466
9492294
2591766
8253008
9747748
9568590
7074129
8890722
9411206
3742543
7126869
3610416
9730907
6323270
7548167
2982845
8994704
3921443
4590669
4969603
8428109
1204841
7405830
9457760
4050428
6352982
2606033
9732990
9217801
7889740
8181483
2374792
5204771
7171112
1417677
4856035
1510091
2132883
6410909
5851275
8280859
8846815
3872756
4878551
7507376
7561347
9918177
7596943
2047147
6865569
8581308
7338740
5021684
8653471
3844134
8992064
9225656
4824845
6400727
7229862
2955102
2091589
3440695
5513956
5495533
2627761
3940474
7917304
4482696
1631001
4583606
8005992
7927237
2605235
8009439
8314903
6787674
1117519
8848845
8297627
2653761
6142834
3386845
5385363
5130726
3001866
1140046
7131896
8247783
1987188
1845100
2050619
1855843
4927794
6337930
6038175
9823766
4603424
7664292
5420207
6503460
6834216
9191619
6393795
1075845
6530307
1137069
7582750
7154857
5967666
2093493
8942299
8405652
5608173
9435791
8030984
7196491
7008163
8163918
5428946
9853783
4153883
5318529
4180811
4718361
4444642
9512612
9703929
7340664
5604021
3485020
4221144
8380536
9188920
8682021
8541602
4865899
4270575
9711551
7986684
5462005
9534325
6948110
3945053
3478330
1254490
2089106
6601730
5625259
2115778
9401703
8458061
4826577
1465306
7888374
7777838
1150945
1979613
4380460
8586161
1015825
4805208
3226457
4352130
2889330
3126626
9282876
1306958
8795488
4696248
1885237
9774379
8769918
9994615
6252451
5747145
6168949
9601194
8403967
8066970
2100870
5746781
7352417
6284784
8070190
3899106
3790746
2642878
9961210
3243772
2439562
9721744
8239955
8143378
8640388
7485726
6846812
4831733
5526383
5032638
8944338
3889109
5737390
3531818
4402724
1668544
1390402
5276065
4660299
9304428
1827766
5569153
6498116
1004134
4590907
9300820
5914052
3032130
9719134
3679185
2462259
6701302
4495072
8699174
9220469
9690194
7175812
8700500
2499669
4864458
3029342
9856812
8816355
6920374
2044562
9551760
1657807
3628240
9826147
2789387
7953886
4084840
9808110
7358037
3277885
5514380
2236390
5385569
3501773
8504499
4762313
1505560
2470758
3264507
5669507
9904715
8054119
2581056
9207946
8949868
8137916
4305440
3416850
3168574
1732313
5998532
2509219
8468510
2871575
6393184
9568007
7028457
7239013
3492582
2881288
3089926
3788553
7275951
7723146
5443590
7863063
5554300
6472740
2838347
2536626
5597811
3088686
9976487
1958600
3784565
4040686
9128558
7784827
1449135
1159603
7153717
9667630
2395806
6998806
2856220
6043692
8468975
7400598
2763009
1527464
4449007
5351339
7362206
5423753
1576864
6024286
8938909
2617812
9255893
4793319
6576202
9948039
9508759
8498023
5811841
8267714
3637360
5369911
8470305
5430929
2505423
3506896
1252729
8181664
5982156
8069454
9933817
4982615
6036334
1721367
8784940
6176359
4402738
4146752
7114499
5311443
8617558
1662754
5822172
6802547
3510606
8133169
1254093
3731196
5324478
6649302
4097755
2902972
6537049
1123718
6149695
4341542
8200001
6016090
4696722
6490649
8463047
9444040
5553311
5230822
9266100
5709899
8445377
5738530
8704903
7889463
8223815
2851537
7349522
3771095
7303028
5042203
5824504
9828163
7279531
8180627
5286521
7606836
1546435
9206454
6183744
5158650
1983854
5748242
4175684
4331913
1972039
2627688
8376909
3305127
7214716
2533819
3006233
3546537
3048074
3045913
9467831
7366855
9211168
5107041
1404666
7193453
4917749
9314126
3533922
9373084
2773109
1023811
3617255
6513073
5894250
9571488
3940294
3954468
2194223
3388397
6053712
2865156
8594186
6048829
5086449
5228489
2819129
1675132
1855813
9800298
5995013
2122852
5474889
8591064
5468887
8488685
7632256
1918267
8689303
8248763
5036932
8425933
8191659
9796789
6526704
1058524
3134495
5581435
6939283
6991147
9112250
9499399
3675374
1579675
1865361
1791992
9796104
9255118
8680494
3638779
3093273
6049957
9405803
8040331
5270646
3205676
5796611
3297755
7326140
6179346
3665586
9063506
1101575
3641693
4397397
9004623
6900476
2473534
3816396
4637901
3674565
8141112
5775998
6524896
9328613
2513695
8113157
8018737
7840284
8585223
1981227
1448871
2985164
7180659
7958516
2527510
5766940
4312952
6938526
7646029
6537588
9055562
7918189
1628387
6561394
2530797
1199547
5886402
6844068
5533046
5213103
5026599
6241198
1435003
7329309
8940560
7518725
8250040
5153630
5240568
6314668
7345228
1850592
7560703
2475158
8624148
2590920
1200422
7475581
1176911
6205126
4848074
7990458
2636154
4081633
5865542
5080669
2839892
7741412
5186470
1678095
3095069
5926465
5389881
9034741
2138675
7325333
8197624
8962127
8456061
1363995
6626325
6683673
5592236
5519700
7239437
9258816
4894463
8261406
3490737
2972416
3988246
6391220
4254250
5632958
6856426
7736830
3885587
9690953
1703843
7111074
6849196
1169525
9327978
4041490
1484508
3578026
4906200
6723767
4246038
1830122
2801015
2606166
2694560
1779913
2310104
5628368
1716952
6943281
8046549
1955368
4486841
1434958
1406640
2391160
5416404
5621950
3428747
8797924
8384706
2717765
9953194
9037923
1394738
5069447
9173446
1672114
1729414
4932086
3091100
7123851
2007315
8506830
4806453
8075981
1550161
6729582
8715367
5993564
3655384
4658817
4448109
2680052
8626684
9101294
2708219
3973842
1622178
8797884
4912853
1430451
7411796
4860361
5118472
9119432
8238049
1579836
8121281
3489737
2588409
8285992
7204108
9765672
4673992
7589563
7999992
4680441
3722961
9493536
3110778
8534496
5065197
9674113
4475216
6236707
8472164
2812944
3407327
1385241
2969235
9289863
5108079
9365642
8669855
6645502
1118190
5133849
4371034
4115252
2274586
3886382
8179939
1896249
4455179
8297096
8171092
8896682
3523152
4894010
5553662
7401670
2800073
3115452
6384343
2783368
8889309
2143973
5936047
1008933
9175758
3443879
4448495
1833040
8896058
6513891
8679292
8896682
7337771
2496733
9451691
4772144
2746297
9582306
2280094
1851167
8978711
3543761
2397198
2923434
9764980
9677543
7043145
8843080
3250667
9473799
5791566
9458510
6920589
1017649
3584047
7192556
7843517
1139586
3628207
3220758
7003253
7418820
8383924
5806904
6086392
8030726
5709510
6167311
9423487
4017925
8178673
9838492
5606088
7431692
3520920
4685956
8952892
8549594
8776163
4811902
3082960
6214147
1731098
1387516
7185927
1195001
4570211
9237077
2709366
4641971
6276569
7387945
1166033
4808909
1311973
1935901
7839908
3200474
6810002
4596209
6578988
6191815
1658044
2378240
8563607
4297617
4443585
1110735
6632601
3519641
5225642
3594473
5384034
8428950
2390732
1473481
1540725
7803987
9397299
3774728
5227209
4989722
3664574
6021649
3665757
6738640
7111537
6370147
2226928
4343474
4921239
6034878
4490536
7128248
1015287
4055929
9768084
7885416
7038384
4575379
3356723
9153861
6980616
9383167
3638718
3001745
6919050
8069157
2688212
5995424
5994406
1876550
8782934
9096070
3800542
8723271
9628458
4754116
4549887
3800849
6880972
9738229
7714244
4977711
8985929
9108959
3201585
9588049
2839782
1348208
5449463
6744616
1524633
2509590
3988292
6667795
1554295
2071307
3742821
9742648
8111758
3945896
3104342
5374014
6686180
6584329
1197746
2381866
2959696
5728904
7515166
5048719
8057543
7304861
1830371
3834987
1197802
5435542
2057532
5458591
7318878
8476194
5789989
4888759
8312076
6201092
7078285
6998202
1702722
6573030
2252446
6045875
4599795
6087611
9127250
4469864
6947499
1182585
7566784
9026306
5873630
5482733
4248696
9931742
5940361
9835497
6948763
9997875
6343849
5437587
4773663
3816284
3142835
2934119
1441458
7568543
9207164
8103095
3668621
7295974
2648714
9154312
7112043
8209717
5257050
3644472
5279218
6425581
9732660
9027239
9195978
8675120
7900253
9401027
6877900
9705565
1179363
3530344
4948516
2073126
5183134
2234079
1896083
7343359
1479262
1331268
5758086
6024288
9546304
5342182
6829659
7079894
6352661
2336634
2186990
9451335
3501388
2631313
7433975
7873612
4674415
1662235
5037206
4791955
4342692
5661370
3649914
4617413
3812165
8996387
6446054
5119380
7253555
8434697
1087606
3550784
7889518
5914780
6595881
6479435
7137736
3838706
3218239
8165555
2472707
8814020
4147221
9667079
4291737
7786892
7348119
7510214
7029963
1502596
8547374
9590043
1352836
9694041
8164978
3588940
3344135
7483922
5099058
3406861
2169069
6974515
7900921
9086496
9859644
4034566
7776643
3837543
8404069
7534643
3378537
5970980
7823910
8156038
5562162
6504584
4362624
1172898
6833427
1863537
6285721
8141892
6221409
7202505
9857940
7421018
5374972
3297076
4439551
7414092
8994998
3423218
9858007
2276835
2470892
8895237
6343664
8221081
7165661
8219524
2315975
7400665
5973673
6278233
9684307
9106872
1343564
2291207
8068641
8341946
3886083
1293311
8322552
2810233
4756726
4737812
5099629
7088899
9888952
7560485
7457216
2317283
2027835
8338682
6025526
6253122
1357720
7520650
9451817
9946094
7827013
6729947
8381957
8427371
1251871
1400346
5960156
1744409
5067899
5803054
4535981
1637118
8557376
8295231
6484305
9380044
9350071
1523092
7628055
8201285
1897382
6259333
6149608
9128493
4527321
1838069
8222317
4682768
1938315
9570716
5224023
8249685
9561572
8150195
5427120
9863523
4117531
4016320
1787161
9630690
4348663
4105956
2668436
5660348
4318768
5894962
4274507
8901061
4942675
6337058
1773737
6518400
6482830
3872758
7732887
4727963
5093769
8756620
3777738
9753325
8708230
9020317
7861956
6113246
4975699
7019308
3821399
8748111
1826694
9176962
9461242
6660995
8773679
5868793
6450093
3802341
6991901
4946671
6357671
1756332
5969026
8170309
9942795
8825164
7842808
3943399
3350735
6331549
8830673
9443926
5794677
6292809
3051122
7679908
7796197
6932713
8574776
4783447
6011331
3379752
4523574
1685745
5205301
8674452
6427261
1285101
9179409
3711657
4754749
3210798
2629757
4577912
2841940
5464261
8855646
6233424
5761701
2617633
7307509
7098883
4040395
7931163
6992623
2306395
9704590
1418145
7315853
7201565
6437517
1643354
3453980
4610526
5398724
4257715
1940157
7385429
9136208
4764233
2461439
4827320
3135002
1207984
7610708
9796707
2237721
5408754
3776074
6805493
4447299
2638107
1371020
9061372
1301781
7470932
3869432
8131188
8058873
8942421
7476938
6128596
6844584
6478664
6218081
8786673
2605177
7668818
6979144
2143677
2459649
8392965
2914536
7615050
5084451
3824372
7284149
4789931
6574697
3108981
2512462
9399307
9157036
5813669
8702057
7661810
2692937
4754648
4463719
3358220
3785085
2323399
9189684
1258676
8580971
8921126
5620898
5275128
5112531
6758342
5096743
5709957
8228734
8242423
2768884
5025958
6371295
3550378
4562687
1572577
8002220
5652253
9184955
4430034
7570750
1782671
5155631
2744691
5262758
3463383
2127005
1837987
1286513
5464943
8598076
8309453
4396157
3516846
7585528
4238988
8237332
3734237
5995185
3020110
4476336
3833321
6263570
6338854
1419144
9704850
5517147
9338949
3411435
9344235
3224137
1802466
7950691
5555738
6515196
9032664
2794932
5494025
5756641
8207377
8472085
6565958
6473010
9410121
3084413
2022583
9818435
8089046
5958762
7868729
5310686
1882981
8738887
7902026
5721674
3323472
9469013
4903213
7149264
3149662
4425972
1935710
5376351
8443626
7450209
2201693
4262656
8419617
3112866
7655887
6864276
3900437
6215136
4964547
7045597
9561719
2637037
7720145
8798914
3806019
1603183
9265778
5063376
6745037
6591380
9400259
3004950
5002245
1416790
1130554
8690527
8942646
9939792
9625582
1160541
7305932
2573602
3859633
2268132
6443749
9473298
8505632
1665694
8836216
4435876
5290318
7241470
2707294
4318580
6033765
9623326
4083558
3850290
5165846
9512365
4696749
4273989
9728859
7522675
8729996
7276771
5970233
3996407
3366603
9585576
5135643
3407020
9668262
1711805
9031388
1869496
7278342
7404451
9588509
8761438
5727387
3941456
9546920
3150636
1126743
9359386
5138026
8395631
6178470
2037723
7567903
5071213
4534668
2066988
2269786
9529500
2575783
2417660
8071347
5850290
4403318
2195026
9329270
2030396
6228889
1840162
9053761
2560531
4510218
1937109
8594652
3525492
8542083
7428365
1025895
7020624
9812738
3496055
1122633
8531620
6602794
4315761
7608348
9316465
9397891
4986903
2856352
5522134
8171284
7328801
3912031
1270309
5983351
1874176
3822494
8485876
7314549
7825353
7094589
4302238
3362514
8304776
8728856
2880833
7807067
4713033
6930134
3562641
5091495
7434747
1362408
3527917
3891195
6493326
4255158
2289113
2828826
5551288
9001990
5612124
2407412
2848946
4342086
9894746
8904877
6996545
5911395
4004037
6204137
7417306
8154146
5679600
9466374
7778053
3881958
6593573
9539330
9658533
4219954
4882648
1005309
3684575
9610761
1655515
8140033
9730513
8309972
1189364
4779425
4483182
5735787
3921148
3194471
3474720
8504350
5059937
8376314
9908908
9875014
4667751
3739479
2185749
2832743
5739050
6862326
1366722
3923456
5903655
2547023
1089577
8220413
1082748
4929790
6423513
1137755
7731934
6399364
8074522
4634238
4143106
8610719
7309952
4003647
7647646
9468461
7284689
7375633
7796593
7246924
1151835
3211438
9330720
1016093
1352890
8025428
9458235
4926369
8508664
8638965
6972088
4893763
8878054
2863606
2355567
8182320
8865258
3663575
8186829
6811172
1389729
2693836
6976981
2321982
7222456
4732595
9535964
1957541
9249758
6834782
7067715
9538980
3311917
6326875
6160251
3385660
6494273
4532985
5508020
4282888
5989247
3331221
4894480
5435022
4320186
3137061
8125174
4726596
7964530
7358988
5694153
2008832
4964151
4318687
6672842
3552636
5221341
4067078
6409739
4645337
8918312
1754078
3990679
6148834
2475538
7685957
1638014
1296556
4075386
4914399
5184949
5890508
5488632
3986545
8917805
4051040
1759910
9405115
1512323
3160394
9640074
8371650
3005993
8878953
9670210
9870678
4143460
1583810
5506511
8831592
8869445
3772631
1501533
8679072
3382380
4379686
1700802
8592133
7788210
8611084
7144589
1866230
5015549
2350931
6726001
1570912
9763802
1879145
4731803
9552303
3260286
4724497
7315656
9769570
4183734
7638535
7500739
4845201
7996353
5638784
9550662
3601058
9827690
9138136
9557855
3680052
2219162
6177207
4009909
9174970
1178406
8828942
4636651
4917468
7457333
4438173
4157796
2964882
5535109
4846432
9589544
5605898
3344711
3066307
1687606
3134411
9838360
3454274
8332675
4034385
4536489
5046310
8791746
5401211
8738610
3032492
3766044
9430811
9941586
7125455
4466011
7703925
3223003
7626824
3607746
3659611
5126724
7571564
2743711
8567904
6576431
6135854
6571756
7418442
7133300
9242230
3420970
8498421
7121918
8591562
1400896
8598093
3692053
2541987
5176507
8934675
7371939
6300266
1160510
7432876
9380660
4752724
5103588
1669805
9117000
6013819
6466155
3283890
8797899
1571438
8411540
4692312
5079535
5956595
1040937
7143681
9227904
9180987
5144358
2806200
1263592
8033414
8288155
1528693
6622909
3268728
5150945
5657963
3342784
5047724
2660372
3327743
5831607
1920391
9689608
9541538
6826694
2252407
2740103
7814810
7480481
9136748
8826026
3402493
3012326
3308999
5937758
9837167
3314585
3753610
8765633
2522773
5041095
8325848
9234381
4881290
2878440
4012453
5131084
4473937
5739543
6634056
7770086
3746948
1751100
2438144
3495599
9242940
9167516
8633836
6613221
8875841
2573775
6904454
5459704
4442788
1423235
2215338
4864995
9316882
2618928
5935675
5690683
6789211
9775507
2497270
4064373
8313723
2246711
1963698
1038741
3967816
1266985
4979615
2416516
3762228
8756562
6986982
6298810
7906644
4268427
1467441
3318244
5155194
1405605
4621596
6678904
8540823
5135831
1957043
8772136
1531084
7218892
8879837
7528188
1967011
7865507
6375249
1490338
4311336
8364465
6955239
4527986
7242701
6170941
7724449
1112470
3438822
1694330
7421451
3840047
2117473
2497291
2090791
8742854
5941578
1768474
6437758
6660209
1103645
7285977
2070779
6502236
3267997
2659957
7610530
4926547
2402483
8486072
4805584
4806126
4964978
6874199
2227467
3527685
1315050
4244076
4603766
7953860
1975474
6037724
4237869
7603912
5444532
6605267
2863383
1661066
5354211
8845566
9914835
8548227
7292655
3090906
1418603
4709834
5603115
2646053
5326264
8500026
6115365
3128546
4661701
5198760
4423696
5806624
1890552
3397188
1185438
4592653
7306237
2460238
5173665
5488279
1804405
2339723
4903115
9353580
4400871
1436376
4345276
9286587
5251268
9990358
8946603
9308146
5353728
9473799
3524672
9576553
8101096
3834072
6349977
9357104
1606254
2505368
5441578
3120133
3234204
5305641
1301330
5862537
7848695
4503100
2127610
7145979
7896771
6534362
5189104
2813589
5878607
9778847
4467461
8129150
2824809
5138490
6122131
1475128
1252605
4458948
9309867
4012052
1181857
5785462
7558757
6518986
1791292
9616254
9601912
2706334
4186448
7620746
5095540
2014887
1500133
5541814
2534262
9798026
9235222
6414731
2287731
2369719
2729873
8591257
6336959
9111626
1112754
7577071
7091231
4977277
9745841
1449969
7535405
8977356
7456229
8480226
6414267
8499033
2394559
8074130
9088259
8914818
4082388
6213929
8910238
4319232
7024005
7451388
8689843
7400601
6875560
6403760
4556882
2949225
2642107
2291485
4167161
5896061
9773247
2466574
8342782
1204456
4793435
9349190
5450492
2118257
4685434
3712421
4038419
5035917
1382727
6543348
6381914
2258625
7898135
9460637
9379480
5827932
4739927
5163238
6721547
8598803
4050431
3267864
2877031
4792428
2327446
5255355
2009499
7611719
3870672
6398189
1579248
4398522
8077620
8951348
2061843
9084460
7571242
8080359
2302779
6872677
5515628
6039900
7097910
6640245
5482651
8706413
5509440
2200410
2757213
3796189
4821070
7738710
4631492
3904787
3809305
2452783
8826722
9674028
3741142
6010081
8571260
8467205
9417981
3341466
7835788
3629121
9281367
5379653
2924731
7152913
7221733
1368882
1041557
2699418
9916014
7965147
5626670
5565219
6597880
4575458
6678333
8518935
6550306
6322386
3666479
8785992
8129881
6023812
3129159
8629374
5612457
3307611
1757788
8275631
9760222
4825881
4797259
2649759
4781482
3507739
5495525
1000209
6564320
7356467
8000740
8546942
4581266
1992254
8762009
2856878
3082216
9704934
9126688
2922118
2532729
9016344
1075672
8583505
6597126
5914096
9790445
7550138
8398620
5879684
8642576
9926265
2425026
3028655
4249513
4395452
6138643
4363839
3372562
5665633
3314701
2284737
5688023
1421689
4205906
9483700
1426260
5664934
5157982
6882291
1517142
4415712
3222474
1714776
6186662
8473373
2652992
1077357
8383195
6759936
6778239
1566428
6387256
2722701
7444873
9133275
2737261
1833802
3223738
1005520
5355088
5690359
2136619
3911524
9194254
6354745
8731447
6588301
4867094
9583491
8462532
9951052
8524183
6829407
7677950
8936625
1199355
9367900
7718552
8007075
8742651
7160097
3192427
9832653
4024771
4009249
1064059
1867061
2060840
5357279
1509928
5719799
4116897
8355357
7446706
3239259
1860443
5659071
4168136
3621394
7435729
5172141
7620873
3293103
6609299
9045994
8784300
4900283
2026661
2449647
5901460
7050633
9490819
8311515
8217335
5373917
6994379
8099319
2982769
6807703
9578050
3174997
4300108
5418444
4967091
5981313
2339946
7882974
8591989
9608340
7123957
9123995
3891923
9496269
2167902
1373628
1493833
3133440
1264940
6284824
3147877
9336500
1822567
3324480
9275564
4358032
1261316
3044692
5143110
5038038
1646075
8769182
3139851
7613779
6731678
1246902
6396319
6550013
6127748
9233070
2012755
1751558
7805399
6033799
8404517
6353513
3393330
9199180
5689362
2984819
4436254
4930837
1986307
3451068
5484766
1494128
9001981
5333662
8563689
8630203
5961077
5612557
9415631
7953085
6151899
7425017
4538239
8738837
4996308
3089424
7107799
4996939
2073534
4834679
9486917
2446023
7780127
5281842
7031757
5090143
1963623
4371914
7453595
4068829
1144030
2418519
1173611
5536224
9364792
9386527
5196582
5843353
6806167
7644590
6633983
3798826
5510777
2410815
8291430
6128131
3533564
1355378
2487444
7955412
7448046
3648526
7037239
5225562
8469681
4320945
2268440
6376964
8877277
9424381
9530586
4162286
1787976
1366278
8857005
9505712
9548715
9023154
3063323
4323031
6752118
4391104
9629794
1826421
8904230
1025613
3619627
8574341
4184133
4614659
2994681
4134850
9135939
8178562
1394830
2787761
6862954
7012532
7038681
7767460
1477687
9158980
1484356
7838912
4564383
1158791
9953972
7235137
9065327
8868711
4669209
7406573
7438441
2380555
1875313
1867951
1277699
9308563
1525407
3165318
7766680
1097379
2269328
3172445
9088020
6687965
2863121
7852947
1686196
2871341
6189442
1984510
9373604
8942951
5963999
9647092
2228268
9162532
3861889
9868339
3915436
1663541
2582111
6587530
5983191
3643495
5362210
7530864
2901549
7493921
3838152
2149283
8733341
8773138
6935089
2254756
8122331
6399710
3809048
9996665
5847037
5145434
5554803
3523827
7196011
8495870
5982349
6300194
7937959
2251995
1660787
6861829
7122778
2274630
4969797
9291903
4845505
8180428
9531207
7038671
7000847
2324119
9689449
7006215
1183636
7649560
6833018
8572407
6004766
3587253
2435051
1723139
9656118
2352597
4413963
3264490
7066285
7193721
4086510
7742801
2261096
7496470
1951282
8446880
8735713
9916833
6598844
7406443
9887831
4728418
6038448
6089949
7591280
1736229
7572615
5607304
4387093
1165061
6251061
2934855
6064222
8410922
8307075
3768808
9833391
1750868
5797706
7326876
3894498
2764665
1954552
5541946
9639630
5009732
9477111
3471364
5360368
5462182
8534563
4444047
5917624
4062554
7217427
5993409
8016303
9017195
8583476
2986190
8256551
1033081
8692514
5692924
2117218
8148917
7289263
1493633
5434887
7563385
1651240
2142961
5154882
3521732
6331053
2729644
2686522
9103348
2503897
1023287
2558960
6366581
7977698
1149899
8847422
4159946
8391995
7840828
1572461
2807906
7884359
3637962
4344395
1470316
1109791
4205501
3539508
8969382
1614800
4952949
5995648
6285467
8902822
8224320
2269364
9967131
4792325
5265824
4892116
9361912
9436616
5272420
8986705
8207646
3422570
1424558
6997607
5729963
7094117
7028277
2116298
7635352
4232329
3985460
2842089
2427487
5205198
2914771
4730234
7858565
9810300
4666845
6388328
5614298
1927363
4628362
3991570
5118175
2514182
6503165
8688228
5103807
1205597
6464665
2019211
4678562
8966930
9103640
3327804
6758998
8079650
1038733
1759982
8612471
5686184
3382435
5118409
6824104
5597854
4107589
7346470
6222659
3540190
2546392
8429824
9053014
9085663
1722790
5096514
3719118
5737642
1793564
3610290
6618137
3418055
5088991
2592782
8597687
6305802
1944370
5973717
8198233
4777803
2357467
8172912
2506069
7203694
1339392
4412371
8086937
7884304
9080572
5299982
5285958
7532091
3434575
2806880
4539311
9417107
9882213
3081677
7561090
2068528
8576597
5602510
6232102
3898326
9015733
4899649
9899326
7430179
7868028
3944594
7503878
3605904
8555353
4749882
3438596
5506435
3066746
2372142
7908544
9883443
2673472
4062235
6696935
5580901
5864361
5848783
5278909
2947198
2867534
2536699
8556626
3948865
3060823
6016407
2707854
5454866
8127524
1155973
6872352
1237092
4027805
9422530
5635395
4194631
7742092
7441378
7879906
7985181
4697202
9286363
6186975
5857751
1805336
6593316
5150471
3842715
6301703
9057135
1217016
6914328
9678722
6006147
2505133
7344180
2844019
7612046
5611105
6573716
8846363
6599074
7693115
1615005
8196342
6696631
9522274
9625554
5111454
8223817
8189265
4024910
8297840
1618754
7321605
8287365
4710580
6181547
7767548
5542901
3369465
2810310
2265168
7238473
7163648
1132519
1095733
5897969
8690872
6022571
7943359
8960571
6678315
6265504
6657537
2892422
4384031
7999543
7594562
6193360
1398575
9561543
4081344
4912942
1858259
8704115
9984529
7101771
2162685
7835174
1020096
3505564
8924262
8660765
7144621
1592498
6410946
4504005
3062649
1774768
4820591
6519902
4511609
8302480
8669275
5904671
4644016
5387048
6224943
6433531
9789258
4643090
7115654
3246828
8153151
1769491
5299507
6057790
8279405
2978811
2482731
7353838
5732913
1386311
7446159
4797268
3237192
8560386
3659381
1811494
5566977
8744314
3851831
5085038
8019637
8736841
8948740
7364215
8423290
2325858
6810366
5512099
6010460
2703903
9853260
6558871
4592174
6242583
1006313
6523130
4886376
6511981
7301629
8561643
9615209
2674486
2110667
6287363
8968719
3246474
5853787
7694498
9888757
2406614
7631697
8041757
3516484
1077945
8418038
8445703
4649502
7225333
2934573
7154598
1666983
5548079
9518257
4801801
8235005
2884442
1217157
5431105
3382914
6043360
8565124
9305621
7966367
8457401
5021283
1369673
5498763
9896753
4321596
2352993
5891669
5729877
6631973
3116913
1481983
7894197
3529864
5043864
2562739
7208383
8014516
1385926
5900971
1571250
1556108
6304442
6276644
5542794
4173198
4446457
4919443
9831916
6528792
4691427
3504338
8886641
6979182
3690599
6722749
7281031
9168071
1776882
8560033
1209117
8557730
6212907
5666220
4203359
3807675
2775122
7523195
3994498
1465362
5708521
9360520
7843473
4960645
7185546
1490963
4433873
9506581
9174011
6847483
9650201
6455576
8150255
1997324
8946526
6712061
3004390
4504051
5847004
8271541
9680766
8534577
1477016
5735952
6107451
6024845
8235310
9093830
6279293
3778701
8366598
5558496
1427136
6430590
9725083
2034230
8053257
7310546
9068646
6544666
7329599
6256274
9421424
9226948
9065615
6406092
3756110
6108992
5006068
7517071
9259257
2593470
9103637
7037669
8230062
3494072
6983033
9546225
2671050
1003754
4756192
3930265
9709105
5798053
7326067
8999557
1952609
9161588
4844183
8054313
5560818
2774724
2565132
9737848
7352144
9497517
3382020
2969122
5965187
3982334
1264969
7096536
5396189
2173081
7341183
8413317
5763709
7250506
9434756
8192055
7174700
8465702
3894261
1696303
4470181
3617546
3292922
3922430
8245161
1503050
6215627
2092360
9389595
1149547
5644604
6386029
3562041
6700723
9836142
4889230
5589820
3616360
4754207
9617662
4586624
7826270
1946788
4359938
7437151
6187885
1923197
2427521
3321267
6486763
9942634
3686103
3697026
9838006
3391388
4560399
7843205
9530237
9612286
8216424
1562924
9782608
9501013
5036362
1619379
1650301
3651812
6411176
9707505
3680557
7092740
9193920
6911739
2145462
9494764
2994354
4211084
2112290
1090316
4682062
6975807
6851856
2634608
5323361
3808502
7519682
4791930
4007985
8363861
4259912
7509784
6568415
3992714
3943595
4480440
8254485
4076615
9637356
3075328
1673129
5767315
8543166
6070074
2670576
8593293
8338681
3353814
7486262
7878170
1299249
6214081
9661214
1377336
1657039
8732711
7455413
1977051
5570502
1370557
9633965
9173831
8786361
3168977
3415351
1118687
4368411
2029277
8344759
2469485
3795591
5148144
4698591
6514985
4268106
3352255
7635685
7608702
2389782
9683107
1428303
8830579
4178809
7217540
5804697
9287151
5310125
6555326
9515004
3052776
3672377
2345355
5774137
8624477
1214776
3111576
8602654
4981458
4187409
6308459
1115337
8014915
6036007
2702413
2094779
5060292
4313978
2242643
5173559
5149967
1825222
8596507
2995219
9522750
5342394
3194749
7520327
3912739
5530068
5142839
6054052
7410590
8129900
4644724
2732327
8981207
1033878
1113295
4402694
9988987
6758924
4813468
8110625
4373651
8890972
8058679
9358013
7348978
9596901
7221376
6110766
6623743
8488288
1068502
3715164
6243092
4615949
5577611
7720640
9677637
4047884
3631024
7745046
6795836
8173414
5763074
6853381
6491619
5201987
2509236
3904173
5076899
1834741
4984862
3377593
9965324
2356917
4790949
9105558
3619061
4430676
6407205
3541666
5351270
5528101
7259044
8541697
4648980
3444866
9279343
4589732
5917572
1971188
8341354
2378955
1246898
9500944
9679427
4681173
7619899
4527022
1125664
7852741
7085857
7095092
3365978
2933464
2884687
2281874
9571393
4303548
6017757
6127319
3562121
2227412
1405677
8410613
8194780
2240786
6458830
7279752
1778705
3277723
3257552
1888197
3688693
4635617
9171897
7197497
8702048
3798830
3045350
8131736
5344075
7340917
4150725
5917424
8212000
6065949
5442842
1594708
5026641
9041993
9213784
7087061
3084733
8502642
7072443
7374607
4079751
1468270
4992258
1654128
6035465
5907221
5464545
1996655
3344137
4780514
8580151
4817762
9090817
1222039
6128629
9141480
1038357
6050397
7471176
1836169
1117352
8029858
4169784
4463115
8569950
7526844
4015904
6710583
2551121
1904789
8089168
9739467
6988461
4002167
6867153
5106569
9578007
8868395
2827568
4503441
3469173
9427533
4774790
6304179
1737622
3776978
5980047
5300135
3871325
6853981
5386777
3851208
6617305
3586950
6806854
9440390
2178808
7854692
7760309
9787012
6409516
7473309
3639340
9371411
6407574
1968364
7834370
1563028
1648258
8058899
7777292
6235035
1783755
4386433
6660374
4834099
9645199
7485614
7394732
4362485
9531260
6670413
2292440
6356869
6350444
4231545
4548518
1548662
4315863
2938003
6152461
5807997
2516392
9983683
9891032
5676484
5226682
3385157
5710038
2185441
2355691
6340719
8035974
6486446
6030225
8744152
5740734
9439626
8757059
1340939
7378468
5157377
7730602
8308309
9656510
5437695
7133897
9964987
2568359
5661123
7470691
6113648
3494794
9186097
7134531
9948877
4461203
8911337
7979073
2618018
8143251
2987727
5220554
8314789
9697756
9938818
2210392
1014801
9350206
4918082
5656491
9909201
6155392
2062723
3204951
7463925
2075066
5879447
3191568
8521876
5725081
2729564
2921027
2067675
2387779
7268321
7937030
3384957
1180934
4572911
4068426
4389755
1380611
6450487
2868711
9853143
8914904
4277358
9347687
4059060
5659094
6160696
1336167
9656208
3934527
3997036
4178603
8183461
6448460
1857868
7387209
1607604
4857741
8713377
9206072
1304772
2334321
2325429
2700065
2809706
9096655
3771289
8380422
5073657
5502686
6518072
4634266
4796531
5447034
1272107
8026312
7863089
5899439
6821455
3660231
8622256
8834714
8729428
9970782
7637221
9501548
9013847
7456348
7965587
1252514
3885019
3884954
6289731
8832595
7324860
8375588
8481931
1939689
9395613
3595829
4630578
2884082
4527747
6493938
4719499
6111416
7698705
4781321
9994152
1437552
9413788
4900443
1510665
6728215
7268074
6621175
4576685
6098619
7145328
6080592
3540498
1415232
1596546
3539193
4997520
8048281
7627807
3322863
6856234
1186937
1110091
2113183
7677319
1807841
1973527
1759456
9470382
4867372
4949854
6477468
2445153
1170713
5912346
3736571
5601316
1168648
8468519
6196327
7176206
9865768
3750862
2810326
1778031
9298544
6976845
4547540
1365051
4680795
1288605
5541929
9428238
6768193
1194300
8430643
6645089
5846811
6816341
2455629
6634236
3427645
5191397
7003199
7791940
4129475
6989223
4488230
5837807
3457213
5498602
4781782
9198774
8327292
4252058
1070014
9401675
2604753
3999637
5308373
4912572
7021522
8828879
5672443
7431055
7058136
4704416
6762067
4622966
3178270
1711636
3245806
4995212
1182100
8905700
2501890
8961465
3411820
1478500
5116813
6204067
2579532
8302764
1794476
3289095
2311757
2467667
7995896
4329175
9950979
5882473
4942530
2974739
5505117
1158396
8531069
6064893
7651798
1471142
1885469
5281671
2043540
9171541
7665654
5143416
4740416
8579732
3141079
2538089
1175311
2601936
9524024
8654745
4968279
7135045
7834272
4913975
3238933
2675426
8827292
7984065
8935766
3689274
9665548
9847384
5556972
6888677
8271783
6568144
2121027
6945551
6063098
4717101
6280372
2244400
9427380
1104047
1462697
9853828
2114765
4458346
7718169
3351043
9185111
4409815
6037550
9335316
2596500
5727096
8367628
3619054
3213833
8064139
8608243
1795256
9181355
7876980
3269448
2784690
3522641
1614296
1956632
8812083
8120594
8074791
8562095
2066236
5883735
8173258
3852864
3071389
5635571
5009645
1864892
3807247
8049401
8895975
8189791
6476514
5266878
9434312
8320616
7132416
8210160
2697211
2768425
6586234
4451807
2292869
7037176
5311618
2253706
1146093
2397701
1841704
9137524
6153684
9928468
6237593
8489088
1150527
1933259
5192878
5946122
3368803
9340015
8283721
5173768
9576480
4733572
1287942
7051823
2162425
2481179
4814431
9976762
8817891
2128681
8828856
2225991
6447573
1315757
1861093
3609892
1612999
4900512
8648753
1680618
8873830
6947755
8284929
7949511
7804055
4410277
3953128
7078666
2294274
4635971
5785324
7022626
2114609
7200044
2968969
9951679
6856802
6139797
2657628
8152436
8562274
8616730
7762371
3816620
8814250
8464829
4754964
3140885
9429342
2600163
3321396
3182602
5738988
4090956
3432449
3767228
7406138
9202499
9170034
5551146
3971924
9140767
4179662
5930936
7679900
8636784
3799026
2990486
4883755
6414756
8581591
1714993
6571783
9911948
1708859
5489103
9216470
8604698
8238063
7504454
1284635
6850869
7332402
5492061
2445022
8822344
2065276
6624471
9965024
9446327
3203861
6677204
2400487
2544843
4095255
3947505
6710912
7465415
9139218
7680907
8659468
4721546
2665815
5278088
2989564
2606063
2834231
3834542
9365672
3758475
8488133
1067910
9065484
9985503
3392834
3552043
3201204
1046390
5495280
8910015
8991290
7726048
3956937
4560638
5468413
9366447
2021608
3223919
3848229
8401753
4126872
7093607
7792837
1077391
5222477
1173152
3159552
7044156
9548464
2701201
1094471
3479241
5145439
2535343
1933986
7790752
1063125
3332523
2406214
9195839
4962781
1818717
7966998
6609534
5876653
4024177
3183717
7263260
3679441
3784305
9236227
9297198
2438221
3325642
4707558
3865553
8956040
8061698
7233475
7482426
7873902
8193274
6050893
8686579
7705157
4555455
1551494
7497728
8215538
3519407
2812372
2533169
8169548
6253977
9642238
7343082
9261770
3757245
2905127
9650233
5947689
5365870
2522538
9299735
8604097
7192764
2947575
9534730
9267881
5784782
4796549
4927961
8074720
8205415
2073297
5132273
8664446
9646959
2551686
1321591
7961938
1360525
7292406
2691366
7446333
5757507
4737888
2929571
6181647
7096194
5883475
5080286
4867969
6574599
7858818
2159003
9928859
3374117
7177400
2827657
7715823
4588236
9470318
1604434
6031158
8427673
5819523
8632916
6910914
2506879
9534964
4926694
1796484
3897638
3301684
5366614
7351335
4748563
9477854
1279001
6253173
4775304
3948769
4705380
8941648
7891324
6597515
2453762
1257236
3504077
5716721
3161271
1556211
2595507
1313510
5417940
2632825
4034024
3833747
9139530
8026922
9934783
3907287
9193436
8458937
8889434
8952214
9317135
6605203
1817944
5590063
7056725
1172371
1483014
3589425
1204906
6834775
7972884
7362797
6132357
5753787
1004411
8468171
2712547
3973533
2332285
7957486
7485623
7845625
3994908
7242321
9132182
3758974
2674087
8278102
1450641
5529425
7424529
2707413
5441123
8319568
3195300
2002930
7373982
1180098
1933461
7645731
1394296
5137614
1881201
5282697
6900555
5422673
9323352
9689948
5023661
1311260
3735872
7697788
1913284
2949597
4531925
9599237
5228901
6312325
7342214
7992419
9240950
5138371
6078003
5920103
7697274
1607511
9756285
5683433
1790132
1059505
6627709
7076615
5154951
9140412
6554505
9683429
8142941
2513117
2702756
8524965
9471293
7146849
9379813
3869289
1252842
2001078
4429834
3039663
4339457
4289216
2962669
3664501
8092426
2725567
4219559
8991749
9878250
5203095
7779404
7336803
9082656
2906650
3095518
9194181
5733774
6289329
5335805
9935770
6762217
8354944
5100479
1236007
6263396
8678203
7250268
6009350
6502569
9369003
1960628
9818871
9744121
1752030
9198500
5878868
8214717
9738871
1703598
8046456
5608989
7308297
1952400
5866832
9009617
1897346
1119040
4200941
6906637
7729814
7976189
7606289
1807977
2352810
2340000
6441496
7208121
7802443
4971404
3462889
7649857
9501141
2188155
9544310
2020901
8159904
4123067
3954600
9797056
8241968
6482752
6727503
3110162
6282613
4835403
7216032
7012967
2984547
5277890
6877512
5818685
9764923
1869289
5534808
5310932
3693202
7432497
8644034
2945124
1112600
8574703
7003548
9355219
9389092
8433263
7714066
1110542
1428958
8215042
8485033
4713866
3073149
1460741
6098505
9673410
5413682
9164779
4066707
4515546
8895269
7936613
5433684
5213796
9394535
2047280
9297409
1286147
6103440
7711840
8468092
4179334
4358995
3195491
1912061
1036054
4800055
8808424
7943869
4559827
9408991
2827872
5798759
1587387
6619532
4334053
8573560
2184644
2685433
6547977
3296953
4389547
1741895
6184146
9893659
6898589
3314907
5948420
6207731
9432805
5391446
6000062
1353549
9214110
5221859
2450105
9974886
8021579
6584294
9679109
5199389
5438204
6339251
5488086
7422930
7723980
4111837
7358799
1690867
2132512
8241705
6000525
1059891
3955745
4875106
2901654
6400507
7282413
6614278
4421507
4542901
1427210
1677969
1917891
2164695
9185388
2845641
6524193
5476502
8158665
1667210
3975880
6339868
9724162
8925971
7828989
9923955
6640659
2021081
2277788
8872265
2068630
2922787
6716959
8778127
8284341
4729182
2526932
2754478
5836126
4308873
2955654
9392841
6632019
9857596
5869215
8883457
6596001
4765773
2543483
8674949
3974072
2218963
8345295
3802024
4689692
7798831
3193498
3607728
3843491
6437416
7092756
9360004
7377887
1496718
2989895
4309830
4361349
4279234
7757771
6340690
5401551
8413596
2676749
7044262
5159542
4139973
7984617
1545403
4248356
7215366
1044478
7328986
1678608
5252616
5763075
4684683
9436986
9749494
8261776
4514242
4515729
4454289
7129135
4049507
8810906
8891219
1292492
3549656
4922443
9581742
9010818
2661441
8112552
3265334
7122759
8755596
5567678
2042652
5486842
8371277
8773293
8585517
6668995
4167703
4229506
7099762
6159099
4666308
1437509
2035073
8426062
5650442
1825679
2249517
3438749
6955070
8184280
3499762
8738991
5129822
6382415
1930715
8795954
2109666
4010962
8735192
2236198
7052835
8097440
1399946
4552098
4939927
6171925
1732001
5229395
6726675
7804349
5629897
1324713
3315306
3462460
1304128
4415907
7297598
6389836
1310211
6626653
5446861
8379871
9871962
2077176
8882566
9141872
2775297
6881219
9429405
4127812
5553185
4065888
7967763
8740966
5354535
2684985
1640377
5272867
1672115
8953652
4438038
6258841
7491276
8001651
1551423
7644543
2132434
8899408
7471472
7270977
7669620
7557529
6243760
8410281
8721955
7007839
8678850
8048078
1268695
2524581
4716177
8398943
5677850
4371966
1268652
6937279
3291930
6643567
4059059
5975703
1349066
5702446
6078880
1432039
2181059
4496883
9182346
3186662
8095983
1656973
8922382
3516836
4134519
4886287
7721752
8822846
6223326
6790388
6359729
8167417
1945718
9540167
9954840
5591161
3924634
9017344
3924566
8807987
7745243
4677067
3826045
3774753
1634279
6446843
4318154
2613886
6739703
7600999
3601171
8886530
5088984
8173786
8908602
4392199
9128589
6759232
5609459
1062404
3482339
2404774
8036978
9010394
6118470
9002107
7247657
2771244
1878506
4275782
4710057
9223587
2494652
6363871
3767048
3229610
5097394
2632681
3406994
7306678
5213496
1433287
6623098
7144522
3777861
9274646
6653267
5610738
7317270
7111364
7985450
2339997
7994010
4464727
1254167
1839095
9643957
4772615
7820069
2370008
2747345
6593047
7835774
6504694
8624931
9763593
5986186
6038833
3464034
4811881
4791401
3231832
5802093
5835733
5113503
3889591
3216485
4727595
2651233
5329011
5979673
2438842
8051398
1532473
3486033
1225053
2364887
8065267
4919950
8972908
3712154
7651699
5434248
8755756
7313315
7419276
2536456
2967242
1777452
5190719
4392735
9409603
9888328
9787651
7644215
7206247
9590402
7953352
6158177
8404751
6136380
2694396
4635903
5956291
7895149
6514110
6311091
4817105
8686754
9614235
8963119
2976826
8924097
7711607
3773527
1257534
5826841
4488422
8710900
6389986
4254783
7743602
6000787
6561623
2153285
2895255
7793413
7202903
6694220
7231461
2514240
2121315
4539379
2297461
8653967
7905496
8187193
7061462
7054310
9311778
7509408
3094217
6263433
8490208
7966794
2478755
9522477
6468851
3862537
9374339
3866534
7631992
8185985
7657252
6802923
1739261
4779041
5154189
6009840
9503235
1417019
2683310
9126427
5567495
1101160
7944052
7480706
8085167
9025888
7012352
1457034
7651818
7391513
2098548
3923691
5937752
9312245
3479904
9138843
6394723
5107073
3262355
1107000
8388286
2688276
8188477
2004098
8359612
5925389
1077579
6438712
7813403
3640272
3871028
6296474
7068347
2261443
9894211
8037255
1321944
4553308
9808269
4656057
7421975
4631989
3898685
8822062
1532384
2250627
6306781
5468048
3220944
3523451
4015919
1546231
8843354
1237975
3655284
9976710
8477622
1487912
7232444
5463612
3629801
7058092
3184246
8489564
8897702
4731202
8153561
4861351
1155397
4569859
3184508
2789152
1149314
3490316
5517667
9154777
3285425
4954986
9920386
5826269
8002384
6806158
6482598
8839533
8206613
4192881
9514953
3316375
7021009
1402449
3330149
5083188
4933980
2327229
4385796
1561793
7663705
1655206
9874847
8798097
2228789
7227895
6245333
9614777
5700979
3274462
6124190
4421133
4691659
9186548
6577455
2682361
8437228
1618705
2191312
3490506
8476175
3263132
6518732
6480694
5327038
5037634
4067416
2307689
4502419
2616613
1760551
9600315
8916812
1986479
8728932
4704662
2133311
6334871
5694512
8357140
5880890
1486419
4942534
4672329
1806262
1362175
8900229
5974165
2163204
9129630
4653870
8011885
9909543
2052271
6019909
2926947
6908820
8568586
9588620
6223659
6905527
7284042
1501118
9622423
7850023
7411069
6836032
6053278
6020316
5515651
3532782
4632129
7138047
9902508
3804636
6267326
7174641
2248373
4578915
2260736
6926816
8778260
2828894
8762935
4553919
3742018
4200205
1733629
4146709
2604217
6253489
9695545
8196408
1275958
6561073
9802632
1527882
3050817
5997252
3788312
2603084
8281811
2126150
3520847
8794225
9499999
4598015
5110452
7899830
2966285
2898458
8564812
2877952
3206947
8661971
5878824
4712197
1406965
8614380
5444685
5834439
4255999
6405336
3434092
4993326
2422744
8028497
6477667
5189781
6600817
1764814
6236893
5776126
1032727
3909361
1028614
4345281
8060958
9587080
2416402
9573323
7292231
7981072
5608110
7343203
7556763
4776194
3040247
1714202
6003112
8340392
5764578
8405987
8676355
1301896
7930108
9631240
5139888
6821972
8215011
6483887
3420191
2600528
5734588
5301812
2985487
9913357
5326967
1693383
6033007
4323821
8714633
9348777
6584170
1547711
5502568
3758546
7244644
5012621
2776268
6911382
5077099
9827475
1861685
3697409
6448040
2717490
8981768
2541504
7733286
7693821
7208286
3928145
4910081
8258858
8698190
8657972
2010819
8769124
2276122
7616707
2675260
6504656
4076272
2865312
3092168
5611063
2056802
7497733
9886710
5962355
3622017
3216953
8292742
6122364
7526829
2960305
7429827
2340788
6932848
6877468
4393009
5227329
1112868
2686115
8975425
6866619
1087931
1347135
9101091
4406150
3903814
9529277
5441619
8343817
1118976
4554671
7879768
8557550
1772179
1040060
4371409
9129924
6961219
5491754
8201961
9338228
4017819
1545122
3978981
1842120
6671653
2582341
4129003
3840058
7278582
2860365
8950646
2303979
3407034
3669989
1602079
4351353
4927924
7023660
5827246
3971422
7304000
3104832
6970850
6371334
4547748
4811367
9554213
8234905
9955437
5929555
7707853
1419810
6284447
5747782
6655790
6112165
6701159
3856563
8372852
1780535
4684236
9658774
7979727
3434994
7472395
3942150
7976432
9501463
8996851
7100970
4994092
5497945
9105201
7532929
3667702
4330079
4740773
8338110
9796315
9981297
9074828
7747818
3834152
5676286
2440416
2272587
4293870
4718956
8768333
8459965
6371314
5662329
7536549
4696304
2639910
4266841
2179671
8510930
5807204
5047640
4453908
9863397
5677597
6252513
6307730
3036259
6701788
2085719
3641733
4093984
6959001
8289220
6335851
4879704
8959771
8718336
1989182
3159618
8227558
8979412
8694280
6639845
3796022
5630206
5203762
3534689
7313458
8096047
7200654
8973800
2031397
4550082
3036158
1360910
9044297
8010839
1540645
7682350
6613445
1346624
7928092
3652766
6645280
2990611
2834864
2359765
4113727
3752377
1435883
1160731
3762980
7896037
7616703
4668889
4369784
2733904
8212026
8300746
5585659
6131028
7751199
4723161
6241345
9634959
9943578
1511788
9535911
5763754
2909759
9484585
2373647
7425434
8514228
4999776
4422721
9438829
3443987
3706248
9912210
9587864
2674404
8131630
2936290
3452760
2446371
9378018
3234048
6547735
2557246
6835067
1007825
7796017
4128763
4409109
9612562
2754942
4767664
9876625
9095489
6953210
1670794
9788582
5764315
8467059
3703266
6062182
2896610
2662050
2113477
4695099
5093054
9862917
6529780
4872794
2063894
8312324
8175884
3089776
1886367
9783905
8388238
7081323
9940292
5499669
8938633
8701436
4672198
7199672
9564591
7191323
8867103
1769280
4318998
4425883
1226242
6680077
1495016
4106391
5109333
7913875
5573422
9664420
3511498
5282465
5521561
4287552
1191762
3891361
1341673
3914402
4173771
6450433
9786569
1695964
1943420
6327992
9566162
6832558
2373583
1392060
4317984
3832564
8268311
2317386
8895986
3251961
4552322
1175407
4817038
5569893
8141761
1885719
1400205
4436244
1910421
3151403
7562515
7688704
6334348
4286623
3558770
7451370
5063630
5156068
7527256
1902516
4313825
1353346
8476302
9754122
8484916
6286754
8940682
7047105
3449002
7685610
2055975
6681680
1653933
3056634
2759804
9300254
2806253
4258886
3175347
5627299
1387345
4372363
2564555
1563202
1014902
6577215
9451808
6397238
7645718
5572763
8547762
3404820
1384683
8096980
1140372
9748937
2661037
5200370
2735278
9028021
4066552
5177616
8231477
4853136
8025785
7333844
6639537
3788819
3122499
1929800
9565663
7645472
3389965
9681482
7527113
5273238
4254695
4755128
5724483
1401567
3662989
8274511
5478303
2707492
2158659
7061493
6414988
8812971
9678193
4519797
9239275
5839159
8975825
7543187
3631603
4462816
1357536
9075400
2634141
8160011
5912442
6706006
9545106
8618349
4484081
5111863
9218836
5584315
5815255
5101939
5161554
1669309
1906265
3599504
3879009
5329228
5443975
3663838
8393367
4740424
2665578
1226658
8148162
9185678
2841550
8754995
1542833
8228905
5384945
1957627
9152273
8719264
8201282
1916631
4866156
4770208
6896437
7830650
5030284
4673019
4424670
2038646
6322918
5667880
4593012
5251972
1239222
8592499
3782345
8071622
5254789
2882888
8869183
9138314
5317106
9176820
7759637
8992528
9566944
8128516
6962947
4945127
3296733
7107857
8748011
5799228
8361660
2277186
3434417
1838188
9052771
8821708
2849748
8975067
4542535
7881855
5524405
9533349
2438806
1759859
6919503
3436805
9717902
3312114
5427248
4903859
4300796
4102599
1097096
3658467
6845544
4160454
9140888
3143931
1028840
2443613
1585413
6117932
8638298
9875955
5257509
4429324
6065055
8018823
4058857
9535138
9774428
8593972
3619420
6046338
4356002
6733402
1638747
6287699
5046184
8893088
4825350
2536895
6343832
5585343
5728885
9831307
8068376
7117154
1476215
6952879
4306363
4182669
3480992
8771999
1921351
5092275
9414913
6270642
7480344
3362347
4292389
7327449
8746989
8106661
9684513
6757380
1497569
4828305
8923859
5208505
4121950
5281416
2674239
3582758
8855797
6963462
5723062
1575432
7003713
9047815
6493320
5140012
1483749
9726937
3170580
6420037
8906395
3945137
4608933
6855230
7472831
5355578
1758992
1103410
1730443
7980819
7881244
6467114
5828949
2227984
1799649
3926006
8526806
1156707
6931308
9952518
8172956
2675603
6194634
7940811
1730962
2791724
6988235
3538641
7607967
6578408
3894729
9934543
7672373
6472695
4823050
6512913
6304923
2679818
1169874
8134085
8310078
2031734
4257117
2575988
7479331
7290238
4490484
4154410
7764032
3917424
7446589
8927521
1326092
2336565
3454704
1884067
8568060
7675402
4723864
7811046
4886896
7650620
2397319
5865132
8772830
2275027
4235614
9171786
4241942
7117525
4971196
7140656
9381781
2403853
4677204
5010650
3504053
9785109
9722220
5587742
4276901
3062497
5418291
9546311
3508134
3436853
5085098
4351176
4223847
1357065
7505287
6222244
3759633
9566187
8157719
3982772
4910837
7672910
2837386
5053610
1939725
9861857
3886980
6291125
5152273
9960858
5659057
8604021
8655739
7816251
8729504
7834145
3422821
7806780
3935492
2522934
4608762
6406587
1410431
6270235
6637690
1443553
3798224
4636290
2524258
1982734
2392087
2805320
5494603
3313048
2044535
3520719
5750026
4047822
9066435
1968683
1839641
9358819
9613332
9484220
7078157
7968561
5478242
2254419
5266567
8158827
3438682
2327712
4440103
7782663
3482575
6481458
9371326
3639170
6883036
2980904
3707530
3571965
3054841
1765215
2316168
7564536
8088635
8228419
3185349
7147510
8702866
7542571
7042502
4045273
6995862
5147640
3916594
2927783
3674361
7888949
5487908
1916348
1486219
5800932
7213269
1508824
4095730
7575416
7992322
1367147
4231489
3247382
9229194
1571664
7365187
3279553
9407635
4123472
9090136
3201214
3454645
5809016
7722063
4291452
7601840
6493380
1220349
8616407
8168482
9254436
1524581
1528238
1311284
1369215
5991177
4382619
1135285
1936823
8544280
4592562
3382311
8613646
5363760
4565221
6241209
5167622
7287823
9210247
3185477
8173038
9289893
1526647
9459315
9857515
2022612
4015806
8435470
3894764
5984906
3820155
6067774
1221890
4204878
4645910
6736197
4365534
3754963
7344532
9037927
1826493
1862241
6790706
1731060
8848753
9453666
9125652
1289984
5416713
3212539
5407400
2536461
3922187
2277401
8123998
7497975
2219728
3538816
2659769
2242808
5769512
6407054
7982252
4237102
4973519
4162789
9159246
6379450
4241031
7694928
5023471
8449418
1042440
2583046
4870775
8313098
7872485
9799893
5952644
5843374
9012351
6106313
4397164
7965956
8137263
4534334
4513515
3328456
6231687
9639842
4687062
5332335
1660337
2194183
1159264
5998313
3756548
1583800
7744805
2328745
9123900
6083530
2586436
1825199
2160120
6981221
2755818
9406624
9437785
8281307
3901204
8304988
7597033
3139448
4461579
2751697
7540769
1893003
3816718
4103038
7405735
6501044
2242828
7258899
1601879
9935631
6775337
5366240
5300441
9618496
6749107
7054547
4164259
4313400
1338164
8318389
3093999
8296551
7811001
1371599
8855295
9433179
9661540
9536346
6913031
9214272
7791574
2952949
8946907
5306824
7215328
6440755
5126762
5962101
1452492
1651107
3646778
3577069
1317278
7516394
5667046
1691950
8513488
3039223
5309389
6665810
5110430
4240397
6695387
8807077
8158614
4879119
2998045
3145652
6287596
5795951
5882696
2740369
8330428
8006879
5891339
3843925
7959873
1113780
6416198
4672717
2127436
7225008
3181762
2949648
3106168
2785736
2099218
5963256
1050405
1305669
1221033
1234208
3103675
6831239
4464606
3994629
9597297
3380343
3690300
3888048
4900589
2033523
2294390
1628579
3471542
6594416
9240586
2698306
1431311
4595812
4245556
7246084
8056094
6466178
6308559
1469090
2061358
1741513
7475359
6561304
9592433
5493687
7123329
2541146
4349145
7794218
9534590
3841296
5376809
8400264
9315716
1559558
8683702
6129000
9119087
7526838
3285667
4708392
3343168
1414839
5080876
9286992
4915892
5037954
1482554
3407256
7157520
6208058
4167632
3344582
5315947
4117468
8124037
1483835
3033107
2457584
8943826
2458086
1915283
8837959
4494798
2012241
7049877
8405550
9189159
1125995
5196772
2282498
9365675
5420702
9041765
8423340
4417535
4978379
9676806
6667567
3627487
1160018
6415998
4591088
5543583
8250087
8314775
9304918
9542263
1235809
3454896
1438426
4350670
1616277
6325943
7204521
5864264
2368931
4557063
6490496
4802081
2291879
8541741
9321543
7214094
5578539
1038216
7510497
8091225
2462315
8414210
5195723
4627220
1381537
7026201
3393660
7302465
7506083
6042178
6457380
9493818
6020138
9682616
3596913
7865131
9753204
3822137
9905141
4149559
8628589
4293249
2070812
1737699
9523698
1810138
6730141
5321269
6109230
1991291
3578407
7278921
3388056
3659559
3482710
2139436
4270021
7190569
4510358
9763113
4161146
6706270
5184536
9538219
7655414
7269651
9628459
1849171
5984734
7405976
7401005
6462924
8031304
7738036
8986786
2275373
7183716
4531346
7870788
5622431
4486936
3346452
8420036
9521567
3634843
2346158
6594377
9499164
1874973
5899166
6726406
2471556
7120998
8690009
4134161
9988412
2269596
8559545
9653657
5261950
1420713
2945885
3126856
3362719
1130531
9397024
4661882
2063040
6022182
7408366
3371237
8268700
7493880
2577628
9410065
9965075
2241828
9283319
8098826
5490326
8483962
8169823
5178972
8642796
9516340
9786901
7618751
8372156
2532172
8152537
8607436
9894666
2796437
1956368
9551158
5626654
7022023
9029437
8944436
7582603
5023024
4553439
2299262
6395781
9690119
1946835
5814511
9817398
7409450
3221666
1066650
5649426
7999459
5272461
6889865
3251872
7880631
1891992
6988826
1129635
3428536
9208028
5779434
4372721
1545651
8893937
8813935
7014331
7113132
7417195
2266425
7375934
4563385
3182651
8990665
3820497
7717077
5207856
6248796
9350687
9569294
7018903
1307538
2423390
3334465
2040232
2700227
8947792
5971469
7843874
7332234
9452081
3255373
1375114
2648397
8686322
7795082
9548183
2623467
7965933
2355041
8675681
5947999
6355178
1714393
9223170
1050268
4575560
3293241
8671869
4214522
2971598
2547463
4473741
1596664
8781964
2482580
9025216
5641451
2369301
3172206
3587221
6243543
7981151
8851974
2557051
7974243
8357342
7602140
6425244
3893058
6903301
8782535
3098136
4891719
9730446
2476626
4941638
1289921
4139803
2380163
6137976
8570160
8385060
3325206
4723509
3981694
4067779
9978771
6339885
2026498
2062414
5564411
6243248
2744113
1571085
3369457
3986558
8710766
2272460
7646750
7132334
9039804
7702858
4664461
9077800
2891482
6307354
4008106
9774077
8019494
9513641
1784301
5199210
6292357
5664968
5120291
3614543
2015851
6680820
1669302
1887174
4359502
3633347
9691332
8340714
2436328
9062009
1505542
5383517
8623933
9920788
8374219
6686214
8446825
7679916
4427036
8262305
7626662
6263790
4168073
7340520
5286117
2841146
8626868
1472299
4474867
6943186
5540397
1099491
4681918
8164725
7948270
5291949
4726009
8523589
8721968
7276460
1349596
6440173
6499478
7258966
5369584
4620478
7859368
8741651
8001730
5909907
6965772
8788979
6360973
4837075
2506752
4589079
8412477
5250974
7801219
8364898
8334153
8958851
2120724
2306081
5539865
7048720
4287907
6969000
7337201
7004363
1518232
8861870
8790350
4206408
9207185
5381642
6956735
4989651
2101240
1898799
2865917
2374848
3022548
2119310
2478301
7334568
5735814
2187178
2148518
6084902
4519000
5003825
6439015
9742602
1630617
2003817
4813755
9076381
8166740
5663048
7520672
9715629
2177019
7077103
1028508
3547203
5188110
6774745
3049041
5546930
9564553
8093816
8164579
3810642
8120308
6439249
3251176
6657829
6727612
3132481
5823440
3672361
9066995
6613590
2478429
6231047
8924940
9599514
4000908
7439939
5680362
4303972
4721117
9592852
1651210
1246169
2377087
1397629
8156302
3791331
3127032
2572908
6104243
8207408
4996397
6634849
4625365
4260909
5303301
9079227
3585250
3906803
6196467
7486368
8739285
2370634
5794779
3121531
1395468
7908301
4867900
3314746
3935269
2143350
4742712
2173231
2124364
8399618
3812824
3604646
3829408
9270455
3327412
7483215
4040231
9990357
3497377
1014078
3147559
6815562
9378716
8400561
8807047
7788433
6763151
6517289
9450550
5778325
1547089
7778669
2523730
1388618
1383099
5556970
8345484
2233452
8270200
9591934
3172026
2440779
8885246
5001102
5472141
7077567
7368291
9758685
8086117
5372760
2001249
1261360
6676865
3894944
4109173
6323136
3815236
9538275
6060228
3974919
4119301
8062191
4785255
1333045
3020934
2901913
5787361
3006436
9407399
3572943
9346503
2049937
6835420
3912060
3581136
7636662
5196044
9867809
8394654
8246654
2416484
6383720
2886763
2208311
3445860
7314950
8175296
6312758
5962800
5019241
2824298
2976095
5210650
6540991
1677885
9280979
9757271
2953017
8519638
7952087
6625471
7488719
2129484
4344881
5544753
8537181
5154072
9772877
5355030
8016486
8829125
7090960
5367133
1001959
7960001
3134900
9765879
1379174
9217349
1736973
1832172
8273555
7062913
5628315
6034007
7485343
2742156
7947064
9535381
8455004
5059835
5129219
1118756
9101300
7899575
4343677
4964681
5370638
1831885
7585187
4915075
8996597
5058040
3803413
1970775
4073971
6069762
4000286
8494931
5954598
8690004
9491829
7097000
8211289
2751953
7250962
7448914
2730629
4156722
6496627
5851353
4959024
8624414
4794249
1248373
1483902
5056921
3044278
9384846
3715006
6873966
7773385
5389754
3767840
7512536
3192325
7419643
5623029
8031638
2285909
3566552
3925671
8402341
7608108
2196379
7153754
1369019
8145236
4084747
7129322
2912809
8452965
5126027
1424774
7629096
4346711
7989579
2034972
3121304
3976299
7785333
1676174
5978429
1478614
4297940
4313533
1279995
8434510
4832416
6011253
8933477
3614866
1694645
7902769
3585080
1184332
8962389
4060879
7366037
1530994
5422411
4796894
6657351
9873876
8947154
8452262
7530626
7170264
6558157
9410047
1965845
1034628
3618913
5070038
7113713
1524674
9775640
9642230
6032139
6305754
9794455
4076075
4296455
6131372
7670179
3588195
6288581
2147756
2620559
2834600
9998425
7372675
1182713
1634440
3623158
7183899
3593239
9282807
9752306
4865681
7555260
4059663
9349912
5946193
7722640
9583110
5519978
2720182
8966927
3018409
1098326
9876880
8281104
7764166
2215700
5891531
5294953
2174183
8678613
1256141
5159097
4484933
4183621
5319375
9235758
7570058
7699444
3406839
3503465
7562507
4454162
1248092
4051872
9685516
3383442
8274587
6632178
9312142
6099712
4857177
7864704
8265942
2157630
2588377
9965922
6659584
2682668
6935495
8750904
7878355
6811582
5639982
8662498
2658205
3651859
7237775
1391250
4022466
9588299
9397474
7582233
1348304
5068776
9582512
5736808
3248230
3301545
4407673
7813248
8993269
6333123
7641747
1467476
3232167
6242226
4176308
8446686
2751623
5033303
6286609
9693727
5171336
9632306
1953047
5208635
6181754
6794625
3972209
9376724
1733545
5186754
6308315
8894695
6104919
5995222
7348542
9304484
5269356
8687743
1108355
7889482
3771333
8133980
8525173
2856810
9485578
6504929
3513169
7251083
3209428
4501341
7881800
9396023
8853142
2900007
4758536
5500900
3515762
7346433
1588832
3391317
9167943
8438176
8660378
1431146
4631384
1138899
9242437
6300613
1522608
6779962
7895202
1180959
8428092
1684305
3647549
4423875
6153369
2751965
4534728
9837090
3305919
2125774
4407349
8139687
2676949
5263783
4141690
6475595
3766726
1941354
7294449
6483228
3116395
2943415
4573416
7113402
9207275
9369926
7407805
5812275
7809160
5403236
8728589
8701512
9390243
8673683
9127862
2103671
8157890
7840733
3240490
8357826
8255095
6681923
2233191
5050448
2720396
6490904
1327484
8461315
3212150
2018180
4354222
4478490
8092871
7117886
3230683
1787192
5217479
1833217
4204606
6704917
7184117
5271771
8792324
8630420
5255401
4220650
3533213
4378565
4671958
8817737
9766926
6120396
6380734
3146290
2942846
1265170
4321285
8468516
1067863
1714258
2239153
8218495
5407662
7278271
9167497
2336949
7880406
1999996
7686197
4409243
6976689
2920980
9033743
9677953
6711256
8069644
9265888
5022839
8647292
1806686
8129012
8781657
4777549
2369655
2406458
1767476
6871954
9535244
3839110
1973170
9250042
5954681
8174097
2684674
8381706
2332498
9901330
2489604
2674078
7451741
5812174
3713428
2748253
3715344
6922229
3575501
3636967
1819895
9531638
7206600
3704210
3724833
9754494
9017813
4305069
5807837
3007132
1064338
9268044
2086663
3658528
5598826
2828205
1060983
5448188
8600352
4582336
5400003
9950122
6423259
7525933
1776804
8669232
8329524
3991386
4354648
7053464
8268079
5552244
6840334
4341132
2172079
9686895
8548335
4025698
7863701
3981472
6993459
7189004
4222218
1364995
8524018
5418890
1822083
5584808
1073317
8439947
6814182
3599194
2018916
2154553
6035194
5480402
8837009
9271203
8650539
4466529
7485668
6809265
5181759
6810676
3020569
9623626
6521979
2489164
3238888
1984153
