100
6889663
7606851
6160126
3177982
3320886
4730141
2666685
1252906
2376210
5695084
5229407
9846914
2717421
5156052
9918443
6369447
8579068
6245631
7114756
9796045
9274092
8803304
5528361
1469537
3988191
6898013
6473796
5728521
7665222
5498370
8623134
5647429
4490359
5312555
7484312
3867868
1284553
4357553
5420661
8331385
8735006
1935009
4380087
5146799
9143665
8303000
7012623
7374570
9826456
7708051
5322218
3663648
2738179
9278125
2168760
1468110
7341174
2486473
4288214
8516439
5610980
2556282
5542335
5196946
8286573
4633872
8598743
5605138
7703074
5542917
9591304
9865851
4472382
8405889
4376913
2045219
3813231
1583594
9353044
5449406
5424806
4805927
5653982
7622871
8677044
6187710
7949709
4455747
8491461
8859427
9791230
1171454
8844449
3958107
6089852
2522491
6637657
3816097
7016456
6599208
