1000
4095448
8643484
8524380
9438203
8747774
5747963
8218226
1790211
5134449
7891705
4609526
2192060
4587316
7009179
2384361
7249518
2125355
3858585
2164730
9713917
9303170
4287510
4263156
4677959
4652209
9657874
4730808
7517538
5401034
3268698
3317398
7722546
2344926
6945646
2828967
6252089
3343371
8848724
4364294
8915568
8528346
3653483
4886408
2259821
6018080
4648715
4476785
6868309
2056762
9043595
8643880
2930237
3921646
1703971
9272101
8033740
8296694
6336964
3726944
5317892
8349008
4626836
1006501
8841193
9307771
7115191
4248951
6901360
5700828
4258611
7914953
3340708
2955769
3983835
7046260
3246853
9168317
4028846
2329901
4859907
7722685
5163609
8234110
3961146
3927769
8025827
4456832
1511598
1104822
2971447
1399102
3385761
5787738
9320607
4677005
8278162
4313273
2751431
2512490
2832641
9570231
1690833
8514675
7643800
3542055
8001280
9456554
2073365
4654451
3899663
8599782
2861270
9482244
7130930
1753316
9310084
6916571
6389781
4823134
3013483
8548680
9148452
6519178
6010249
9094442
2142979
8264445
4851581
8058919
8382896
9756289
3997882
7619558
2935893
7070092
6360885
8178971
6453555
9356610
8165427
7843722
7094548
7966965
9634927
3832831
8551311
4120242
6681211
6462437
1171906
5637951
3637061
7237020
2608091
8565380
3982556
1092687
8660519
5193823
1959451
1301238
9160559
8220595
4389757
7796137
4259433
3972227
4841946
3886789
4313611
2626059
4217065
9784795
4452717
3135607
2523351
3798111
4964488
6200944
8747015
9285638
7130641
9722459
4527098
7843402
1258155
6889227
2600834
6822698
1754396
8447529
9194946
1402957
5237383
2321738
8663264
1968414
5076386
5174337
2328070
6755590
5950849
7322078
2357093
2740917
8663987
7832871
2295420
9073411
1831876
1727717
4219472
2162030
1267955
3391458
8249540
2869587
4465652
3716552
7661563
5307514
9151305
3033652
8197883
5322844
7156773
9649820
4051893
9444423
2275058
6651838
7180755
8473349
5197652
8908851
5522121
9192457
4653542
8578540
5766119
6116099
5777107
5078010
5778814
6013893
7662183
3514211
3957202
7188838
3988808
4444731
7935711
6716063
8052079
3681208
1495719
5549867
6391356
8902027
7450155
8059619
2128817
5867306
2110440
6791082
8043085
9721714
1079012
9604902
6735093
7382093
2177145
6981048
1889030
2806744
1606601
8741556
5939494
4221143
2922076
8967924
4285060
5114684
9693806
5504393
7809150
2446909
8504549
4474267
3876202
9950085
1795585
5787043
9379630
3382781
7949901
4829078
7643428
3503707
3204654
3351092
5461721
9042939
9351529
9860865
2417477
9101916
4857882
8699002
3802656
3894374
8537025
1975348
7274067
3942178
7943097
9272441
4478245
7640858
7761644
1018483
4404367
6539266
2990513
5588854
9387762
3940462
8649089
4772288
4611712
2871485
5506726
2794291
4231337
3152950
7000246
7706358
2535959
3029609
9723727
1454104
6962732
7711952
6081091
6580350
6731163
4249223
9198158
7908726
1499692
4599393
4617918
4236996
6303356
3587156
5979290
9176332
3290381
5613479
1051366
8636240
9261882
3154250
5863398
5276044
1988454
9790854
1421378
8375608
3349973
9061910
4595234
8559549
8748923
1870853
2418953
3981674
9202436
3761441
3937286
2675888
9087652
7683472
7080154
6249020
8220353
5656417
5371988
5172877
5534182
2729886
1809731
4037663
4759865
7246744
6894397
8822854
8222111
7830378
1333948
6018733
5889463
5612522
2601289
2246913
8265956
4597212
5300164
7674033
7318887
8152465
1144874
9357688
2771117
1509520
5278079
3009974
4805829
4945723
6813775
3650242
5880461
6176204
7006825
8653252
6274038
1525024
2716939
5439505
3963789
3167411
4504620
5388752
9652052
8204390
7141270
2730428
5622464
4139863
3600450
6293410
8478804
8428007
3076265
5187541
2856214
5019888
8460295
3299311
9632633
7293592
6226307
4202066
5632652
9795576
2071694
3303511
4365760
8701690
6419801
1816206
4092192
1720234
7126162
9068486
5525652
4996306
5352879
2907375
4086607
6231332
7773180
1531757
1939082
7775323
3420594
4845911
4723064
4110858
2457273
6271457
7670132
9718321
5193264
4100110
3637176
6752612
5254027
1329376
5290840
5664421
6594781
9393516
6729927
8435357
9976054
2475497
9326552
4092606
2104774
9426689
3624144
1707308
1700130
3455299
9421674
6783748
6440559
6458687
1071458
7239868
8758197
6607571
1583143
5875517
2106351
4063716
8593131
1240846
2762920
2443288
5231534
6708907
3337400
5521115
7377434
3279452
1485112
3857080
9565328
1932169
8008706
3615194
7587203
6118406
8075948
9886691
3340443
2686627
9297343
1675108
8371485
7884056
5434587
1120853
1499162
1060102
8325294
1027886
8202141
3940743
5083878
3191958
1069313
9235450
1713738
9304804
1782451
4476121
2134632
1829500
3683699
9668189
3173914
6017531
4336977
9272172
5484227
8323165
4503470
4355153
1190153
6288766
5942833
7550484
8213908
9693167
1401668
3209538
9947846
2913204
3481966
8322927
3362275
8178067
5308634
7588363
7057436
7296966
3766847
6042122
6594710
2303291
5048138
3324168
9449128
3393763
3543722
3073612
9631661
3020386
8184050
8070291
1591223
3840374
5113253
2998912
7407494
2804186
6042125
6434602
9571552
1089908
1294893
3652486
3862128
2382797
2684632
9751038
1674084
6262409
4698793
9249449
9353154
7560727
9956332
4796387
8419171
3487002
9960061
4609592
9570124
4905521
7045928
7751324
8172344
8555531
6292098
9547262
1449090
6765782
1263678
1488382
5533442
9602056
4744114
9448668
5967166
5843071
4861196
2348410
9602603
1421758
8026055
2929948
8787412
9176584
1630882
9156742
7172587
5186785
4346683
1832742
5015358
3667010
4215832
8726611
8110028
9410421
9431551
8236381
5890080
8953097
9670687
9225510
5906342
7021128
1785582
4256648
2182684
5201774
3662357
1643193
6923402
3435523
5742769
2403468
8161573
9862837
1992908
2653369
3299480
5666767
8079875
5647318
9494285
7594725
8750705
4731287
4548347
7061652
9561165
8435044
1171257
2111013
2495727
3214161
8265098
3593418
9911385
1875299
4826457
8927836
9840436
4308481
1149680
9488339
5845600
8781248
1554131
3859734
1352441
8869715
1592442
8784420
3541526
8516274
5421696
9109579
2097404
1142801
4671630
5379881
9724019
9999724
3082819
5049145
2900823
5896593
7690584
2247880
7931210
5897885
5411063
1325152
3075896
9423075
2830660
2141723
8720580
1664226
7934456
5311027
2255265
1333845
2883858
5076873
6429820
8160720
9334326
6397987
3938536
1439145
2630995
8453419
9574330
8808053
1537608
9172846
4507982
7349604
4462463
6430817
8429042
4706134
4498325
2764586
1511954
5940159
1952592
2010013
4992572
9749496
7926090
8657205
5636613
8446063
8205134
5597373
5519308
9092234
6656249
6545798
9343926
4582391
1313283
7586931
9008609
8534358
1799334
9955970
6333661
7063539
5900118
7503886
1837696
1942702
6838171
3516043
4684042
9756693
8074979
6318200
6130041
3914083
9737987
4401722
7593397
4782985
1861703
5316520
9594606
9078550
4396248
8706667
2081845
3868387
8344198
4763736
9770505
7641665
3253887
2235344
9626764
3932054
2524263
4578398
6594357
5501404
2999401
2612393
8825271
1869180
2189117
1345628
6153514
2905243
6159202
8416541
7220280
7791307
7659022
3416266
3288931
3680565
4681443
1328450
3080014
6999060
8388397
1488970
8148194
5545620
8938562
7919829
7258946
3726348
7894097
3446481
9990809
3071522
1901990
3453247
8095970
8688205
3024326
8517530
5084352
7648088
5409966
9174123
3239375
2328037
9840801
8602220
3007099
1944174
8527898
5994507
8499369
8624883
3772558
7408889
5741219
4990104
1710758
7741491
9797776
7619471
6771612
8116151
2087595
1364958
6121093
8038714
9582450
1030128
2347950
2008953
9330282
1169193
6054689
2442670
8296010
6656190
7451313
5185341
2240990
4248363
8302549
4352935
5588829
1728872
9632691
4923174
3158725
4512157
6314357
6037897
8274805
4965477
4650592
4579081
6030163
5348617
1354195
3664876
7534472
9117389
4894821
9442137
3308329
2979600
9014114
5357885
1504424
5449863
8740551
9535942
4019314
5919346
9727508
1420101
5129762
3237123
3073522
2882552
9159151
7599747
8381038
3744119
3578801
4987503
8836541
7508758
1971794
5551026
1649729
3762852
5663243
2047204
2370099
8124371
8978885
3613203
6329697
1886673
2134913
1482232
5460834
9929221
2688386
8381268
7945759
9739573
2763985
1953508
4934341
9349175
1440306
5604770
7359193
2326198
1366982
7317693
6296523
9790558
7677832
8990411
2636535
