1000
2696200
2696199
2696198
2696197
2696196
2696195
2696194
2696193
2696192
2696191
2696190
2696189
2696188
2696187
2696186
2696185
2696184
2696183
2696182
2696181
2696180
2696179
2696178
2696177
2696176
2696175
2696174
2696173
2696172
2696171
2696170
2696169
2696168
2696167
2696166
2696165
2696164
2696163
2696162
2696161
2696160
2696159
2696158
2696157
2696156
2696155
2696154
2696153
2696152
2696151
2696150
2696149
2696148
2696147
2696146
2696145
2696144
2696143
2696142
2696141
2696140
2696139
2696138
2696137
2696136
2696135
2696134
2696133
2696132
2696131
2696130
2696129
2696128
2696127
2696126
2696125
2696124
2696123
2696122
2696121
2696120
2696119
2696118
2696117
2696116
2696115
2696114
2696113
2696112
2696111
2696110
2696109
2696108
2696107
2696106
2696105
2696104
2696103
2696102
2696101
2696100
2696099
2696098
2696097
2696096
2696095
2696094
2696093
2696092
2696091
2696090
2696089
2696088
2696087
2696086
2696085
2696084
2696083
2696082
2696081
2696080
2696079
2696078
2696077
2696076
2696075
2696074
2696073
2696072
2696071
2696070
2696069
2696068
2696067
2696066
2696065
2696064
2696063
2696062
2696061
2696060
2696059
2696058
2696057
2696056
2696055
2696054
2696053
2696052
2696051
2696050
2696049
2696048
2696047
2696046
2696045
2696044
2696043
2696042
2696041
2696040
2696039
2696038
2696037
2696036
2696035
2696034
2696033
2696032
2696031
2696030
2696029
2696028
2696027
2696026
2696025
2696024
2696023
2696022
2696021
2696020
2696019
2696018
2696017
2696016
2696015
2696014
2696013
2696012
2696011
2696010
2696009
2696008
2696007
2696006
2696005
2696004
2696003
2696002
2696001
2696000
2695999
2695998
2695997
2695996
2695995
2695994
2695993
2695992
2695991
2695990
2695989
2695988
2695987
2695986
2695985
2695984
2695983
2695982
2695981
2695980
2695979
2695978
2695977
2695976
2695975
2695974
2695973
2695972
2695971
2695970
2695969
2695968
2695967
2695966
2695965
2695964
2695963
2695962
2695961
2695960
2695959
2695958
2695957
2695956
2695955
2695954
2695953
2695952
2695951
2695950
2695949
2695948
2695947
2695946
2695945
2695944
2695943
2695942
2695941
2695940
2695939
2695938
2695937
2695936
2695935
2695934
2695933
2695932
2695931
2695930
2695929
2695928
2695927
2695926
2695925
2695924
2695923
2695922
2695921
2695920
2695919
2695918
2695917
2695916
2695915
2695914
2695913
2695912
2695911
2695910
2695909
2695908
2695907
2695906
2695905
2695904
2695903
2695902
2695901
2695900
2695899
2695898
2695897
2695896
2695895
2695894
2695893
2695892
2695891
2695890
2695889
2695888
2695887
2695886
2695885
2695884
2695883
2695882
2695881
2695880
2695879
2695878
2695877
2695876
2695875
2695874
2695873
2695872
2695871
2695870
2695869
2695868
2695867
2695866
2695865
2695864
2695863
2695862
2695861
2695860
2695859
2695858
2695857
2695856
2695855
2695854
2695853
2695852
2695851
2695850
2695849
2695848
2695847
2695846
2695845
2695844
2695843
2695842
2695841
2695840
2695839
2695838
2695837
2695836
2695835
2695834
2695833
2695832
2695831
2695830
2695829
2695828
2695827
2695826
2695825
2695824
2695823
2695822
2695821
2695820
2695819
2695818
2695817
2695816
2695815
2695814
2695813
2695812
2695811
2695810
2695809
2695808
2695807
2695806
2695805
2695804
2695803
2695802
2695801
2695800
2695799
2695798
2695797
2695796
2695795
2695794
2695793
2695792
2695791
2695790
2695789
2695788
2695787
2695786
2695785
2695784
2695783
2695782
2695781
2695780
2695779
2695778
2695777
2695776
2695775
2695774
2695773
2695772
2695771
2695770
2695769
2695768
2695767
2695766
2695765
2695764
2695763
2695762
2695761
2695760
2695759
2695758
2695757
2695756
2695755
2695754
2695753
2695752
2695751
2695750
2695749
2695748
2695747
2695746
2695745
2695744
2695743
2695742
2695741
2695740
2695739
2695738
2695737
2695736
2695735
2695734
2695733
2695732
2695731
2695730
2695729
2695728
2695727
2695726
2695725
2695724
2695723
2695722
2695721
2695720
2695719
2695718
2695717
2695716
2695715
2695714
2695713
2695712
2695711
2695710
2695709
2695708
2695707
2695706
2695705
2695704
2695703
2695702
2695701
2695700
2695699
2695698
2695697
2695696
2695695
2695694
2695693
2695692
2695691
2695690
2695689
2695688
2695687
2695686
2695685
2695684
2695683
2695682
2695681
2695680
2695679
2695678
2695677
2695676
2695675
2695674
2695673
2695672
2695671
2695670
2695669
2695668
2695667
2695666
2695665
2695664
2695663
2695662
2695661
2695660
2695659
2695658
2695657
2695656
2695655
2695654
2695653
2695652
2695651
2695650
2695649
2695648
2695647
2695646
2695645
2695644
2695643
2695642
2695641
2695640
2695639
2695638
2695637
2695636
2695635
2695634
2695633
2695632
2695631
2695630
2695629
2695628
2695627
2695626
2695625
2695624
2695623
2695622
2695621
2695620
2695619
2695618
2695617
2695616
2695615
2695614
2695613
2695612
2695611
2695610
2695609
2695608
2695607
2695606
2695605
2695604
2695603
2695602
2695601
2695600
2695599
2695598
2695597
2695596
2695595
2695594
2695593
2695592
2695591
2695590
2695589
2695588
2695587
2695586
2695585
2695584
2695583
2695582
2695581
2695580
2695579
2695578
2695577
2695576
2695575
2695574
2695573
2695572
2695571
2695570
2695569
2695568
2695567
2695566
2695565
2695564
2695563
2695562
2695561
2695560
2695559
2695558
2695557
2695556
2695555
2695554
2695553
2695552
2695551
2695550
2695549
2695548
2695547
2695546
2695545
2695544
2695543
2695542
2695541
2695540
2695539
2695538
2695537
2695536
2695535
2695534
2695533
2695532
2695531
2695530
2695529
2695528
2695527
2695526
2695525
2695524
2695523
2695522
2695521
2695520
2695519
2695518
2695517
2695516
2695515
2695514
2695513
2695512
2695511
2695510
2695509
2695508
2695507
2695506
2695505
2695504
2695503
2695502
2695501
2695500
2695499
2695498
2695497
2695496
2695495
2695494
2695493
2695492
2695491
2695490
2695489
2695488
2695487
2695486
2695485
2695484
2695483
2695482
2695481
2695480
2695479
2695478
2695477
2695476
2695475
2695474
2695473
2695472
2695471
2695470
2695469
2695468
2695467
2695466
2695465
2695464
2695463
2695462
2695461
2695460
2695459
2695458
2695457
2695456
2695455
2695454
2695453
2695452
2695451
2695450
2695449
2695448
2695447
2695446
2695445
2695444
2695443
2695442
2695441
2695440
2695439
2695438
2695437
2695436
2695435
2695434
2695433
2695432
2695431
2695430
2695429
2695428
2695427
2695426
2695425
2695424
2695423
2695422
2695421
2695420
2695419
2695418
2695417
2695416
2695415
2695414
2695413
2695412
2695411
2695410
2695409
2695408
2695407
2695406
2695405
2695404
2695403
2695402
2695401
2695400
2695399
2695398
2695397
2695396
2695395
2695394
2695393
2695392
2695391
2695390
2695389
2695388
2695387
2695386
2695385
2695384
2695383
2695382
2695381
2695380
2695379
2695378
2695377
2695376
2695375
2695374
2695373
2695372
2695371
2695370
2695369
2695368
2695367
2695366
2695365
2695364
2695363
2695362
2695361
2695360
2695359
2695358
2695357
2695356
2695355
2695354
2695353
2695352
2695351
2695350
2695349
2695348
2695347
2695346
2695345
2695344
2695343
2695342
2695341
2695340
2695339
2695338
2695337
2695336
2695335
2695334
2695333
2695332
2695331
2695330
2695329
2695328
2695327
2695326
2695325
2695324
2695323
2695322
2695321
2695320
2695319
2695318
2695317
2695316
2695315
2695314
2695313
2695312
2695311
2695310
2695309
2695308
2695307
2695306
2695305
2695304
2695303
2695302
2695301
2695300
2695299
2695298
2695297
2695296
2695295
2695294
2695293
2695292
2695291
2695290
2695289
2695288
2695287
2695286
2695285
2695284
2695283
2695282
2695281
2695280
2695279
2695278
2695277
2695276
2695275
2695274
2695273
2695272
2695271
2695270
2695269
2695268
2695267
2695266
2695265
2695264
2695263
2695262
2695261
2695260
2695259
2695258
2695257
2695256
2695255
2695254
2695253
2695252
2695251
2695250
2695249
2695248
2695247
2695246
2695245
2695244
2695243
2695242
2695241
2695240
2695239
2695238
2695237
2695236
2695235
2695234
2695233
2695232
2695231
2695230
2695229
2695228
2695227
2695226
2695225
2695224
2695223
2695222
2695221
2695220
2695219
2695218
2695217
2695216
2695215
2695214
2695213
2695212
2695211
2695210
2695209
2695208
2695207
2695206
2695205
2695204
2695203
2695202
2695201
