10000
2446400
2446399
2446398
2446397
2446396
2446395
2446394
2446393
2446392
2446391
2446390
2446389
2446388
2446387
2446386
2446385
2446384
2446383
2446382
2446381
2446380
2446379
2446378
2446377
2446376
2446375
2446374
2446373
2446372
2446371
2446370
2446369
2446368
2446367
2446366
2446365
2446364
2446363
2446362
2446361
2446360
2446359
2446358
2446357
2446356
2446355
2446354
2446353
2446352
2446351
2446350
2446349
2446348
2446347
2446346
2446345
2446344
2446343
2446342
2446341
2446340
2446339
2446338
2446337
2446336
2446335
2446334
2446333
2446332
2446331
2446330
2446329
2446328
2446327
2446326
2446325
2446324
2446323
2446322
2446321
2446320
2446319
2446318
2446317
2446316
2446315
2446314
2446313
2446312
2446311
2446310
2446309
2446308
2446307
2446306
2446305
2446304
2446303
2446302
2446301
2446300
2446299
2446298
2446297
2446296
2446295
2446294
2446293
2446292
2446291
2446290
2446289
2446288
2446287
2446286
2446285
2446284
2446283
2446282
2446281
2446280
2446279
2446278
2446277
2446276
2446275
2446274
2446273
2446272
2446271
2446270
2446269
2446268
2446267
2446266
2446265
2446264
2446263
2446262
2446261
2446260
2446259
2446258
2446257
2446256
2446255
2446254
2446253
2446252
2446251
2446250
2446249
2446248
2446247
2446246
2446245
2446244
2446243
2446242
2446241
2446240
2446239
2446238
2446237
2446236
2446235
2446234
2446233
2446232
2446231
2446230
2446229
2446228
2446227
2446226
2446225
2446224
2446223
2446222
2446221
2446220
2446219
2446218
2446217
2446216
2446215
2446214
2446213
2446212
2446211
2446210
2446209
2446208
2446207
2446206
2446205
2446204
2446203
2446202
2446201
2446200
2446199
2446198
2446197
2446196
2446195
2446194
2446193
2446192
2446191
2446190
2446189
2446188
2446187
2446186
2446185
2446184
2446183
2446182
2446181
2446180
2446179
2446178
2446177
2446176
2446175
2446174
2446173
2446172
2446171
2446170
2446169
2446168
2446167
2446166
2446165
2446164
2446163
2446162
2446161
2446160
2446159
2446158
2446157
2446156
2446155
2446154
2446153
2446152
2446151
2446150
2446149
2446148
2446147
2446146
2446145
2446144
2446143
2446142
2446141
2446140
2446139
2446138
2446137
2446136
2446135
2446134
2446133
2446132
2446131
2446130
2446129
2446128
2446127
2446126
2446125
2446124
2446123
2446122
2446121
2446120
2446119
2446118
2446117
2446116
2446115
2446114
2446113
2446112
2446111
2446110
2446109
2446108
2446107
2446106
2446105
2446104
2446103
2446102
2446101
2446100
2446099
2446098
2446097
2446096
2446095
2446094
2446093
2446092
2446091
2446090
2446089
2446088
2446087
2446086
2446085
2446084
2446083
2446082
2446081
2446080
2446079
2446078
2446077
2446076
2446075
2446074
2446073
2446072
2446071
2446070
2446069
2446068
2446067
2446066
2446065
2446064
2446063
2446062
2446061
2446060
2446059
2446058
2446057
2446056
2446055
2446054
2446053
2446052
2446051
2446050
2446049
2446048
2446047
2446046
2446045
2446044
2446043
2446042
2446041
2446040
2446039
2446038
2446037
2446036
2446035
2446034
2446033
2446032
2446031
2446030
2446029
2446028
2446027
2446026
2446025
2446024
2446023
2446022
2446021
2446020
2446019
2446018
2446017
2446016
2446015
2446014
2446013
2446012
2446011
2446010
2446009
2446008
2446007
2446006
2446005
2446004
2446003
2446002
2446001
2446000
2445999
2445998
2445997
2445996
2445995
2445994
2445993
2445992
2445991
2445990
2445989
2445988
2445987
2445986
2445985
2445984
2445983
2445982
2445981
2445980
2445979
2445978
2445977
2445976
2445975
2445974
2445973
2445972
2445971
2445970
2445969
2445968
2445967
2445966
2445965
2445964
2445963
2445962
2445961
2445960
2445959
2445958
2445957
2445956
2445955
2445954
2445953
2445952
2445951
2445950
2445949
2445948
2445947
2445946
2445945
2445944
2445943
2445942
2445941
2445940
2445939
2445938
2445937
2445936
2445935
2445934
2445933
2445932
2445931
2445930
2445929
2445928
2445927
2445926
2445925
2445924
2445923
2445922
2445921
2445920
2445919
2445918
2445917
2445916
2445915
2445914
2445913
2445912
2445911
2445910
2445909
2445908
2445907
2445906
2445905
2445904
2445903
2445902
2445901
2445900
2445899
2445898
2445897
2445896
2445895
2445894
2445893
2445892
2445891
2445890
2445889
2445888
2445887
2445886
2445885
2445884
2445883
2445882
2445881
2445880
2445879
2445878
2445877
2445876
2445875
2445874
2445873
2445872
2445871
2445870
2445869
2445868
2445867
2445866
2445865
2445864
2445863
2445862
2445861
2445860
2445859
2445858
2445857
2445856
2445855
2445854
2445853
2445852
2445851
2445850
2445849
2445848
2445847
2445846
2445845
2445844
2445843
2445842
2445841
2445840
2445839
2445838
2445837
2445836
2445835
2445834
2445833
2445832
2445831
2445830
2445829
2445828
2445827
2445826
2445825
2445824
2445823
2445822
2445821
2445820
2445819
2445818
2445817
2445816
2445815
2445814
2445813
2445812
2445811
2445810
2445809
2445808
2445807
2445806
2445805
2445804
2445803
2445802
2445801
2445800
2445799
2445798
2445797
2445796
2445795
2445794
2445793
2445792
2445791
2445790
2445789
2445788
2445787
2445786
2445785
2445784
2445783
2445782
2445781
2445780
2445779
2445778
2445777
2445776
2445775
2445774
2445773
2445772
2445771
2445770
2445769
2445768
2445767
2445766
2445765
2445764
2445763
2445762
2445761
2445760
2445759
2445758
2445757
2445756
2445755
2445754
2445753
2445752
2445751
2445750
2445749
2445748
2445747
2445746
2445745
2445744
2445743
2445742
2445741
2445740
2445739
2445738
2445737
2445736
2445735
2445734
2445733
2445732
2445731
2445730
2445729
2445728
2445727
2445726
2445725
2445724
2445723
2445722
2445721
2445720
2445719
2445718
2445717
2445716
2445715
2445714
2445713
2445712
2445711
2445710
2445709
2445708
2445707
2445706
2445705
2445704
2445703
2445702
2445701
2445700
2445699
2445698
2445697
2445696
2445695
2445694
2445693
2445692
2445691
2445690
2445689
2445688
2445687
2445686
2445685
2445684
2445683
2445682
2445681
2445680
2445679
2445678
2445677
2445676
2445675
2445674
2445673
2445672
2445671
2445670
2445669
2445668
2445667
2445666
2445665
2445664
2445663
2445662
2445661
2445660
2445659
2445658
2445657
2445656
2445655
2445654
2445653
2445652
2445651
2445650
2445649
2445648
2445647
2445646
2445645
2445644
2445643
2445642
2445641
2445640
2445639
2445638
2445637
2445636
2445635
2445634
2445633
2445632
2445631
2445630
2445629
2445628
2445627
2445626
2445625
2445624
2445623
2445622
2445621
2445620
2445619
2445618
2445617
2445616
2445615
2445614
2445613
2445612
2445611
2445610
2445609
2445608
2445607
2445606
2445605
2445604
2445603
2445602
2445601
2445600
2445599
2445598
2445597
2445596
2445595
2445594
2445593
2445592
2445591
2445590
2445589
2445588
2445587
2445586
2445585
2445584
2445583
2445582
2445581
2445580
2445579
2445578
2445577
2445576
2445575
2445574
2445573
2445572
2445571
2445570
2445569
2445568
2445567
2445566
2445565
2445564
2445563
2445562
2445561
2445560
2445559
2445558
2445557
2445556
2445555
2445554
2445553
2445552
2445551
2445550
2445549
2445548
2445547
2445546
2445545
2445544
2445543
2445542
2445541
2445540
2445539
2445538
2445537
2445536
2445535
2445534
2445533
2445532
2445531
2445530
2445529
2445528
2445527
2445526
2445525
2445524
2445523
2445522
2445521
2445520
2445519
2445518
2445517
2445516
2445515
2445514
2445513
2445512
2445511
2445510
2445509
2445508
2445507
2445506
2445505
2445504
2445503
2445502
2445501
2445500
2445499
2445498
2445497
2445496
2445495
2445494
2445493
2445492
2445491
2445490
2445489
2445488
2445487
2445486
2445485
2445484
2445483
2445482
2445481
2445480
2445479
2445478
2445477
2445476
2445475
2445474
2445473
2445472
2445471
2445470
2445469
2445468
2445467
2445466
2445465
2445464
2445463
2445462
2445461
2445460
2445459
2445458
2445457
2445456
2445455
2445454
2445453
2445452
2445451
2445450
2445449
2445448
2445447
2445446
2445445
2445444
2445443
2445442
2445441
2445440
2445439
2445438
2445437
2445436
2445435
2445434
2445433
2445432
2445431
2445430
2445429
2445428
2445427
2445426
2445425
2445424
2445423
2445422
2445421
2445420
2445419
2445418
2445417
2445416
2445415
2445414
2445413
2445412
2445411
2445410
2445409
2445408
2445407
2445406
2445405
2445404
2445403
2445402
2445401
2445400
2445399
2445398
2445397
2445396
2445395
2445394
2445393
2445392
2445391
2445390
2445389
2445388
2445387
2445386
2445385
2445384
2445383
2445382
2445381
2445380
2445379
2445378
2445377
2445376
2445375
2445374
2445373
2445372
2445371
2445370
2445369
2445368
2445367
2445366
2445365
2445364
2445363
2445362
2445361
2445360
2445359
2445358
2445357
2445356
2445355
2445354
2445353
2445352
2445351
2445350
2445349
2445348
2445347
2445346
2445345
2445344
2445343
2445342
2445341
2445340
2445339
2445338
2445337
2445336
2445335
2445334
2445333
2445332
2445331
2445330
2445329
2445328
2445327
2445326
2445325
2445324
2445323
2445322
2445321
2445320
2445319
2445318
2445317
2445316
2445315
2445314
2445313
2445312
2445311
2445310
2445309
2445308
2445307
2445306
2445305
2445304
2445303
2445302
2445301
2445300
2445299
2445298
2445297
2445296
2445295
2445294
2445293
2445292
2445291
2445290
2445289
2445288
2445287
2445286
2445285
2445284
2445283
2445282
2445281
2445280
2445279
2445278
2445277
2445276
2445275
2445274
2445273
2445272
2445271
2445270
2445269
2445268
2445267
2445266
2445265
2445264
2445263
2445262
2445261
2445260
2445259
2445258
2445257
2445256
2445255
2445254
2445253
2445252
2445251
2445250
2445249
2445248
2445247
2445246
2445245
2445244
2445243
2445242
2445241
2445240
2445239
2445238
2445237
2445236
2445235
2445234
2445233
2445232
2445231
2445230
2445229
2445228
2445227
2445226
2445225
2445224
2445223
2445222
2445221
2445220
2445219
2445218
2445217
2445216
2445215
2445214
2445213
2445212
2445211
2445210
2445209
2445208
2445207
2445206
2445205
2445204
2445203
2445202
2445201
2445200
2445199
2445198
2445197
2445196
2445195
2445194
2445193
2445192
2445191
2445190
2445189
2445188
2445187
2445186
2445185
2445184
2445183
2445182
2445181
2445180
2445179
2445178
2445177
2445176
2445175
2445174
2445173
2445172
2445171
2445170
2445169
2445168
2445167
2445166
2445165
2445164
2445163
2445162
2445161
2445160
2445159
2445158
2445157
2445156
2445155
2445154
2445153
2445152
2445151
2445150
2445149
2445148
2445147
2445146
2445145
2445144
2445143
2445142
2445141
2445140
2445139
2445138
2445137
2445136
2445135
2445134
2445133
2445132
2445131
2445130
2445129
2445128
2445127
2445126
2445125
2445124
2445123
2445122
2445121
2445120
2445119
2445118
2445117
2445116
2445115
2445114
2445113
2445112
2445111
2445110
2445109
2445108
2445107
2445106
2445105
2445104
2445103
2445102
2445101
2445100
2445099
2445098
2445097
2445096
2445095
2445094
2445093
2445092
2445091
2445090
2445089
2445088
2445087
2445086
2445085
2445084
2445083
2445082
2445081
2445080
2445079
2445078
2445077
2445076
2445075
2445074
2445073
2445072
2445071
2445070
2445069
2445068
2445067
2445066
2445065
2445064
2445063
2445062
2445061
2445060
2445059
2445058
2445057
2445056
2445055
2445054
2445053
2445052
2445051
2445050
2445049
2445048
2445047
2445046
2445045
2445044
2445043
2445042
2445041
2445040
2445039
2445038
2445037
2445036
2445035
2445034
2445033
2445032
2445031
2445030
2445029
2445028
2445027
2445026
2445025
2445024
2445023
2445022
2445021
2445020
2445019
2445018
2445017
2445016
2445015
2445014
2445013
2445012
2445011
2445010
2445009
2445008
2445007
2445006
2445005
2445004
2445003
2445002
2445001
2445000
2444999
2444998
2444997
2444996
2444995
2444994
2444993
2444992
2444991
2444990
2444989
2444988
2444987
2444986
2444985
2444984
2444983
2444982
2444981
2444980
2444979
2444978
2444977
2444976
2444975
2444974
2444973
2444972
2444971
2444970
2444969
2444968
2444967
2444966
2444965
2444964
2444963
2444962
2444961
2444960
2444959
2444958
2444957
2444956
2444955
2444954
2444953
2444952
2444951
2444950
2444949
2444948
2444947
2444946
2444945
2444944
2444943
2444942
2444941
2444940
2444939
2444938
2444937
2444936
2444935
2444934
2444933
2444932
2444931
2444930
2444929
2444928
2444927
2444926
2444925
2444924
2444923
2444922
2444921
2444920
2444919
2444918
2444917
2444916
2444915
2444914
2444913
2444912
2444911
2444910
2444909
2444908
2444907
2444906
2444905
2444904
2444903
2444902
2444901
2444900
2444899
2444898
2444897
2444896
2444895
2444894
2444893
2444892
2444891
2444890
2444889
2444888
2444887
2444886
2444885
2444884
2444883
2444882
2444881
2444880
2444879
2444878
2444877
2444876
2444875
2444874
2444873
2444872
2444871
2444870
2444869
2444868
2444867
2444866
2444865
2444864
2444863
2444862
2444861
2444860
2444859
2444858
2444857
2444856
2444855
2444854
2444853
2444852
2444851
2444850
2444849
2444848
2444847
2444846
2444845
2444844
2444843
2444842
2444841
2444840
2444839
2444838
2444837
2444836
2444835
2444834
2444833
2444832
2444831
2444830
2444829
2444828
2444827
2444826
2444825
2444824
2444823
2444822
2444821
2444820
2444819
2444818
2444817
2444816
2444815
2444814
2444813
2444812
2444811
2444810
2444809
2444808
2444807
2444806
2444805
2444804
2444803
2444802
2444801
2444800
2444799
2444798
2444797
2444796
2444795
2444794
2444793
2444792
2444791
2444790
2444789
2444788
2444787
2444786
2444785
2444784
2444783
2444782
2444781
2444780
2444779
2444778
2444777
2444776
2444775
2444774
2444773
2444772
2444771
2444770
2444769
2444768
2444767
2444766
2444765
2444764
2444763
2444762
2444761
2444760
2444759
2444758
2444757
2444756
2444755
2444754
2444753
2444752
2444751
2444750
2444749
2444748
2444747
2444746
2444745
2444744
2444743
2444742
2444741
2444740
2444739
2444738
2444737
2444736
2444735
2444734
2444733
2444732
2444731
2444730
2444729
2444728
2444727
2444726
2444725
2444724
2444723
2444722
2444721
2444720
2444719
2444718
2444717
2444716
2444715
2444714
2444713
2444712
2444711
2444710
2444709
2444708
2444707
2444706
2444705
2444704
2444703
2444702
2444701
2444700
2444699
2444698
2444697
2444696
2444695
2444694
2444693
2444692
2444691
2444690
2444689
2444688
2444687
2444686
2444685
2444684
2444683
2444682
2444681
2444680
2444679
2444678
2444677
2444676
2444675
2444674
2444673
2444672
2444671
2444670
2444669
2444668
2444667
2444666
2444665
2444664
2444663
2444662
2444661
2444660
2444659
2444658
2444657
2444656
2444655
2444654
2444653
2444652
2444651
2444650
2444649
2444648
2444647
2444646
2444645
2444644
2444643
2444642
2444641
2444640
2444639
2444638
2444637
2444636
2444635
2444634
2444633
2444632
2444631
2444630
2444629
2444628
2444627
2444626
2444625
2444624
2444623
2444622
2444621
2444620
2444619
2444618
2444617
2444616
2444615
2444614
2444613
2444612
2444611
2444610
2444609
2444608
2444607
2444606
2444605
2444604
2444603
2444602
2444601
2444600
2444599
2444598
2444597
2444596
2444595
2444594
2444593
2444592
2444591
2444590
2444589
2444588
2444587
2444586
2444585
2444584
2444583
2444582
2444581
2444580
2444579
2444578
2444577
2444576
2444575
2444574
2444573
2444572
2444571
2444570
2444569
2444568
2444567
2444566
2444565
2444564
2444563
2444562
2444561
2444560
2444559
2444558
2444557
2444556
2444555
2444554
2444553
2444552
2444551
2444550
2444549
2444548
2444547
2444546
2444545
2444544
2444543
2444542
2444541
2444540
2444539
2444538
2444537
2444536
2444535
2444534
2444533
2444532
2444531
2444530
2444529
2444528
2444527
2444526
2444525
2444524
2444523
2444522
2444521
2444520
2444519
2444518
2444517
2444516
2444515
2444514
2444513
2444512
2444511
2444510
2444509
2444508
2444507
2444506
2444505
2444504
2444503
2444502
2444501
2444500
2444499
2444498
2444497
2444496
2444495
2444494
2444493
2444492
2444491
2444490
2444489
2444488
2444487
2444486
2444485
2444484
2444483
2444482
2444481
2444480
2444479
2444478
2444477
2444476
2444475
2444474
2444473
2444472
2444471
2444470
2444469
2444468
2444467
2444466
2444465
2444464
2444463
2444462
2444461
2444460
2444459
2444458
2444457
2444456
2444455
2444454
2444453
2444452
2444451
2444450
2444449
2444448
2444447
2444446
2444445
2444444
2444443
2444442
2444441
2444440
2444439
2444438
2444437
2444436
2444435
2444434
2444433
2444432
2444431
2444430
2444429
2444428
2444427
2444426
2444425
2444424
2444423
2444422
2444421
2444420
2444419
2444418
2444417
2444416
2444415
2444414
2444413
2444412
2444411
2444410
2444409
2444408
2444407
2444406
2444405
2444404
2444403
2444402
2444401
2444400
2444399
2444398
2444397
2444396
2444395
2444394
2444393
2444392
2444391
2444390
2444389
2444388
2444387
2444386
2444385
2444384
2444383
2444382
2444381
2444380
2444379
2444378
2444377
2444376
2444375
2444374
2444373
2444372
2444371
2444370
2444369
2444368
2444367
2444366
2444365
2444364
2444363
2444362
2444361
2444360
2444359
2444358
2444357
2444356
2444355
2444354
2444353
2444352
2444351
2444350
2444349
2444348
2444347
2444346
2444345
2444344
2444343
2444342
2444341
2444340
2444339
2444338
2444337
2444336
2444335
2444334
2444333
2444332
2444331
2444330
2444329
2444328
2444327
2444326
2444325
2444324
2444323
2444322
2444321
2444320
2444319
2444318
2444317
2444316
2444315
2444314
2444313
2444312
2444311
2444310
2444309
2444308
2444307
2444306
2444305
2444304
2444303
2444302
2444301
2444300
2444299
2444298
2444297
2444296
2444295
2444294
2444293
2444292
2444291
2444290
2444289
2444288
2444287
2444286
2444285
2444284
2444283
2444282
2444281
2444280
2444279
2444278
2444277
2444276
2444275
2444274
2444273
2444272
2444271
2444270
2444269
2444268
2444267
2444266
2444265
2444264
2444263
2444262
2444261
2444260
2444259
2444258
2444257
2444256
2444255
2444254
2444253
2444252
2444251
2444250
2444249
2444248
2444247
2444246
2444245
2444244
2444243
2444242
2444241
2444240
2444239
2444238
2444237
2444236
2444235
2444234
2444233
2444232
2444231
2444230
2444229
2444228
2444227
2444226
2444225
2444224
2444223
2444222
2444221
2444220
2444219
2444218
2444217
2444216
2444215
2444214
2444213
2444212
2444211
2444210
2444209
2444208
2444207
2444206
2444205
2444204
2444203
2444202
2444201
2444200
2444199
2444198
2444197
2444196
2444195
2444194
2444193
2444192
2444191
2444190
2444189
2444188
2444187
2444186
2444185
2444184
2444183
2444182
2444181
2444180
2444179
2444178
2444177
2444176
2444175
2444174
2444173
2444172
2444171
2444170
2444169
2444168
2444167
2444166
2444165
2444164
2444163
2444162
2444161
2444160
2444159
2444158
2444157
2444156
2444155
2444154
2444153
2444152
2444151
2444150
2444149
2444148
2444147
2444146
2444145
2444144
2444143
2444142
2444141
2444140
2444139
2444138
2444137
2444136
2444135
2444134
2444133
2444132
2444131
2444130
2444129
2444128
2444127
2444126
2444125
2444124
2444123
2444122
2444121
2444120
2444119
2444118
2444117
2444116
2444115
2444114
2444113
2444112
2444111
2444110
2444109
2444108
2444107
2444106
2444105
2444104
2444103
2444102
2444101
2444100
2444099
2444098
2444097
2444096
2444095
2444094
2444093
2444092
2444091
2444090
2444089
2444088
2444087
2444086
2444085
2444084
2444083
2444082
2444081
2444080
2444079
2444078
2444077
2444076
2444075
2444074
2444073
2444072
2444071
2444070
2444069
2444068
2444067
2444066
2444065
2444064
2444063
2444062
2444061
2444060
2444059
2444058
2444057
2444056
2444055
2444054
2444053
2444052
2444051
2444050
2444049
2444048
2444047
2444046
2444045
2444044
2444043
2444042
2444041
2444040
2444039
2444038
2444037
2444036
2444035
2444034
2444033
2444032
2444031
2444030
2444029
2444028
2444027
2444026
2444025
2444024
2444023
2444022
2444021
2444020
2444019
2444018
2444017
2444016
2444015
2444014
2444013
2444012
2444011
2444010
2444009
2444008
2444007
2444006
2444005
2444004
2444003
2444002
2444001
2444000
2443999
2443998
2443997
2443996
2443995
2443994
2443993
2443992
2443991
2443990
2443989
2443988
2443987
2443986
2443985
2443984
2443983
2443982
2443981
2443980
2443979
2443978
2443977
2443976
2443975
2443974
2443973
2443972
2443971
2443970
2443969
2443968
2443967
2443966
2443965
2443964
2443963
2443962
2443961
2443960
2443959
2443958
2443957
2443956
2443955
2443954
2443953
2443952
2443951
2443950
2443949
2443948
2443947
2443946
2443945
2443944
2443943
2443942
2443941
2443940
2443939
2443938
2443937
2443936
2443935
2443934
2443933
2443932
2443931
2443930
2443929
2443928
2443927
2443926
2443925
2443924
2443923
2443922
2443921
2443920
2443919
2443918
2443917
2443916
2443915
2443914
2443913
2443912
2443911
2443910
2443909
2443908
2443907
2443906
2443905
2443904
2443903
2443902
2443901
2443900
2443899
2443898
2443897
2443896
2443895
2443894
2443893
2443892
2443891
2443890
2443889
2443888
2443887
2443886
2443885
2443884
2443883
2443882
2443881
2443880
2443879
2443878
2443877
2443876
2443875
2443874
2443873
2443872
2443871
2443870
2443869
2443868
2443867
2443866
2443865
2443864
2443863
2443862
2443861
2443860
2443859
2443858
2443857
2443856
2443855
2443854
2443853
2443852
2443851
2443850
2443849
2443848
2443847
2443846
2443845
2443844
2443843
2443842
2443841
2443840
2443839
2443838
2443837
2443836
2443835
2443834
2443833
2443832
2443831
2443830
2443829
2443828
2443827
2443826
2443825
2443824
2443823
2443822
2443821
2443820
2443819
2443818
2443817
2443816
2443815
2443814
2443813
2443812
2443811
2443810
2443809
2443808
2443807
2443806
2443805
2443804
2443803
2443802
2443801
2443800
2443799
2443798
2443797
2443796
2443795
2443794
2443793
2443792
2443791
2443790
2443789
2443788
2443787
2443786
2443785
2443784
2443783
2443782
2443781
2443780
2443779
2443778
2443777
2443776
2443775
2443774
2443773
2443772
2443771
2443770
2443769
2443768
2443767
2443766
2443765
2443764
2443763
2443762
2443761
2443760
2443759
2443758
2443757
2443756
2443755
2443754
2443753
2443752
2443751
2443750
2443749
2443748
2443747
2443746
2443745
2443744
2443743
2443742
2443741
2443740
2443739
2443738
2443737
2443736
2443735
2443734
2443733
2443732
2443731
2443730
2443729
2443728
2443727
2443726
2443725
2443724
2443723
2443722
2443721
2443720
2443719
2443718
2443717
2443716
2443715
2443714
2443713
2443712
2443711
2443710
2443709
2443708
2443707
2443706
2443705
2443704
2443703
2443702
2443701
2443700
2443699
2443698
2443697
2443696
2443695
2443694
2443693
2443692
2443691
2443690
2443689
2443688
2443687
2443686
2443685
2443684
2443683
2443682
2443681
2443680
2443679
2443678
2443677
2443676
2443675
2443674
2443673
2443672
2443671
2443670
2443669
2443668
2443667
2443666
2443665
2443664
2443663
2443662
2443661
2443660
2443659
2443658
2443657
2443656
2443655
2443654
2443653
2443652
2443651
2443650
2443649
2443648
2443647
2443646
2443645
2443644
2443643
2443642
2443641
2443640
2443639
2443638
2443637
2443636
2443635
2443634
2443633
2443632
2443631
2443630
2443629
2443628
2443627
2443626
2443625
2443624
2443623
2443622
2443621
2443620
2443619
2443618
2443617
2443616
2443615
2443614
2443613
2443612
2443611
2443610
2443609
2443608
2443607
2443606
2443605
2443604
2443603
2443602
2443601
2443600
2443599
2443598
2443597
2443596
2443595
2443594
2443593
2443592
2443591
2443590
2443589
2443588
2443587
2443586
2443585
2443584
2443583
2443582
2443581
2443580
2443579
2443578
2443577
2443576
2443575
2443574
2443573
2443572
2443571
2443570
2443569
2443568
2443567
2443566
2443565
2443564
2443563
2443562
2443561
2443560
2443559
2443558
2443557
2443556
2443555
2443554
2443553
2443552
2443551
2443550
2443549
2443548
2443547
2443546
2443545
2443544
2443543
2443542
2443541
2443540
2443539
2443538
2443537
2443536
2443535
2443534
2443533
2443532
2443531
2443530
2443529
2443528
2443527
2443526
2443525
2443524
2443523
2443522
2443521
2443520
2443519
2443518
2443517
2443516
2443515
2443514
2443513
2443512
2443511
2443510
2443509
2443508
2443507
2443506
2443505
2443504
2443503
2443502
2443501
2443500
2443499
2443498
2443497
2443496
2443495
2443494
2443493
2443492
2443491
2443490
2443489
2443488
2443487
2443486
2443485
2443484
2443483
2443482
2443481
2443480
2443479
2443478
2443477
2443476
2443475
2443474
2443473
2443472
2443471
2443470
2443469
2443468
2443467
2443466
2443465
2443464
2443463
2443462
2443461
2443460
2443459
2443458
2443457
2443456
2443455
2443454
2443453
2443452
2443451
2443450
2443449
2443448
2443447
2443446
2443445
2443444
2443443
2443442
2443441
2443440
2443439
2443438
2443437
2443436
2443435
2443434
2443433
2443432
2443431
2443430
2443429
2443428
2443427
2443426
2443425
2443424
2443423
2443422
2443421
2443420
2443419
2443418
2443417
2443416
2443415
2443414
2443413
2443412
2443411
2443410
2443409
2443408
2443407
2443406
2443405
2443404
2443403
2443402
2443401
2443400
2443399
2443398
2443397
2443396
2443395
2443394
2443393
2443392
2443391
2443390
2443389
2443388
2443387
2443386
2443385
2443384
2443383
2443382
2443381
2443380
2443379
2443378
2443377
2443376
2443375
2443374
2443373
2443372
2443371
2443370
2443369
2443368
2443367
2443366
2443365
2443364
2443363
2443362
2443361
2443360
2443359
2443358
2443357
2443356
2443355
2443354
2443353
2443352
2443351
2443350
2443349
2443348
2443347
2443346
2443345
2443344
2443343
2443342
2443341
2443340
2443339
2443338
2443337
2443336
2443335
2443334
2443333
2443332
2443331
2443330
2443329
2443328
2443327
2443326
2443325
2443324
2443323
2443322
2443321
2443320
2443319
2443318
2443317
2443316
2443315
2443314
2443313
2443312
2443311
2443310
2443309
2443308
2443307
2443306
2443305
2443304
2443303
2443302
2443301
2443300
2443299
2443298
2443297
2443296
2443295
2443294
2443293
2443292
2443291
2443290
2443289
2443288
2443287
2443286
2443285
2443284
2443283
2443282
2443281
2443280
2443279
2443278
2443277
2443276
2443275
2443274
2443273
2443272
2443271
2443270
2443269
2443268
2443267
2443266
2443265
2443264
2443263
2443262
2443261
2443260
2443259
2443258
2443257
2443256
2443255
2443254
2443253
2443252
2443251
2443250
2443249
2443248
2443247
2443246
2443245
2443244
2443243
2443242
2443241
2443240
2443239
2443238
2443237
2443236
2443235
2443234
2443233
2443232
2443231
2443230
2443229
2443228
2443227
2443226
2443225
2443224
2443223
2443222
2443221
2443220
2443219
2443218
2443217
2443216
2443215
2443214
2443213
2443212
2443211
2443210
2443209
2443208
2443207
2443206
2443205
2443204
2443203
2443202
2443201
2443200
2443199
2443198
2443197
2443196
2443195
2443194
2443193
2443192
2443191
2443190
2443189
2443188
2443187
2443186
2443185
2443184
2443183
2443182
2443181
2443180
2443179
2443178
2443177
2443176
2443175
2443174
2443173
2443172
2443171
2443170
2443169
2443168
2443167
2443166
2443165
2443164
2443163
2443162
2443161
2443160
2443159
2443158
2443157
2443156
2443155
2443154
2443153
2443152
2443151
2443150
2443149
2443148
2443147
2443146
2443145
2443144
2443143
2443142
2443141
2443140
2443139
2443138
2443137
2443136
2443135
2443134
2443133
2443132
2443131
2443130
2443129
2443128
2443127
2443126
2443125
2443124
2443123
2443122
2443121
2443120
2443119
2443118
2443117
2443116
2443115
2443114
2443113
2443112
2443111
2443110
2443109
2443108
2443107
2443106
2443105
2443104
2443103
2443102
2443101
2443100
2443099
2443098
2443097
2443096
2443095
2443094
2443093
2443092
2443091
2443090
2443089
2443088
2443087
2443086
2443085
2443084
2443083
2443082
2443081
2443080
2443079
2443078
2443077
2443076
2443075
2443074
2443073
2443072
2443071
2443070
2443069
2443068
2443067
2443066
2443065
2443064
2443063
2443062
2443061
2443060
2443059
2443058
2443057
2443056
2443055
2443054
2443053
2443052
2443051
2443050
2443049
2443048
2443047
2443046
2443045
2443044
2443043
2443042
2443041
2443040
2443039
2443038
2443037
2443036
2443035
2443034
2443033
2443032
2443031
2443030
2443029
2443028
2443027
2443026
2443025
2443024
2443023
2443022
2443021
2443020
2443019
2443018
2443017
2443016
2443015
2443014
2443013
2443012
2443011
2443010
2443009
2443008
2443007
2443006
2443005
2443004
2443003
2443002
2443001
2443000
2442999
2442998
2442997
2442996
2442995
2442994
2442993
2442992
2442991
2442990
2442989
2442988
2442987
2442986
2442985
2442984
2442983
2442982
2442981
2442980
2442979
2442978
2442977
2442976
2442975
2442974
2442973
2442972
2442971
2442970
2442969
2442968
2442967
2442966
2442965
2442964
2442963
2442962
2442961
2442960
2442959
2442958
2442957
2442956
2442955
2442954
2442953
2442952
2442951
2442950
2442949
2442948
2442947
2442946
2442945
2442944
2442943
2442942
2442941
2442940
2442939
2442938
2442937
2442936
2442935
2442934
2442933
2442932
2442931
2442930
2442929
2442928
2442927
2442926
2442925
2442924
2442923
2442922
2442921
2442920
2442919
2442918
2442917
2442916
2442915
2442914
2442913
2442912
2442911
2442910
2442909
2442908
2442907
2442906
2442905
2442904
2442903
2442902
2442901
2442900
2442899
2442898
2442897
2442896
2442895
2442894
2442893
2442892
2442891
2442890
2442889
2442888
2442887
2442886
2442885
2442884
2442883
2442882
2442881
2442880
2442879
2442878
2442877
2442876
2442875
2442874
2442873
2442872
2442871
2442870
2442869
2442868
2442867
2442866
2442865
2442864
2442863
2442862
2442861
2442860
2442859
2442858
2442857
2442856
2442855
2442854
2442853
2442852
2442851
2442850
2442849
2442848
2442847
2442846
2442845
2442844
2442843
2442842
2442841
2442840
2442839
2442838
2442837
2442836
2442835
2442834
2442833
2442832
2442831
2442830
2442829
2442828
2442827
2442826
2442825
2442824
2442823
2442822
2442821
2442820
2442819
2442818
2442817
2442816
2442815
2442814
2442813
2442812
2442811
2442810
2442809
2442808
2442807
2442806
2442805
2442804
2442803
2442802
2442801
2442800
2442799
2442798
2442797
2442796
2442795
2442794
2442793
2442792
2442791
2442790
2442789
2442788
2442787
2442786
2442785
2442784
2442783
2442782
2442781
2442780
2442779
2442778
2442777
2442776
2442775
2442774
2442773
2442772
2442771
2442770
2442769
2442768
2442767
2442766
2442765
2442764
2442763
2442762
2442761
2442760
2442759
2442758
2442757
2442756
2442755
2442754
2442753
2442752
2442751
2442750
2442749
2442748
2442747
2442746
2442745
2442744
2442743
2442742
2442741
2442740
2442739
2442738
2442737
2442736
2442735
2442734
2442733
2442732
2442731
2442730
2442729
2442728
2442727
2442726
2442725
2442724
2442723
2442722
2442721
2442720
2442719
2442718
2442717
2442716
2442715
2442714
2442713
2442712
2442711
2442710
2442709
2442708
2442707
2442706
2442705
2442704
2442703
2442702
2442701
2442700
2442699
2442698
2442697
2442696
2442695
2442694
2442693
2442692
2442691
2442690
2442689
2442688
2442687
2442686
2442685
2442684
2442683
2442682
2442681
2442680
2442679
2442678
2442677
2442676
2442675
2442674
2442673
2442672
2442671
2442670
2442669
2442668
2442667
2442666
2442665
2442664
2442663
2442662
2442661
2442660
2442659
2442658
2442657
2442656
2442655
2442654
2442653
2442652
2442651
2442650
2442649
2442648
2442647
2442646
2442645
2442644
2442643
2442642
2442641
2442640
2442639
2442638
2442637
2442636
2442635
2442634
2442633
2442632
2442631
2442630
2442629
2442628
2442627
2442626
2442625
2442624
2442623
2442622
2442621
2442620
2442619
2442618
2442617
2442616
2442615
2442614
2442613
2442612
2442611
2442610
2442609
2442608
2442607
2442606
2442605
2442604
2442603
2442602
2442601
2442600
2442599
2442598
2442597
2442596
2442595
2442594
2442593
2442592
2442591
2442590
2442589
2442588
2442587
2442586
2442585
2442584
2442583
2442582
2442581
2442580
2442579
2442578
2442577
2442576
2442575
2442574
2442573
2442572
2442571
2442570
2442569
2442568
2442567
2442566
2442565
2442564
2442563
2442562
2442561
2442560
2442559
2442558
2442557
2442556
2442555
2442554
2442553
2442552
2442551
2442550
2442549
2442548
2442547
2442546
2442545
2442544
2442543
2442542
2442541
2442540
2442539
2442538
2442537
2442536
2442535
2442534
2442533
2442532
2442531
2442530
2442529
2442528
2442527
2442526
2442525
2442524
2442523
2442522
2442521
2442520
2442519
2442518
2442517
2442516
2442515
2442514
2442513
2442512
2442511
2442510
2442509
2442508
2442507
2442506
2442505
2442504
2442503
2442502
2442501
2442500
2442499
2442498
2442497
2442496
2442495
2442494
2442493
2442492
2442491
2442490
2442489
2442488
2442487
2442486
2442485
2442484
2442483
2442482
2442481
2442480
2442479
2442478
2442477
2442476
2442475
2442474
2442473
2442472
2442471
2442470
2442469
2442468
2442467
2442466
2442465
2442464
2442463
2442462
2442461
2442460
2442459
2442458
2442457
2442456
2442455
2442454
2442453
2442452
2442451
2442450
2442449
2442448
2442447
2442446
2442445
2442444
2442443
2442442
2442441
2442440
2442439
2442438
2442437
2442436
2442435
2442434
2442433
2442432
2442431
2442430
2442429
2442428
2442427
2442426
2442425
2442424
2442423
2442422
2442421
2442420
2442419
2442418
2442417
2442416
2442415
2442414
2442413
2442412
2442411
2442410
2442409
2442408
2442407
2442406
2442405
2442404
2442403
2442402
2442401
2442400
2442399
2442398
2442397
2442396
2442395
2442394
2442393
2442392
2442391
2442390
2442389
2442388
2442387
2442386
2442385
2442384
2442383
2442382
2442381
2442380
2442379
2442378
2442377
2442376
2442375
2442374
2442373
2442372
2442371
2442370
2442369
2442368
2442367
2442366
2442365
2442364
2442363
2442362
2442361
2442360
2442359
2442358
2442357
2442356
2442355
2442354
2442353
2442352
2442351
2442350
2442349
2442348
2442347
2442346
2442345
2442344
2442343
2442342
2442341
2442340
2442339
2442338
2442337
2442336
2442335
2442334
2442333
2442332
2442331
2442330
2442329
2442328
2442327
2442326
2442325
2442324
2442323
2442322
2442321
2442320
2442319
2442318
2442317
2442316
2442315
2442314
2442313
2442312
2442311
2442310
2442309
2442308
2442307
2442306
2442305
2442304
2442303
2442302
2442301
2442300
2442299
2442298
2442297
2442296
2442295
2442294
2442293
2442292
2442291
2442290
2442289
2442288
2442287
2442286
2442285
2442284
2442283
2442282
2442281
2442280
2442279
2442278
2442277
2442276
2442275
2442274
2442273
2442272
2442271
2442270
2442269
2442268
2442267
2442266
2442265
2442264
2442263
2442262
2442261
2442260
2442259
2442258
2442257
2442256
2442255
2442254
2442253
2442252
2442251
2442250
2442249
2442248
2442247
2442246
2442245
2442244
2442243
2442242
2442241
2442240
2442239
2442238
2442237
2442236
2442235
2442234
2442233
2442232
2442231
2442230
2442229
2442228
2442227
2442226
2442225
2442224
2442223
2442222
2442221
2442220
2442219
2442218
2442217
2442216
2442215
2442214
2442213
2442212
2442211
2442210
2442209
2442208
2442207
2442206
2442205
2442204
2442203
2442202
2442201
2442200
2442199
2442198
2442197
2442196
2442195
2442194
2442193
2442192
2442191
2442190
2442189
2442188
2442187
2442186
2442185
2442184
2442183
2442182
2442181
2442180
2442179
2442178
2442177
2442176
2442175
2442174
2442173
2442172
2442171
2442170
2442169
2442168
2442167
2442166
2442165
2442164
2442163
2442162
2442161
2442160
2442159
2442158
2442157
2442156
2442155
2442154
2442153
2442152
2442151
2442150
2442149
2442148
2442147
2442146
2442145
2442144
2442143
2442142
2442141
2442140
2442139
2442138
2442137
2442136
2442135
2442134
2442133
2442132
2442131
2442130
2442129
2442128
2442127
2442126
2442125
2442124
2442123
2442122
2442121
2442120
2442119
2442118
2442117
2442116
2442115
2442114
2442113
2442112
2442111
2442110
2442109
2442108
2442107
2442106
2442105
2442104
2442103
2442102
2442101
2442100
2442099
2442098
2442097
2442096
2442095
2442094
2442093
2442092
2442091
2442090
2442089
2442088
2442087
2442086
2442085
2442084
2442083
2442082
2442081
2442080
2442079
2442078
2442077
2442076
2442075
2442074
2442073
2442072
2442071
2442070
2442069
2442068
2442067
2442066
2442065
2442064
2442063
2442062
2442061
2442060
2442059
2442058
2442057
2442056
2442055
2442054
2442053
2442052
2442051
2442050
2442049
2442048
2442047
2442046
2442045
2442044
2442043
2442042
2442041
2442040
2442039
2442038
2442037
2442036
2442035
2442034
2442033
2442032
2442031
2442030
2442029
2442028
2442027
2442026
2442025
2442024
2442023
2442022
2442021
2442020
2442019
2442018
2442017
2442016
2442015
2442014
2442013
2442012
2442011
2442010
2442009
2442008
2442007
2442006
2442005
2442004
2442003
2442002
2442001
2442000
2441999
2441998
2441997
2441996
2441995
2441994
2441993
2441992
2441991
2441990
2441989
2441988
2441987
2441986
2441985
2441984
2441983
2441982
2441981
2441980
2441979
2441978
2441977
2441976
2441975
2441974
2441973
2441972
2441971
2441970
2441969
2441968
2441967
2441966
2441965
2441964
2441963
2441962
2441961
2441960
2441959
2441958
2441957
2441956
2441955
2441954
2441953
2441952
2441951
2441950
2441949
2441948
2441947
2441946
2441945
2441944
2441943
2441942
2441941
2441940
2441939
2441938
2441937
2441936
2441935
2441934
2441933
2441932
2441931
2441930
2441929
2441928
2441927
2441926
2441925
2441924
2441923
2441922
2441921
2441920
2441919
2441918
2441917
2441916
2441915
2441914
2441913
2441912
2441911
2441910
2441909
2441908
2441907
2441906
2441905
2441904
2441903
2441902
2441901
2441900
2441899
2441898
2441897
2441896
2441895
2441894
2441893
2441892
2441891
2441890
2441889
2441888
2441887
2441886
2441885
2441884
2441883
2441882
2441881
2441880
2441879
2441878
2441877
2441876
2441875
2441874
2441873
2441872
2441871
2441870
2441869
2441868
2441867
2441866
2441865
2441864
2441863
2441862
2441861
2441860
2441859
2441858
2441857
2441856
2441855
2441854
2441853
2441852
2441851
2441850
2441849
2441848
2441847
2441846
2441845
2441844
2441843
2441842
2441841
2441840
2441839
2441838
2441837
2441836
2441835
2441834
2441833
2441832
2441831
2441830
2441829
2441828
2441827
2441826
2441825
2441824
2441823
2441822
2441821
2441820
2441819
2441818
2441817
2441816
2441815
2441814
2441813
2441812
2441811
2441810
2441809
2441808
2441807
2441806
2441805
2441804
2441803
2441802
2441801
2441800
2441799
2441798
2441797
2441796
2441795
2441794
2441793
2441792
2441791
2441790
2441789
2441788
2441787
2441786
2441785
2441784
2441783
2441782
2441781
2441780
2441779
2441778
2441777
2441776
2441775
2441774
2441773
2441772
2441771
2441770
2441769
2441768
2441767
2441766
2441765
2441764
2441763
2441762
2441761
2441760
2441759
2441758
2441757
2441756
2441755
2441754
2441753
2441752
2441751
2441750
2441749
2441748
2441747
2441746
2441745
2441744
2441743
2441742
2441741
2441740
2441739
2441738
2441737
2441736
2441735
2441734
2441733
2441732
2441731
2441730
2441729
2441728
2441727
2441726
2441725
2441724
2441723
2441722
2441721
2441720
2441719
2441718
2441717
2441716
2441715
2441714
2441713
2441712
2441711
2441710
2441709
2441708
2441707
2441706
2441705
2441704
2441703
2441702
2441701
2441700
2441699
2441698
2441697
2441696
2441695
2441694
2441693
2441692
2441691
2441690
2441689
2441688
2441687
2441686
2441685
2441684
2441683
2441682
2441681
2441680
2441679
2441678
2441677
2441676
2441675
2441674
2441673
2441672
2441671
2441670
2441669
2441668
2441667
2441666
2441665
2441664
2441663
2441662
2441661
2441660
2441659
2441658
2441657
2441656
2441655
2441654
2441653
2441652
2441651
2441650
2441649
2441648
2441647
2441646
2441645
2441644
2441643
2441642
2441641
2441640
2441639
2441638
2441637
2441636
2441635
2441634
2441633
2441632
2441631
2441630
2441629
2441628
2441627
2441626
2441625
2441624
2441623
2441622
2441621
2441620
2441619
2441618
2441617
2441616
2441615
2441614
2441613
2441612
2441611
2441610
2441609
2441608
2441607
2441606
2441605
2441604
2441603
2441602
2441601
2441600
2441599
2441598
2441597
2441596
2441595
2441594
2441593
2441592
2441591
2441590
2441589
2441588
2441587
2441586
2441585
2441584
2441583
2441582
2441581
2441580
2441579
2441578
2441577
2441576
2441575
2441574
2441573
2441572
2441571
2441570
2441569
2441568
2441567
2441566
2441565
2441564
2441563
2441562
2441561
2441560
2441559
2441558
2441557
2441556
2441555
2441554
2441553
2441552
2441551
2441550
2441549
2441548
2441547
2441546
2441545
2441544
2441543
2441542
2441541
2441540
2441539
2441538
2441537
2441536
2441535
2441534
2441533
2441532
2441531
2441530
2441529
2441528
2441527
2441526
2441525
2441524
2441523
2441522
2441521
2441520
2441519
2441518
2441517
2441516
2441515
2441514
2441513
2441512
2441511
2441510
2441509
2441508
2441507
2441506
2441505
2441504
2441503
2441502
2441501
2441500
2441499
2441498
2441497
2441496
2441495
2441494
2441493
2441492
2441491
2441490
2441489
2441488
2441487
2441486
2441485
2441484
2441483
2441482
2441481
2441480
2441479
2441478
2441477
2441476
2441475
2441474
2441473
2441472
2441471
2441470
2441469
2441468
2441467
2441466
2441465
2441464
2441463
2441462
2441461
2441460
2441459
2441458
2441457
2441456
2441455
2441454
2441453
2441452
2441451
2441450
2441449
2441448
2441447
2441446
2441445
2441444
2441443
2441442
2441441
2441440
2441439
2441438
2441437
2441436
2441435
2441434
2441433
2441432
2441431
2441430
2441429
2441428
2441427
2441426
2441425
2441424
2441423
2441422
2441421
2441420
2441419
2441418
2441417
2441416
2441415
2441414
2441413
2441412
2441411
2441410
2441409
2441408
2441407
2441406
2441405
2441404
2441403
2441402
2441401
2441400
2441399
2441398
2441397
2441396
2441395
2441394
2441393
2441392
2441391
2441390
2441389
2441388
2441387
2441386
2441385
2441384
2441383
2441382
2441381
2441380
2441379
2441378
2441377
2441376
2441375
2441374
2441373
2441372
2441371
2441370
2441369
2441368
2441367
2441366
2441365
2441364
2441363
2441362
2441361
2441360
2441359
2441358
2441357
2441356
2441355
2441354
2441353
2441352
2441351
2441350
2441349
2441348
2441347
2441346
2441345
2441344
2441343
2441342
2441341
2441340
2441339
2441338
2441337
2441336
2441335
2441334
2441333
2441332
2441331
2441330
2441329
2441328
2441327
2441326
2441325
2441324
2441323
2441322
2441321
2441320
2441319
2441318
2441317
2441316
2441315
2441314
2441313
2441312
2441311
2441310
2441309
2441308
2441307
2441306
2441305
2441304
2441303
2441302
2441301
2441300
2441299
2441298
2441297
2441296
2441295
2441294
2441293
2441292
2441291
2441290
2441289
2441288
2441287
2441286
2441285
2441284
2441283
2441282
2441281
2441280
2441279
2441278
2441277
2441276
2441275
2441274
2441273
2441272
2441271
2441270
2441269
2441268
2441267
2441266
2441265
2441264
2441263
2441262
2441261
2441260
2441259
2441258
2441257
2441256
2441255
2441254
2441253
2441252
2441251
2441250
2441249
2441248
2441247
2441246
2441245
2441244
2441243
2441242
2441241
2441240
2441239
2441238
2441237
2441236
2441235
2441234
2441233
2441232
2441231
2441230
2441229
2441228
2441227
2441226
2441225
2441224
2441223
2441222
2441221
2441220
2441219
2441218
2441217
2441216
2441215
2441214
2441213
2441212
2441211
2441210
2441209
2441208
2441207
2441206
2441205
2441204
2441203
2441202
2441201
2441200
2441199
2441198
2441197
2441196
2441195
2441194
2441193
2441192
2441191
2441190
2441189
2441188
2441187
2441186
2441185
2441184
2441183
2441182
2441181
2441180
2441179
2441178
2441177
2441176
2441175
2441174
2441173
2441172
2441171
2441170
2441169
2441168
2441167
2441166
2441165
2441164
2441163
2441162
2441161
2441160
2441159
2441158
2441157
2441156
2441155
2441154
2441153
2441152
2441151
2441150
2441149
2441148
2441147
2441146
2441145
2441144
2441143
2441142
2441141
2441140
2441139
2441138
2441137
2441136
2441135
2441134
2441133
2441132
2441131
2441130
2441129
2441128
2441127
2441126
2441125
2441124
2441123
2441122
2441121
2441120
2441119
2441118
2441117
2441116
2441115
2441114
2441113
2441112
2441111
2441110
2441109
2441108
2441107
2441106
2441105
2441104
2441103
2441102
2441101
2441100
2441099
2441098
2441097
2441096
2441095
2441094
2441093
2441092
2441091
2441090
2441089
2441088
2441087
2441086
2441085
2441084
2441083
2441082
2441081
2441080
2441079
2441078
2441077
2441076
2441075
2441074
2441073
2441072
2441071
2441070
2441069
2441068
2441067
2441066
2441065
2441064
2441063
2441062
2441061
2441060
2441059
2441058
2441057
2441056
2441055
2441054
2441053
2441052
2441051
2441050
2441049
2441048
2441047
2441046
2441045
2441044
2441043
2441042
2441041
2441040
2441039
2441038
2441037
2441036
2441035
2441034
2441033
2441032
2441031
2441030
2441029
2441028
2441027
2441026
2441025
2441024
2441023
2441022
2441021
2441020
2441019
2441018
2441017
2441016
2441015
2441014
2441013
2441012
2441011
2441010
2441009
2441008
2441007
2441006
2441005
2441004
2441003
2441002
2441001
2441000
2440999
2440998
2440997
2440996
2440995
2440994
2440993
2440992
2440991
2440990
2440989
2440988
2440987
2440986
2440985
2440984
2440983
2440982
2440981
2440980
2440979
2440978
2440977
2440976
2440975
2440974
2440973
2440972
2440971
2440970
2440969
2440968
2440967
2440966
2440965
2440964
2440963
2440962
2440961
2440960
2440959
2440958
2440957
2440956
2440955
2440954
2440953
2440952
2440951
2440950
2440949
2440948
2440947
2440946
2440945
2440944
2440943
2440942
2440941
2440940
2440939
2440938
2440937
2440936
2440935
2440934
2440933
2440932
2440931
2440930
2440929
2440928
2440927
2440926
2440925
2440924
2440923
2440922
2440921
2440920
2440919
2440918
2440917
2440916
2440915
2440914
2440913
2440912
2440911
2440910
2440909
2440908
2440907
2440906
2440905
2440904
2440903
2440902
2440901
2440900
2440899
2440898
2440897
2440896
2440895
2440894
2440893
2440892
2440891
2440890
2440889
2440888
2440887
2440886
2440885
2440884
2440883
2440882
2440881
2440880
2440879
2440878
2440877
2440876
2440875
2440874
2440873
2440872
2440871
2440870
2440869
2440868
2440867
2440866
2440865
2440864
2440863
2440862
2440861
2440860
2440859
2440858
2440857
2440856
2440855
2440854
2440853
2440852
2440851
2440850
2440849
2440848
2440847
2440846
2440845
2440844
2440843
2440842
2440841
2440840
2440839
2440838
2440837
2440836
2440835
2440834
2440833
2440832
2440831
2440830
2440829
2440828
2440827
2440826
2440825
2440824
2440823
2440822
2440821
2440820
2440819
2440818
2440817
2440816
2440815
2440814
2440813
2440812
2440811
2440810
2440809
2440808
2440807
2440806
2440805
2440804
2440803
2440802
2440801
2440800
2440799
2440798
2440797
2440796
2440795
2440794
2440793
2440792
2440791
2440790
2440789
2440788
2440787
2440786
2440785
2440784
2440783
2440782
2440781
2440780
2440779
2440778
2440777
2440776
2440775
2440774
2440773
2440772
2440771
2440770
2440769
2440768
2440767
2440766
2440765
2440764
2440763
2440762
2440761
2440760
2440759
2440758
2440757
2440756
2440755
2440754
2440753
2440752
2440751
2440750
2440749
2440748
2440747
2440746
2440745
2440744
2440743
2440742
2440741
2440740
2440739
2440738
2440737
2440736
2440735
2440734
2440733
2440732
2440731
2440730
2440729
2440728
2440727
2440726
2440725
2440724
2440723
2440722
2440721
2440720
2440719
2440718
2440717
2440716
2440715
2440714
2440713
2440712
2440711
2440710
2440709
2440708
2440707
2440706
2440705
2440704
2440703
2440702
2440701
2440700
2440699
2440698
2440697
2440696
2440695
2440694
2440693
2440692
2440691
2440690
2440689
2440688
2440687
2440686
2440685
2440684
2440683
2440682
2440681
2440680
2440679
2440678
2440677
2440676
2440675
2440674
2440673
2440672
2440671
2440670
2440669
2440668
2440667
2440666
2440665
2440664
2440663
2440662
2440661
2440660
2440659
2440658
2440657
2440656
2440655
2440654
2440653
2440652
2440651
2440650
2440649
2440648
2440647
2440646
2440645
2440644
2440643
2440642
2440641
2440640
2440639
2440638
2440637
2440636
2440635
2440634
2440633
2440632
2440631
2440630
2440629
2440628
2440627
2440626
2440625
2440624
2440623
2440622
2440621
2440620
2440619
2440618
2440617
2440616
2440615
2440614
2440613
2440612
2440611
2440610
2440609
2440608
2440607
2440606
2440605
2440604
2440603
2440602
2440601
2440600
2440599
2440598
2440597
2440596
2440595
2440594
2440593
2440592
2440591
2440590
2440589
2440588
2440587
2440586
2440585
2440584
2440583
2440582
2440581
2440580
2440579
2440578
2440577
2440576
2440575
2440574
2440573
2440572
2440571
2440570
2440569
2440568
2440567
2440566
2440565
2440564
2440563
2440562
2440561
2440560
2440559
2440558
2440557
2440556
2440555
2440554
2440553
2440552
2440551
2440550
2440549
2440548
2440547
2440546
2440545
2440544
2440543
2440542
2440541
2440540
2440539
2440538
2440537
2440536
2440535
2440534
2440533
2440532
2440531
2440530
2440529
2440528
2440527
2440526
2440525
2440524
2440523
2440522
2440521
2440520
2440519
2440518
2440517
2440516
2440515
2440514
2440513
2440512
2440511
2440510
2440509
2440508
2440507
2440506
2440505
2440504
2440503
2440502
2440501
2440500
2440499
2440498
2440497
2440496
2440495
2440494
2440493
2440492
2440491
2440490
2440489
2440488
2440487
2440486
2440485
2440484
2440483
2440482
2440481
2440480
2440479
2440478
2440477
2440476
2440475
2440474
2440473
2440472
2440471
2440470
2440469
2440468
2440467
2440466
2440465
2440464
2440463
2440462
2440461
2440460
2440459
2440458
2440457
2440456
2440455
2440454
2440453
2440452
2440451
2440450
2440449
2440448
2440447
2440446
2440445
2440444
2440443
2440442
2440441
2440440
2440439
2440438
2440437
2440436
2440435
2440434
2440433
2440432
2440431
2440430
2440429
2440428
2440427
2440426
2440425
2440424
2440423
2440422
2440421
2440420
2440419
2440418
2440417
2440416
2440415
2440414
2440413
2440412
2440411
2440410
2440409
2440408
2440407
2440406
2440405
2440404
2440403
2440402
2440401
2440400
2440399
2440398
2440397
2440396
2440395
2440394
2440393
2440392
2440391
2440390
2440389
2440388
2440387
2440386
2440385
2440384
2440383
2440382
2440381
2440380
2440379
2440378
2440377
2440376
2440375
2440374
2440373
2440372
2440371
2440370
2440369
2440368
2440367
2440366
2440365
2440364
2440363
2440362
2440361
2440360
2440359
2440358
2440357
2440356
2440355
2440354
2440353
2440352
2440351
2440350
2440349
2440348
2440347
2440346
2440345
2440344
2440343
2440342
2440341
2440340
2440339
2440338
2440337
2440336
2440335
2440334
2440333
2440332
2440331
2440330
2440329
2440328
2440327
2440326
2440325
2440324
2440323
2440322
2440321
2440320
2440319
2440318
2440317
2440316
2440315
2440314
2440313
2440312
2440311
2440310
2440309
2440308
2440307
2440306
2440305
2440304
2440303
2440302
2440301
2440300
2440299
2440298
2440297
2440296
2440295
2440294
2440293
2440292
2440291
2440290
2440289
2440288
2440287
2440286
2440285
2440284
2440283
2440282
2440281
2440280
2440279
2440278
2440277
2440276
2440275
2440274
2440273
2440272
2440271
2440270
2440269
2440268
2440267
2440266
2440265
2440264
2440263
2440262
2440261
2440260
2440259
2440258
2440257
2440256
2440255
2440254
2440253
2440252
2440251
2440250
2440249
2440248
2440247
2440246
2440245
2440244
2440243
2440242
2440241
2440240
2440239
2440238
2440237
2440236
2440235
2440234
2440233
2440232
2440231
2440230
2440229
2440228
2440227
2440226
2440225
2440224
2440223
2440222
2440221
2440220
2440219
2440218
2440217
2440216
2440215
2440214
2440213
2440212
2440211
2440210
2440209
2440208
2440207
2440206
2440205
2440204
2440203
2440202
2440201
2440200
2440199
2440198
2440197
2440196
2440195
2440194
2440193
2440192
2440191
2440190
2440189
2440188
2440187
2440186
2440185
2440184
2440183
2440182
2440181
2440180
2440179
2440178
2440177
2440176
2440175
2440174
2440173
2440172
2440171
2440170
2440169
2440168
2440167
2440166
2440165
2440164
2440163
2440162
2440161
2440160
2440159
2440158
2440157
2440156
2440155
2440154
2440153
2440152
2440151
2440150
2440149
2440148
2440147
2440146
2440145
2440144
2440143
2440142
2440141
2440140
2440139
2440138
2440137
2440136
2440135
2440134
2440133
2440132
2440131
2440130
2440129
2440128
2440127
2440126
2440125
2440124
2440123
2440122
2440121
2440120
2440119
2440118
2440117
2440116
2440115
2440114
2440113
2440112
2440111
2440110
2440109
2440108
2440107
2440106
2440105
2440104
2440103
2440102
2440101
2440100
2440099
2440098
2440097
2440096
2440095
2440094
2440093
2440092
2440091
2440090
2440089
2440088
2440087
2440086
2440085
2440084
2440083
2440082
2440081
2440080
2440079
2440078
2440077
2440076
2440075
2440074
2440073
2440072
2440071
2440070
2440069
2440068
2440067
2440066
2440065
2440064
2440063
2440062
2440061
2440060
2440059
2440058
2440057
2440056
2440055
2440054
2440053
2440052
2440051
2440050
2440049
2440048
2440047
2440046
2440045
2440044
2440043
2440042
2440041
2440040
2440039
2440038
2440037
2440036
2440035
2440034
2440033
2440032
2440031
2440030
2440029
2440028
2440027
2440026
2440025
2440024
2440023
2440022
2440021
2440020
2440019
2440018
2440017
2440016
2440015
2440014
2440013
2440012
2440011
2440010
2440009
2440008
2440007
2440006
2440005
2440004
2440003
2440002
2440001
2440000
2439999
2439998
2439997
2439996
2439995
2439994
2439993
2439992
2439991
2439990
2439989
2439988
2439987
2439986
2439985
2439984
2439983
2439982
2439981
2439980
2439979
2439978
2439977
2439976
2439975
2439974
2439973
2439972
2439971
2439970
2439969
2439968
2439967
2439966
2439965
2439964
2439963
2439962
2439961
2439960
2439959
2439958
2439957
2439956
2439955
2439954
2439953
2439952
2439951
2439950
2439949
2439948
2439947
2439946
2439945
2439944
2439943
2439942
2439941
2439940
2439939
2439938
2439937
2439936
2439935
2439934
2439933
2439932
2439931
2439930
2439929
2439928
2439927
2439926
2439925
2439924
2439923
2439922
2439921
2439920
2439919
2439918
2439917
2439916
2439915
2439914
2439913
2439912
2439911
2439910
2439909
2439908
2439907
2439906
2439905
2439904
2439903
2439902
2439901
2439900
2439899
2439898
2439897
2439896
2439895
2439894
2439893
2439892
2439891
2439890
2439889
2439888
2439887
2439886
2439885
2439884
2439883
2439882
2439881
2439880
2439879
2439878
2439877
2439876
2439875
2439874
2439873
2439872
2439871
2439870
2439869
2439868
2439867
2439866
2439865
2439864
2439863
2439862
2439861
2439860
2439859
2439858
2439857
2439856
2439855
2439854
2439853
2439852
2439851
2439850
2439849
2439848
2439847
2439846
2439845
2439844
2439843
2439842
2439841
2439840
2439839
2439838
2439837
2439836
2439835
2439834
2439833
2439832
2439831
2439830
2439829
2439828
2439827
2439826
2439825
2439824
2439823
2439822
2439821
2439820
2439819
2439818
2439817
2439816
2439815
2439814
2439813
2439812
2439811
2439810
2439809
2439808
2439807
2439806
2439805
2439804
2439803
2439802
2439801
2439800
2439799
2439798
2439797
2439796
2439795
2439794
2439793
2439792
2439791
2439790
2439789
2439788
2439787
2439786
2439785
2439784
2439783
2439782
2439781
2439780
2439779
2439778
2439777
2439776
2439775
2439774
2439773
2439772
2439771
2439770
2439769
2439768
2439767
2439766
2439765
2439764
2439763
2439762
2439761
2439760
2439759
2439758
2439757
2439756
2439755
2439754
2439753
2439752
2439751
2439750
2439749
2439748
2439747
2439746
2439745
2439744
2439743
2439742
2439741
2439740
2439739
2439738
2439737
2439736
2439735
2439734
2439733
2439732
2439731
2439730
2439729
2439728
2439727
2439726
2439725
2439724
2439723
2439722
2439721
2439720
2439719
2439718
2439717
2439716
2439715
2439714
2439713
2439712
2439711
2439710
2439709
2439708
2439707
2439706
2439705
2439704
2439703
2439702
2439701
2439700
2439699
2439698
2439697
2439696
2439695
2439694
2439693
2439692
2439691
2439690
2439689
2439688
2439687
2439686
2439685
2439684
2439683
2439682
2439681
2439680
2439679
2439678
2439677
2439676
2439675
2439674
2439673
2439672
2439671
2439670
2439669
2439668
2439667
2439666
2439665
2439664
2439663
2439662
2439661
2439660
2439659
2439658
2439657
2439656
2439655
2439654
2439653
2439652
2439651
2439650
2439649
2439648
2439647
2439646
2439645
2439644
2439643
2439642
2439641
2439640
2439639
2439638
2439637
2439636
2439635
2439634
2439633
2439632
2439631
2439630
2439629
2439628
2439627
2439626
2439625
2439624
2439623
2439622
2439621
2439620
2439619
2439618
2439617
2439616
2439615
2439614
2439613
2439612
2439611
2439610
2439609
2439608
2439607
2439606
2439605
2439604
2439603
2439602
2439601
2439600
2439599
2439598
2439597
2439596
2439595
2439594
2439593
2439592
2439591
2439590
2439589
2439588
2439587
2439586
2439585
2439584
2439583
2439582
2439581
2439580
2439579
2439578
2439577
2439576
2439575
2439574
2439573
2439572
2439571
2439570
2439569
2439568
2439567
2439566
2439565
2439564
2439563
2439562
2439561
2439560
2439559
2439558
2439557
2439556
2439555
2439554
2439553
2439552
2439551
2439550
2439549
2439548
2439547
2439546
2439545
2439544
2439543
2439542
2439541
2439540
2439539
2439538
2439537
2439536
2439535
2439534
2439533
2439532
2439531
2439530
2439529
2439528
2439527
2439526
2439525
2439524
2439523
2439522
2439521
2439520
2439519
2439518
2439517
2439516
2439515
2439514
2439513
2439512
2439511
2439510
2439509
2439508
2439507
2439506
2439505
2439504
2439503
2439502
2439501
2439500
2439499
2439498
2439497
2439496
2439495
2439494
2439493
2439492
2439491
2439490
2439489
2439488
2439487
2439486
2439485
2439484
2439483
2439482
2439481
2439480
2439479
2439478
2439477
2439476
2439475
2439474
2439473
2439472
2439471
2439470
2439469
2439468
2439467
2439466
2439465
2439464
2439463
2439462
2439461
2439460
2439459
2439458
2439457
2439456
2439455
2439454
2439453
2439452
2439451
2439450
2439449
2439448
2439447
2439446
2439445
2439444
2439443
2439442
2439441
2439440
2439439
2439438
2439437
2439436
2439435
2439434
2439433
2439432
2439431
2439430
2439429
2439428
2439427
2439426
2439425
2439424
2439423
2439422
2439421
2439420
2439419
2439418
2439417
2439416
2439415
2439414
2439413
2439412
2439411
2439410
2439409
2439408
2439407
2439406
2439405
2439404
2439403
2439402
2439401
2439400
2439399
2439398
2439397
2439396
2439395
2439394
2439393
2439392
2439391
2439390
2439389
2439388
2439387
2439386
2439385
2439384
2439383
2439382
2439381
2439380
2439379
2439378
2439377
2439376
2439375
2439374
2439373
2439372
2439371
2439370
2439369
2439368
2439367
2439366
2439365
2439364
2439363
2439362
2439361
2439360
2439359
2439358
2439357
2439356
2439355
2439354
2439353
2439352
2439351
2439350
2439349
2439348
2439347
2439346
2439345
2439344
2439343
2439342
2439341
2439340
2439339
2439338
2439337
2439336
2439335
2439334
2439333
2439332
2439331
2439330
2439329
2439328
2439327
2439326
2439325
2439324
2439323
2439322
2439321
2439320
2439319
2439318
2439317
2439316
2439315
2439314
2439313
2439312
2439311
2439310
2439309
2439308
2439307
2439306
2439305
2439304
2439303
2439302
2439301
2439300
2439299
2439298
2439297
2439296
2439295
2439294
2439293
2439292
2439291
2439290
2439289
2439288
2439287
2439286
2439285
2439284
2439283
2439282
2439281
2439280
2439279
2439278
2439277
2439276
2439275
2439274
2439273
2439272
2439271
2439270
2439269
2439268
2439267
2439266
2439265
2439264
2439263
2439262
2439261
2439260
2439259
2439258
2439257
2439256
2439255
2439254
2439253
2439252
2439251
2439250
2439249
2439248
2439247
2439246
2439245
2439244
2439243
2439242
2439241
2439240
2439239
2439238
2439237
2439236
2439235
2439234
2439233
2439232
2439231
2439230
2439229
2439228
2439227
2439226
2439225
2439224
2439223
2439222
2439221
2439220
2439219
2439218
2439217
2439216
2439215
2439214
2439213
2439212
2439211
2439210
2439209
2439208
2439207
2439206
2439205
2439204
2439203
2439202
2439201
2439200
2439199
2439198
2439197
2439196
2439195
2439194
2439193
2439192
2439191
2439190
2439189
2439188
2439187
2439186
2439185
2439184
2439183
2439182
2439181
2439180
2439179
2439178
2439177
2439176
2439175
2439174
2439173
2439172
2439171
2439170
2439169
2439168
2439167
2439166
2439165
2439164
2439163
2439162
2439161
2439160
2439159
2439158
2439157
2439156
2439155
2439154
2439153
2439152
2439151
2439150
2439149
2439148
2439147
2439146
2439145
2439144
2439143
2439142
2439141
2439140
2439139
2439138
2439137
2439136
2439135
2439134
2439133
2439132
2439131
2439130
2439129
2439128
2439127
2439126
2439125
2439124
2439123
2439122
2439121
2439120
2439119
2439118
2439117
2439116
2439115
2439114
2439113
2439112
2439111
2439110
2439109
2439108
2439107
2439106
2439105
2439104
2439103
2439102
2439101
2439100
2439099
2439098
2439097
2439096
2439095
2439094
2439093
2439092
2439091
2439090
2439089
2439088
2439087
2439086
2439085
2439084
2439083
2439082
2439081
2439080
2439079
2439078
2439077
2439076
2439075
2439074
2439073
2439072
2439071
2439070
2439069
2439068
2439067
2439066
2439065
2439064
2439063
2439062
2439061
2439060
2439059
2439058
2439057
2439056
2439055
2439054
2439053
2439052
2439051
2439050
2439049
2439048
2439047
2439046
2439045
2439044
2439043
2439042
2439041
2439040
2439039
2439038
2439037
2439036
2439035
2439034
2439033
2439032
2439031
2439030
2439029
2439028
2439027
2439026
2439025
2439024
2439023
2439022
2439021
2439020
2439019
2439018
2439017
2439016
2439015
2439014
2439013
2439012
2439011
2439010
2439009
2439008
2439007
2439006
2439005
2439004
2439003
2439002
2439001
2439000
2438999
2438998
2438997
2438996
2438995
2438994
2438993
2438992
2438991
2438990
2438989
2438988
2438987
2438986
2438985
2438984
2438983
2438982
2438981
2438980
2438979
2438978
2438977
2438976
2438975
2438974
2438973
2438972
2438971
2438970
2438969
2438968
2438967
2438966
2438965
2438964
2438963
2438962
2438961
2438960
2438959
2438958
2438957
2438956
2438955
2438954
2438953
2438952
2438951
2438950
2438949
2438948
2438947
2438946
2438945
2438944
2438943
2438942
2438941
2438940
2438939
2438938
2438937
2438936
2438935
2438934
2438933
2438932
2438931
2438930
2438929
2438928
2438927
2438926
2438925
2438924
2438923
2438922
2438921
2438920
2438919
2438918
2438917
2438916
2438915
2438914
2438913
2438912
2438911
2438910
2438909
2438908
2438907
2438906
2438905
2438904
2438903
2438902
2438901
2438900
2438899
2438898
2438897
2438896
2438895
2438894
2438893
2438892
2438891
2438890
2438889
2438888
2438887
2438886
2438885
2438884
2438883
2438882
2438881
2438880
2438879
2438878
2438877
2438876
2438875
2438874
2438873
2438872
2438871
2438870
2438869
2438868
2438867
2438866
2438865
2438864
2438863
2438862
2438861
2438860
2438859
2438858
2438857
2438856
2438855
2438854
2438853
2438852
2438851
2438850
2438849
2438848
2438847
2438846
2438845
2438844
2438843
2438842
2438841
2438840
2438839
2438838
2438837
2438836
2438835
2438834
2438833
2438832
2438831
2438830
2438829
2438828
2438827
2438826
2438825
2438824
2438823
2438822
2438821
2438820
2438819
2438818
2438817
2438816
2438815
2438814
2438813
2438812
2438811
2438810
2438809
2438808
2438807
2438806
2438805
2438804
2438803
2438802
2438801
2438800
2438799
2438798
2438797
2438796
2438795
2438794
2438793
2438792
2438791
2438790
2438789
2438788
2438787
2438786
2438785
2438784
2438783
2438782
2438781
2438780
2438779
2438778
2438777
2438776
2438775
2438774
2438773
2438772
2438771
2438770
2438769
2438768
2438767
2438766
2438765
2438764
2438763
2438762
2438761
2438760
2438759
2438758
2438757
2438756
2438755
2438754
2438753
2438752
2438751
2438750
2438749
2438748
2438747
2438746
2438745
2438744
2438743
2438742
2438741
2438740
2438739
2438738
2438737
2438736
2438735
2438734
2438733
2438732
2438731
2438730
2438729
2438728
2438727
2438726
2438725
2438724
2438723
2438722
2438721
2438720
2438719
2438718
2438717
2438716
2438715
2438714
2438713
2438712
2438711
2438710
2438709
2438708
2438707
2438706
2438705
2438704
2438703
2438702
2438701
2438700
2438699
2438698
2438697
2438696
2438695
2438694
2438693
2438692
2438691
2438690
2438689
2438688
2438687
2438686
2438685
2438684
2438683
2438682
2438681
2438680
2438679
2438678
2438677
2438676
2438675
2438674
2438673
2438672
2438671
2438670
2438669
2438668
2438667
2438666
2438665
2438664
2438663
2438662
2438661
2438660
2438659
2438658
2438657
2438656
2438655
2438654
2438653
2438652
2438651
2438650
2438649
2438648
2438647
2438646
2438645
2438644
2438643
2438642
2438641
2438640
2438639
2438638
2438637
2438636
2438635
2438634
2438633
2438632
2438631
2438630
2438629
2438628
2438627
2438626
2438625
2438624
2438623
2438622
2438621
2438620
2438619
2438618
2438617
2438616
2438615
2438614
2438613
2438612
2438611
2438610
2438609
2438608
2438607
2438606
2438605
2438604
2438603
2438602
2438601
2438600
2438599
2438598
2438597
2438596
2438595
2438594
2438593
2438592
2438591
2438590
2438589
2438588
2438587
2438586
2438585
2438584
2438583
2438582
2438581
2438580
2438579
2438578
2438577
2438576
2438575
2438574
2438573
2438572
2438571
2438570
2438569
2438568
2438567
2438566
2438565
2438564
2438563
2438562
2438561
2438560
2438559
2438558
2438557
2438556
2438555
2438554
2438553
2438552
2438551
2438550
2438549
2438548
2438547
2438546
2438545
2438544
2438543
2438542
2438541
2438540
2438539
2438538
2438537
2438536
2438535
2438534
2438533
2438532
2438531
2438530
2438529
2438528
2438527
2438526
2438525
2438524
2438523
2438522
2438521
2438520
2438519
2438518
2438517
2438516
2438515
2438514
2438513
2438512
2438511
2438510
2438509
2438508
2438507
2438506
2438505
2438504
2438503
2438502
2438501
2438500
2438499
2438498
2438497
2438496
2438495
2438494
2438493
2438492
2438491
2438490
2438489
2438488
2438487
2438486
2438485
2438484
2438483
2438482
2438481
2438480
2438479
2438478
2438477
2438476
2438475
2438474
2438473
2438472
2438471
2438470
2438469
2438468
2438467
2438466
2438465
2438464
2438463
2438462
2438461
2438460
2438459
2438458
2438457
2438456
2438455
2438454
2438453
2438452
2438451
2438450
2438449
2438448
2438447
2438446
2438445
2438444
2438443
2438442
2438441
2438440
2438439
2438438
2438437
2438436
2438435
2438434
2438433
2438432
2438431
2438430
2438429
2438428
2438427
2438426
2438425
2438424
2438423
2438422
2438421
2438420
2438419
2438418
2438417
2438416
2438415
2438414
2438413
2438412
2438411
2438410
2438409
2438408
2438407
2438406
2438405
2438404
2438403
2438402
2438401
2438400
2438399
2438398
2438397
2438396
2438395
2438394
2438393
2438392
2438391
2438390
2438389
2438388
2438387
2438386
2438385
2438384
2438383
2438382
2438381
2438380
2438379
2438378
2438377
2438376
2438375
2438374
2438373
2438372
2438371
2438370
2438369
2438368
2438367
2438366
2438365
2438364
2438363
2438362
2438361
2438360
2438359
2438358
2438357
2438356
2438355
2438354
2438353
2438352
2438351
2438350
2438349
2438348
2438347
2438346
2438345
2438344
2438343
2438342
2438341
2438340
2438339
2438338
2438337
2438336
2438335
2438334
2438333
2438332
2438331
2438330
2438329
2438328
2438327
2438326
2438325
2438324
2438323
2438322
2438321
2438320
2438319
2438318
2438317
2438316
2438315
2438314
2438313
2438312
2438311
2438310
2438309
2438308
2438307
2438306
2438305
2438304
2438303
2438302
2438301
2438300
2438299
2438298
2438297
2438296
2438295
2438294
2438293
2438292
2438291
2438290
2438289
2438288
2438287
2438286
2438285
2438284
2438283
2438282
2438281
2438280
2438279
2438278
2438277
2438276
2438275
2438274
2438273
2438272
2438271
2438270
2438269
2438268
2438267
2438266
2438265
2438264
2438263
2438262
2438261
2438260
2438259
2438258
2438257
2438256
2438255
2438254
2438253
2438252
2438251
2438250
2438249
2438248
2438247
2438246
2438245
2438244
2438243
2438242
2438241
2438240
2438239
2438238
2438237
2438236
2438235
2438234
2438233
2438232
2438231
2438230
2438229
2438228
2438227
2438226
2438225
2438224
2438223
2438222
2438221
2438220
2438219
2438218
2438217
2438216
2438215
2438214
2438213
2438212
2438211
2438210
2438209
2438208
2438207
2438206
2438205
2438204
2438203
2438202
2438201
2438200
2438199
2438198
2438197
2438196
2438195
2438194
2438193
2438192
2438191
2438190
2438189
2438188
2438187
2438186
2438185
2438184
2438183
2438182
2438181
2438180
2438179
2438178
2438177
2438176
2438175
2438174
2438173
2438172
2438171
2438170
2438169
2438168
2438167
2438166
2438165
2438164
2438163
2438162
2438161
2438160
2438159
2438158
2438157
2438156
2438155
2438154
2438153
2438152
2438151
2438150
2438149
2438148
2438147
2438146
2438145
2438144
2438143
2438142
2438141
2438140
2438139
2438138
2438137
2438136
2438135
2438134
2438133
2438132
2438131
2438130
2438129
2438128
2438127
2438126
2438125
2438124
2438123
2438122
2438121
2438120
2438119
2438118
2438117
2438116
2438115
2438114
2438113
2438112
2438111
2438110
2438109
2438108
2438107
2438106
2438105
2438104
2438103
2438102
2438101
2438100
2438099
2438098
2438097
2438096
2438095
2438094
2438093
2438092
2438091
2438090
2438089
2438088
2438087
2438086
2438085
2438084
2438083
2438082
2438081
2438080
2438079
2438078
2438077
2438076
2438075
2438074
2438073
2438072
2438071
2438070
2438069
2438068
2438067
2438066
2438065
2438064
2438063
2438062
2438061
2438060
2438059
2438058
2438057
2438056
2438055
2438054
2438053
2438052
2438051
2438050
2438049
2438048
2438047
2438046
2438045
2438044
2438043
2438042
2438041
2438040
2438039
2438038
2438037
2438036
2438035
2438034
2438033
2438032
2438031
2438030
2438029
2438028
2438027
2438026
2438025
2438024
2438023
2438022
2438021
2438020
2438019
2438018
2438017
2438016
2438015
2438014
2438013
2438012
2438011
2438010
2438009
2438008
2438007
2438006
2438005
2438004
2438003
2438002
2438001
2438000
2437999
2437998
2437997
2437996
2437995
2437994
2437993
2437992
2437991
2437990
2437989
2437988
2437987
2437986
2437985
2437984
2437983
2437982
2437981
2437980
2437979
2437978
2437977
2437976
2437975
2437974
2437973
2437972
2437971
2437970
2437969
2437968
2437967
2437966
2437965
2437964
2437963
2437962
2437961
2437960
2437959
2437958
2437957
2437956
2437955
2437954
2437953
2437952
2437951
2437950
2437949
2437948
2437947
2437946
2437945
2437944
2437943
2437942
2437941
2437940
2437939
2437938
2437937
2437936
2437935
2437934
2437933
2437932
2437931
2437930
2437929
2437928
2437927
2437926
2437925
2437924
2437923
2437922
2437921
2437920
2437919
2437918
2437917
2437916
2437915
2437914
2437913
2437912
2437911
2437910
2437909
2437908
2437907
2437906
2437905
2437904
2437903
2437902
2437901
2437900
2437899
2437898
2437897
2437896
2437895
2437894
2437893
2437892
2437891
2437890
2437889
2437888
2437887
2437886
2437885
2437884
2437883
2437882
2437881
2437880
2437879
2437878
2437877
2437876
2437875
2437874
2437873
2437872
2437871
2437870
2437869
2437868
2437867
2437866
2437865
2437864
2437863
2437862
2437861
2437860
2437859
2437858
2437857
2437856
2437855
2437854
2437853
2437852
2437851
2437850
2437849
2437848
2437847
2437846
2437845
2437844
2437843
2437842
2437841
2437840
2437839
2437838
2437837
2437836
2437835
2437834
2437833
2437832
2437831
2437830
2437829
2437828
2437827
2437826
2437825
2437824
2437823
2437822
2437821
2437820
2437819
2437818
2437817
2437816
2437815
2437814
2437813
2437812
2437811
2437810
2437809
2437808
2437807
2437806
2437805
2437804
2437803
2437802
2437801
2437800
2437799
2437798
2437797
2437796
2437795
2437794
2437793
2437792
2437791
2437790
2437789
2437788
2437787
2437786
2437785
2437784
2437783
2437782
2437781
2437780
2437779
2437778
2437777
2437776
2437775
2437774
2437773
2437772
2437771
2437770
2437769
2437768
2437767
2437766
2437765
2437764
2437763
2437762
2437761
2437760
2437759
2437758
2437757
2437756
2437755
2437754
2437753
2437752
2437751
2437750
2437749
2437748
2437747
2437746
2437745
2437744
2437743
2437742
2437741
2437740
2437739
2437738
2437737
2437736
2437735
2437734
2437733
2437732
2437731
2437730
2437729
2437728
2437727
2437726
2437725
2437724
2437723
2437722
2437721
2437720
2437719
2437718
2437717
2437716
2437715
2437714
2437713
2437712
2437711
2437710
2437709
2437708
2437707
2437706
2437705
2437704
2437703
2437702
2437701
2437700
2437699
2437698
2437697
2437696
2437695
2437694
2437693
2437692
2437691
2437690
2437689
2437688
2437687
2437686
2437685
2437684
2437683
2437682
2437681
2437680
2437679
2437678
2437677
2437676
2437675
2437674
2437673
2437672
2437671
2437670
2437669
2437668
2437667
2437666
2437665
2437664
2437663
2437662
2437661
2437660
2437659
2437658
2437657
2437656
2437655
2437654
2437653
2437652
2437651
2437650
2437649
2437648
2437647
2437646
2437645
2437644
2437643
2437642
2437641
2437640
2437639
2437638
2437637
2437636
2437635
2437634
2437633
2437632
2437631
2437630
2437629
2437628
2437627
2437626
2437625
2437624
2437623
2437622
2437621
2437620
2437619
2437618
2437617
2437616
2437615
2437614
2437613
2437612
2437611
2437610
2437609
2437608
2437607
2437606
2437605
2437604
2437603
2437602
2437601
2437600
2437599
2437598
2437597
2437596
2437595
2437594
2437593
2437592
2437591
2437590
2437589
2437588
2437587
2437586
2437585
2437584
2437583
2437582
2437581
2437580
2437579
2437578
2437577
2437576
2437575
2437574
2437573
2437572
2437571
2437570
2437569
2437568
2437567
2437566
2437565
2437564
2437563
2437562
2437561
2437560
2437559
2437558
2437557
2437556
2437555
2437554
2437553
2437552
2437551
2437550
2437549
2437548
2437547
2437546
2437545
2437544
2437543
2437542
2437541
2437540
2437539
2437538
2437537
2437536
2437535
2437534
2437533
2437532
2437531
2437530
2437529
2437528
2437527
2437526
2437525
2437524
2437523
2437522
2437521
2437520
2437519
2437518
2437517
2437516
2437515
2437514
2437513
2437512
2437511
2437510
2437509
2437508
2437507
2437506
2437505
2437504
2437503
2437502
2437501
2437500
2437499
2437498
2437497
2437496
2437495
2437494
2437493
2437492
2437491
2437490
2437489
2437488
2437487
2437486
2437485
2437484
2437483
2437482
2437481
2437480
2437479
2437478
2437477
2437476
2437475
2437474
2437473
2437472
2437471
2437470
2437469
2437468
2437467
2437466
2437465
2437464
2437463
2437462
2437461
2437460
2437459
2437458
2437457
2437456
2437455
2437454
2437453
2437452
2437451
2437450
2437449
2437448
2437447
2437446
2437445
2437444
2437443
2437442
2437441
2437440
2437439
2437438
2437437
2437436
2437435
2437434
2437433
2437432
2437431
2437430
2437429
2437428
2437427
2437426
2437425
2437424
2437423
2437422
2437421
2437420
2437419
2437418
2437417
2437416
2437415
2437414
2437413
2437412
2437411
2437410
2437409
2437408
2437407
2437406
2437405
2437404
2437403
2437402
2437401
2437400
2437399
2437398
2437397
2437396
2437395
2437394
2437393
2437392
2437391
2437390
2437389
2437388
2437387
2437386
2437385
2437384
2437383
2437382
2437381
2437380
2437379
2437378
2437377
2437376
2437375
2437374
2437373
2437372
2437371
2437370
2437369
2437368
2437367
2437366
2437365
2437364
2437363
2437362
2437361
2437360
2437359
2437358
2437357
2437356
2437355
2437354
2437353
2437352
2437351
2437350
2437349
2437348
2437347
2437346
2437345
2437344
2437343
2437342
2437341
2437340
2437339
2437338
2437337
2437336
2437335
2437334
2437333
2437332
2437331
2437330
2437329
2437328
2437327
2437326
2437325
2437324
2437323
2437322
2437321
2437320
2437319
2437318
2437317
2437316
2437315
2437314
2437313
2437312
2437311
2437310
2437309
2437308
2437307
2437306
2437305
2437304
2437303
2437302
2437301
2437300
2437299
2437298
2437297
2437296
2437295
2437294
2437293
2437292
2437291
2437290
2437289
2437288
2437287
2437286
2437285
2437284
2437283
2437282
2437281
2437280
2437279
2437278
2437277
2437276
2437275
2437274
2437273
2437272
2437271
2437270
2437269
2437268
2437267
2437266
2437265
2437264
2437263
2437262
2437261
2437260
2437259
2437258
2437257
2437256
2437255
2437254
2437253
2437252
2437251
2437250
2437249
2437248
2437247
2437246
2437245
2437244
2437243
2437242
2437241
2437240
2437239
2437238
2437237
2437236
2437235
2437234
2437233
2437232
2437231
2437230
2437229
2437228
2437227
2437226
2437225
2437224
2437223
2437222
2437221
2437220
2437219
2437218
2437217
2437216
2437215
2437214
2437213
2437212
2437211
2437210
2437209
2437208
2437207
2437206
2437205
2437204
2437203
2437202
2437201
2437200
2437199
2437198
2437197
2437196
2437195
2437194
2437193
2437192
2437191
2437190
2437189
2437188
2437187
2437186
2437185
2437184
2437183
2437182
2437181
2437180
2437179
2437178
2437177
2437176
2437175
2437174
2437173
2437172
2437171
2437170
2437169
2437168
2437167
2437166
2437165
2437164
2437163
2437162
2437161
2437160
2437159
2437158
2437157
2437156
2437155
2437154
2437153
2437152
2437151
2437150
2437149
2437148
2437147
2437146
2437145
2437144
2437143
2437142
2437141
2437140
2437139
2437138
2437137
2437136
2437135
2437134
2437133
2437132
2437131
2437130
2437129
2437128
2437127
2437126
2437125
2437124
2437123
2437122
2437121
2437120
2437119
2437118
2437117
2437116
2437115
2437114
2437113
2437112
2437111
2437110
2437109
2437108
2437107
2437106
2437105
2437104
2437103
2437102
2437101
2437100
2437099
2437098
2437097
2437096
2437095
2437094
2437093
2437092
2437091
2437090
2437089
2437088
2437087
2437086
2437085
2437084
2437083
2437082
2437081
2437080
2437079
2437078
2437077
2437076
2437075
2437074
2437073
2437072
2437071
2437070
2437069
2437068
2437067
2437066
2437065
2437064
2437063
2437062
2437061
2437060
2437059
2437058
2437057
2437056
2437055
2437054
2437053
2437052
2437051
2437050
2437049
2437048
2437047
2437046
2437045
2437044
2437043
2437042
2437041
2437040
2437039
2437038
2437037
2437036
2437035
2437034
2437033
2437032
2437031
2437030
2437029
2437028
2437027
2437026
2437025
2437024
2437023
2437022
2437021
2437020
2437019
2437018
2437017
2437016
2437015
2437014
2437013
2437012
2437011
2437010
2437009
2437008
2437007
2437006
2437005
2437004
2437003
2437002
2437001
2437000
2436999
2436998
2436997
2436996
2436995
2436994
2436993
2436992
2436991
2436990
2436989
2436988
2436987
2436986
2436985
2436984
2436983
2436982
2436981
2436980
2436979
2436978
2436977
2436976
2436975
2436974
2436973
2436972
2436971
2436970
2436969
2436968
2436967
2436966
2436965
2436964
2436963
2436962
2436961
2436960
2436959
2436958
2436957
2436956
2436955
2436954
2436953
2436952
2436951
2436950
2436949
2436948
2436947
2436946
2436945
2436944
2436943
2436942
2436941
2436940
2436939
2436938
2436937
2436936
2436935
2436934
2436933
2436932
2436931
2436930
2436929
2436928
2436927
2436926
2436925
2436924
2436923
2436922
2436921
2436920
2436919
2436918
2436917
2436916
2436915
2436914
2436913
2436912
2436911
2436910
2436909
2436908
2436907
2436906
2436905
2436904
2436903
2436902
2436901
2436900
2436899
2436898
2436897
2436896
2436895
2436894
2436893
2436892
2436891
2436890
2436889
2436888
2436887
2436886
2436885
2436884
2436883
2436882
2436881
2436880
2436879
2436878
2436877
2436876
2436875
2436874
2436873
2436872
2436871
2436870
2436869
2436868
2436867
2436866
2436865
2436864
2436863
2436862
2436861
2436860
2436859
2436858
2436857
2436856
2436855
2436854
2436853
2436852
2436851
2436850
2436849
2436848
2436847
2436846
2436845
2436844
2436843
2436842
2436841
2436840
2436839
2436838
2436837
2436836
2436835
2436834
2436833
2436832
2436831
2436830
2436829
2436828
2436827
2436826
2436825
2436824
2436823
2436822
2436821
2436820
2436819
2436818
2436817
2436816
2436815
2436814
2436813
2436812
2436811
2436810
2436809
2436808
2436807
2436806
2436805
2436804
2436803
2436802
2436801
2436800
2436799
2436798
2436797
2436796
2436795
2436794
2436793
2436792
2436791
2436790
2436789
2436788
2436787
2436786
2436785
2436784
2436783
2436782
2436781
2436780
2436779
2436778
2436777
2436776
2436775
2436774
2436773
2436772
2436771
2436770
2436769
2436768
2436767
2436766
2436765
2436764
2436763
2436762
2436761
2436760
2436759
2436758
2436757
2436756
2436755
2436754
2436753
2436752
2436751
2436750
2436749
2436748
2436747
2436746
2436745
2436744
2436743
2436742
2436741
2436740
2436739
2436738
2436737
2436736
2436735
2436734
2436733
2436732
2436731
2436730
2436729
2436728
2436727
2436726
2436725
2436724
2436723
2436722
2436721
2436720
2436719
2436718
2436717
2436716
2436715
2436714
2436713
2436712
2436711
2436710
2436709
2436708
2436707
2436706
2436705
2436704
2436703
2436702
2436701
2436700
2436699
2436698
2436697
2436696
2436695
2436694
2436693
2436692
2436691
2436690
2436689
2436688
2436687
2436686
2436685
2436684
2436683
2436682
2436681
2436680
2436679
2436678
2436677
2436676
2436675
2436674
2436673
2436672
2436671
2436670
2436669
2436668
2436667
2436666
2436665
2436664
2436663
2436662
2436661
2436660
2436659
2436658
2436657
2436656
2436655
2436654
2436653
2436652
2436651
2436650
2436649
2436648
2436647
2436646
2436645
2436644
2436643
2436642
2436641
2436640
2436639
2436638
2436637
2436636
2436635
2436634
2436633
2436632
2436631
2436630
2436629
2436628
2436627
2436626
2436625
2436624
2436623
2436622
2436621
2436620
2436619
2436618
2436617
2436616
2436615
2436614
2436613
2436612
2436611
2436610
2436609
2436608
2436607
2436606
2436605
2436604
2436603
2436602
2436601
2436600
2436599
2436598
2436597
2436596
2436595
2436594
2436593
2436592
2436591
2436590
2436589
2436588
2436587
2436586
2436585
2436584
2436583
2436582
2436581
2436580
2436579
2436578
2436577
2436576
2436575
2436574
2436573
2436572
2436571
2436570
2436569
2436568
2436567
2436566
2436565
2436564
2436563
2436562
2436561
2436560
2436559
2436558
2436557
2436556
2436555
2436554
2436553
2436552
2436551
2436550
2436549
2436548
2436547
2436546
2436545
2436544
2436543
2436542
2436541
2436540
2436539
2436538
2436537
2436536
2436535
2436534
2436533
2436532
2436531
2436530
2436529
2436528
2436527
2436526
2436525
2436524
2436523
2436522
2436521
2436520
2436519
2436518
2436517
2436516
2436515
2436514
2436513
2436512
2436511
2436510
2436509
2436508
2436507
2436506
2436505
2436504
2436503
2436502
2436501
2436500
2436499
2436498
2436497
2436496
2436495
2436494
2436493
2436492
2436491
2436490
2436489
2436488
2436487
2436486
2436485
2436484
2436483
2436482
2436481
2436480
2436479
2436478
2436477
2436476
2436475
2436474
2436473
2436472
2436471
2436470
2436469
2436468
2436467
2436466
2436465
2436464
2436463
2436462
2436461
2436460
2436459
2436458
2436457
2436456
2436455
2436454
2436453
2436452
2436451
2436450
2436449
2436448
2436447
2436446
2436445
2436444
2436443
2436442
2436441
2436440
2436439
2436438
2436437
2436436
2436435
2436434
2436433
2436432
2436431
2436430
2436429
2436428
2436427
2436426
2436425
2436424
2436423
2436422
2436421
2436420
2436419
2436418
2436417
2436416
2436415
2436414
2436413
2436412
2436411
2436410
2436409
2436408
2436407
2436406
2436405
2436404
2436403
2436402
2436401
