100
2935800
2935799
2935798
2935797
2935796
2935795
2935794
2935793
2935792
2935791
2935790
2935789
2935788
2935787
2935786
2935785
2935784
2935783
2935782
2935781
2935780
2935779
2935778
2935777
2935776
2935775
2935774
2935773
2935772
2935771
2935770
2935769
2935768
2935767
2935766
2935765
2935764
2935763
2935762
2935761
2935760
2935759
2935758
2935757
2935756
2935755
2935754
2935753
2935752
2935751
2935750
2935749
2935748
2935747
2935746
2935745
2935744
2935743
2935742
2935741
2935740
2935739
2935738
2935737
2935736
2935735
2935734
2935733
2935732
2935731
2935730
2935729
2935728
2935727
2935726
2935725
2935724
2935723
2935722
2935721
2935720
2935719
2935718
2935717
2935716
2935715
2935714
2935713
2935712
2935711
2935710
2935709
2935708
2935707
2935706
2935705
2935704
2935703
2935702
2935701
