10000
1000167
1000358
1000677
1002512
1003347
1003496
1003694
1003978
1004130
1004520
1005722
1006126
1006327
1007769
1008608
1009639
1010523
1010733
1011593
1012914
1013197
1013704
1016051
1016251
1017619
1018348
1018533
1019316
1021001
1021262
1022538
1023977
1024398
1024559
1024672
1025147
1025664
1025894
1027271
1027375
1029624
1029818
1031004
1031805
1034627
1038934
1038996
1039141
1039420
1040197
1040996
1043993
1044658
1045023
1045589
1046737
1046946
1047640
1047688
1047922
1047927
1048208
1049882
1050728
1055985
1056701
1057247
1057639
1058103
1061152
1061771
1061899
1062740
1063068
1063249
1063806
1064372
1065376
1068761
1071283
1074032
1074565
1076791
1076890
1078137
1078223
1080253
1080664
1081468
1082210
1082366
1086612
1088351
1091475
1091634
1093119
1093330
1093427
1094104
1095322
1097478
1097526
1098862
1101133
1101428
1102201
1102891
1103219
1104505
1104643
1108365
1109161
1110037
1111128
1111238
1111375
1114361
1115536
1116312
1116507
1118416
1118919
1119000
1119762
1120025
1120088
1120142
1121619
1121759
1124881
1125587
1127178
1127302
1127398
1127812
1129551
1129872
1132056
1132692
1133571
1133625
1133914
1135571
1135601
1138409
1138643
1139254
1141903
1142207
1143232
1144206
1144847
1147144
1147653
1147734
1148232
1148547
1149000
1149917
1150770
1151479
1151758
1152580
1152880
1154804
1155279
1155992
1157138
1158712
1161229
1161468
1161967
1162308
1163151
1163647
1164488
1164839
1166774
1167178
1168204
1168279
1168947
1168962
1169321
1170258
1170920
1171204
1173904
1174466
1175824
1176960
1179860
1183144
1184101
1184144
1184691
1186118
1186251
1186334
1188429
1189131
1189424
1189512
1189774
1190320
1190902
1191502
1192967
1196151
1197159
1197358
1198248
1198442
1199503
1199679
1200465
1201140
1201417
1201431
1202051
1202189
1202191
1203903
1204084
1204624
1206025
1206068
1206622
1207409
1207953
1208067
1212316
1213399
1214374
1218490
1223514
1224619
1225475
1225671
1226073
1226603
1227340
1227539
1227589
1228789
1229105
1229184
1229201
1230615
1230846
1231399
1232118
1232186
1235159
1236046
1237530
1238995
1239439
1240051
1240288
1242386
1243022
1244480
1245049
1247267
1250314
1250665
1251183
1251244
1251342
1251831
1252346
1253034
1253522
1253530
1254218
1254894
1254901
1254990
1255002
1255074
1255142
1256071
1257155
1259167
1260045
1260489
1261697
1261938
1262328
1263758
1263801
1264853
1265591
1266601
1266935
1268293
1269072
1270589
1273373
1273985
1274247
1274313
1274888
1275255
1277527
1278192
1279030
1280486
1281507
1282201
1282835
1286140
1287077
1287590
1288412
1288823
1289158
1292805
1292838
1293780
1295591
1295928
1296248
1296260
1297400
1298220
1298670
1301442
1302174
1302594
1304807
1304963
1305413
1305851
1307306
1307543
1307941
1309612
1309663
1309688
1310288
1312701
1315346
1315365
1315574
1316705
1321540
1321684
1323120
1325711
1326243
1326255
1326789
1328253
1328532
1329710
1333586
1334200
1334441
1335194
1335841
1336527
1336579
1336612
1337670
1337999
1339075
1339550
1339591
1339921
1342605
1343148
1343994
1346107
1347199
1349269
1350475
1350948
1352162
1354081
1354132
1354902
1355522
1356312
1357261
1357512
1357804
1359102
1360373
1361466
1361916
1362756
1363297
1364697
1364889
1365278
1366012
1366939
1368054
1368989
1369573
1370473
1371645
1371675
1372034
1372500
1372941
1373118
1373415
1373921
1374829
1374842
1375750
1375897
1377923
1378090
1378429
1378592
1380302
1380323
1381456
1382523
1383289
1383553
1384715
1385829
1386093
1386665
1388910
1389154
1390342
1390965
1391073
1391680
1392009
1393524
1394795
1394916
1397541
1400160
1400408
1403856
1404325
1405659
1406342
1406632
1408840
1409504
1413063
1414290
1414894
1416419
1417873
1419300
1421271
1423546
1425614
1427936
1428969
1430019
1431677
1432511
1432606
1433443
1434256
1435788
1437166
1437402
1437645
1437864
1437936
1439899
1440072
1440481
1442192
1445145
1446673
1447635
1448171
1449916
1451855
1451962
1452543
1453571
1454765
1454767
1454824
1456851
1457218
1458342
1462705
1463087
1463819
1464179
1464230
1464275
1465060
1465724
1467233
1467502
1467552
1468879
1468976
1472521
1472886
1473622
1474006
1474404
1474417
1479330
1479410
1481579
1481952
1483306
1483537
1486229
1490641
1493167
1493915
1494794
1494988
1495423
1496589
1496779
1496853
1497656
1497854
1499665
1500106
1500498
1500603
1501398
1502403
1502915
1504352
1504721
1505774
1506808
1508261
1508574
1509293
1510466
1511159
1511949
1511964
1513145
1513427
1513607
1514446
1514830
1515070
1515282
1516887
1517635
1520893
1521751
1522049
1522514
1525363
1527075
1527578
1527585
1528990
1529160
1529736
1530078
1530114
1532181
1532701
1535056
1535099
1535828
1536661
1537873
1538087
1540182
1540257
1540886
1541618
1542554
1542936
1543118
1543517
1545000
1545475
1545589
1545970
1546164
1551001
1552931
1553675
1555641
1557260
1557996
1558534
1558670
1560283
1560893
1562052
1562164
1563129
1563480
1563853
1563857
1564486
1564548
1566833
1566902
1567075
1568171
1568467
1568777
1569119
1569124
1569452
1571370
1572315
1572672
1573111
1573492
1573733
1573742
1574082
1574242
1575305
1576999
1578044
1578116
1579422
1581639
1581939
1582360
1583637
1583856
1585226
1585687
1586082
1588634
1588795
1589129
1589877
1590818
1591497
1592471
1592551
1592582
1593139
1593353
1595970
1596389
1597653
1598204
1598252
1599158
1602308
1602316
1603872
1603948
1604218
1604241
1604643
1604936
1605001
1608971
1609118
1610601
1610848
1613731
1614349
1616675
1617060
1617495
1617625
1617633
1617806
1618122
1618157
1618574
1618890
1620642
1622171
1626776
1628523
1629838
1629938
1630246
1630450
1633405
1634546
1635187
1635242
1635321
1635399
1639237
1639586
1641182
1642138
1642357
1643288
1644068
1645132
1645208
1647163
1647318
1647336
1649092
1650241
1651842
1653417
1654372
1654411
1654838
1657686
1657744
1657853
1659297
1661859
1662536
1662659
1662733
1662847
1663370
1664273
1666374
1667268
1668929
1670011
1671312
1672268
1672422
1673820
1673836
1675320
1676319
1678808
1678950
1679064
1679692
1679695
1679705
1680903
1681889
1683440
1685250
1685415
1686907
1687776
1689649
1689718
1691016
1691223
1694430
1694728
1695068
1695071
1695200
1696023
1696241
1696402
1698803
1698968
1700863
1701960
1702417
1702526
1705116
1705346
1705859
1706015
1706680
1706789
1708795
1709026
1710704
1712595
1712735
1713652
1713688
1714776
1715230
1716060
1716807
1717651
1720390
1720529
1722301
1722575
1723043
1724984
1726397
1726885
1727876
1728012
1728666
1728925
1730089
1730544
1732526
1733518
1733894
1733907
1735132
1735854
1736022
1736302
1736734
1737823
1737929
1738268
1738278
1738988
1741310
1741764
1742708
1742719
1745758
1746273
1747178
1748461
1748818
1749063
1749902
1750507
1750561
1750899
1753467
1753854
1753935
1756678
1757208
1757304
1759108
1759346
1760148
1761732
1761966
1762439
1762500
1763001
1763202
1765373
1765564
1766767
1767198
1767326
1767510
1767874
1769872
1769887
1770384
1771166
1772131
1772489
1772583
1773426
1775778
1775896
1776423
1777543
1777639
1777924
1778826
1781337
1781707
1781973
1784889
1784907
1785857
1786083
1787650
1788783
1791738
1792003
1792371
1797159
1797200
1798845
1799120
1803087
1804513
1804532
1805507
1806329
1808349
1809951
1810282
1811155
1812268
1813457
1813850
1814879
1817749
1818088
1818447
1818648
1819739
1819900
1821839
1821898
1822218
1822585
1822955
1824437
1824754
1826416
1826533
1828039
1828164
1829788
1831426
1835170
1835761
1836309
1838354
1838966
1839923
1839966
1839998
1841636
1841742
1842325
1844117
1844274
1845179
1847025
1847840
1849158
1849160
1850687
1852148
1853718
1855250
1856193
1856421
1856610
1857008
1857827
1861648
1861992
1865811
1866083
1867216
1870646
1873010
1873581
1873646
1875812
1878499
1879927
1880446
1880829
1882892
1884789
1885312
1885413
1885916
1887050
1889150
1890492
1890589
1891386
1891876
1892859
1892885
1894578
1894689
1894926
1896374
1896422
1897248
1897353
1898077
1898761
1900294
1900988
1901645
1902143
1902427
1902740
1903191
1904967
1905172
1905410
1907785
1909534
1910520
1910562
1911317
1911473
1912190
1912587
1913093
1914166
1915207
1915229
1915389
1916421
1916719
1916938
1920702
1921346
1922779
1922861
1922944
1924239
1924839
1925442
1926233
1926410
1926725
1926795
1927054
1927604
1929667
1934982
1935551
1935774
1936332
1937114
1937803
1938308
1940250
1940747
1943756
1945962
1946004
1950899
1952187
1952576
1952657
1954097
1958473
1958776
1959530
1959671
1959757
1959975
1960320
1960810
1960978
1961739
1962220
1963262
1964025
1964112
1964590
1966140
1966489
1966871
1968790
1969170
1969774
1970808
1972746
1974852
1974975
1977134
1978132
1980307
1982447
1982721
1983074
1983589
1984011
1984376
1986238
1987365
1988393
1989378
1990386
1990584
1992815
1992819
1994759
1994955
1995349
1997039
1997163
1997238
1998218
1998998
1999331
2000172
2001319
2002706
2003264
2003483
2003567
2003915
2004361
2004813
2008686
2009215
2009939
2010427
2010733
2011061
2011295
2011466
2011881
2012839
2013646
2014445
2015408
2015471
2016347
2016885
2017345
2017719
2020750
2020914
2021237
2025725
2027333
2027459
2028480
2031282
2031450
2032735
2035851
2036103
2036205
2037794
2038175
2038974
2039661
2040066
2040303
2043645
2043934
2044282
2044490
2044596
2045793
2045930
2047015
2048871
2049366
2049418
2050108
2050642
2051886
2053255
2054800
2055061
2055582
2059924
2060506
2061665
2062678
2063068
2063586
2064882
2065253
2065960
2066256
2067441
2068101
2068370
2069734
2070584
2071126
2071466
2072261
2072405
2072725
2072944
2073282
2073785
2073865
2073940
2075030
2076502
2077100
2077690
2078777
2083624
2084448
2084831
2086010
2088026
2088535
2089160
2089421
2089783
2090189
2090427
2091347
2091356
2093569
2094116
2094440
2095068
2095290
2096395
2096546
2096575
2097600
2098039
2098393
2098491
2099948
2100238
2101895
2102635
2103472
2103549
2103622
2105492
2106230
2106548
2106638
2107883
2108439
2110473
2110587
2111287
2112297
2113739
2114237
2116278
2116510
2116945
2117447
2118044
2118124
2119542
2120400
2121182
2127279
2129282
2132495
2132936
2133617
2133855
2134118
2134283
2134883
2135479
2135651
2136480
2136480
2137681
2139757
2140369
2140497
2140534
2140835
2141024
2141040
2141288
2141510
2141807
2142497
2143390
2145767
2146019
2150489
2150898
2152308
2155094
2155849
2158683
2162069
2162385
2162436
2164023
2165805
2166375
2167221
2167654
2168829
2169682
2171988
2172176
2172236
2172322
2172347
2175264
2176147
2177431
2177789
2179029
2181838
2182940
2183574
2184246
2184297
2186002
2187807
2188277
2190148
2190896
2191731
2191843
2192394
2192918
2193116
2193945
2194063
2194602
2195233
2195288
2195999
2197948
2198362
2198736
2199142
2199376
2199606
2200019
2201157
2201301
2202233
2203083
2205045
2205135
2207884
2208251
2209015
2209522
2211556
2211650
2211904
2212104
2213314
2214244
2214364
2215279
2215782
2216626
2217269
2218466
2219054
2219806
2220231
2220455
2220559
2221814
2222078
2223721
2223998
2224521
2224732
2225104
2225355
2225680
2229754
2230938
2231210
2231333
2231856
2232857
2233655
2233920
2234424
2234545
2235231
2236290
2236423
2236851
2237028
2237172
2238118
2238204
2238690
2238824
2238943
2239107
2241597
2241778
2242583
2243666
2244986
2245913
2246802
2247148
2248576
2248593
2248653
2248722
2249879
2250919
2254734
2257669
2257779
2257813
2258221
2258813
2259085
2259507
2259977
2260060
2261429
2261501
2261851
2262271
2263479
2264777
2266121
2266653
2267499
2268365
2268778
2269813
2269897
2269974
2270096
2271414
2275252
2275579
2276358
2276766
2277251
2279506
2280142
2280552
2281577
2284451
2284482
2284814
2286414
2287212
2288600
2289490
2289560
2290283
2290290
2291438
2291472
2292357
2293315
2298156
2300976
2301237
2302737
2302879
2304246
2305611
2307374
2308872
2311675
2311963
2312036
2312163
2313223
2314148
2316362
2317827
2318363
2319919
2321419
2321764
2322648
2323332
2324917
2327266
2328284
2328461
2328975
2329339
2330739
2330806
2331120
2331723
2334098
2334929
2335393
2335442
2335510
2336420
2337531
2340047
2340170
2340472
2340519
2340584
2340825
2341391
2342184
2343516
2343654
2344523
2346103
2346405
2347290
2348929
2350171
2351809
2352188
2352459
2353122
2357757
2359353
2361837
2362155
2362371
2362726
2363133
2364029
2365175
2365791
2366010
2366451
2367452
2368132
2369237
2370369
2371356
2375372
2375634
2378552
2379121
2379207
2379347
2381521
2381742
2382212
2382798
2383239
2384010
2384093
2384501
2385106
2385163
2385714
2386007
2387318
2388113
2388689
2389289
2389796
2390242
2391842
2394131
2394359
2398662
2398806
2401178
2403151
2406403
2407046
2407833
2408758
2409261
2410092
2410181
2410942
2413994
2414100
2414586
2416347
2416619
2419668
2420171
2421534
2422891
2422929
2423027
2424397
2425196
2425279
2425515
2426470
2427341
2427689
2427812
2428043
2430810
2431064
2431494
2431651
2433140
2433223
2434357
2434898
2435976
2436030
2436049
2436846
2437379
2437380
2437556
2438741
2439436
2440043
2440437
2441254
2441918
2443354
2443410
2443724
2444607
2445341
2447090
2447125
2447859
2447870
2448798
2449760
2449901
2450325
2451384
2451689
2452411
2452715
2453090
2454344
2455850
2456770
2457479
2457553
2457724
2457865
2459045
2461466
2463593
2463690
2464154
2464274
2466054
2466898
2467577
2467844
2469211
2470042
2471478
2472034
2474245
2474919
2475992
2478305
2480183
2482170
2483060
2483197
2483282
2483831
2487682
2487804
2488320
2488794
2489053
2489081
2490595
2491295
2493599
2494887
2496949
2497149
2497987
2499426
2499750
2500364
2501110
2501296
2501868
2502623
2503882
2503887
2503915
2507479
2507599
2507718
2510507
2510550
2511375
2512882
2513303
2514145
2515480
2515744
2519394
2522356
2523822
2525414
2525823
2527046
2527585
2527633
2527876
2528047
2529148
2529579
2529623
2529847
2529920
2530966
2532316
2533657
2533723
2534479
2534698
2535226
2536267
2536859
2536984
2537884
2537893
2538291
2539642
2541718
2542043
2542119
2542815
2543411
2543454
2543547
2543793
2543872
2545674
2546442
2547981
2548663
2548868
2550131
2550534
2551311
2551675
2552929
2553269
2554040
2555230
2557740
2560575
2560612
2560874
2562298
2563230
2564504
2566628
2567590
2568347
2568358
2568577
2568914
2569463
2570209
2572535
2573364
2574409
2575155
2575297
2576010
2576369
2578139
2579076
2580184
2581407
2581431
2581441
2582676
2582714
2583660
2586184
2586282
2591262
2592187
2592728
2593226
2593506
2595588
2596061
2596293
2596556
2596885
2597957
2598855
2601004
2601318
2601567
2601869
2602959
2603001
2603678
2603876
2604923
2605255
2606494
2606796
2607166
2607424
2607928
2608315
2609391
2610519
2610581
2610599
2611785
2612584
2613306
2614232
2614920
2615477
2616145
2617002
2617412
2618660
2619214
2619746
2619779
2620072
2620404
2621734
2621986
2622929
2623371
2623647
2624165
2624702
2627055
2627357
2627388
2628118
2628255
2628528
2631496
2632153
2632451
2632834
2633719
2634903
2637544
2638479
2638559
2640385
2641945
2643314
2643321
2643354
2643538
2643916
2644381
2644453
2645211
2646040
2646371
2646744
2647810
2648374
2648607
2648715
2650392
2650472
2650568
2650925
2654553
2654977
2656305
2656556
2658295
2658395
2660561
2660659
2661186
2662844
2663588
2664508
2666229
2666362
2666718
2668647
2668722
2670205
2671351
2671961
2672041
2672301
2674102
2674175
2674456
2675908
2676000
2678127
2678162
2679355
2681792
2683249
2684738
2686395
2686978
2687864
2689351
2689749
2689942
2690327
2690392
2691597
2692822
2693187
2693627
2693794
2694358
2694846
2695696
2696047
2697279
2697280
2697803
2697857
2699475
2700342
2703104
2703390
2703583
2703796
2705997
2706199
2706715
2706897
2707118
2708103
2708951
2709299
2712322
2712560
2713632
2714446
2716948
2717557
2720793
2722013
2722100
2724221
2725105
2725602
2725826
2725938
2726724
2729904
2730193
2730818
2731002
2731105
2731140
2732980
2733261
2733919
2734635
2735165
2735865
2735991
2736447
2736754
2737237
2737441
2738379
2740613
2741603
2742623
2743050
2743625
2744051
2744440
2745321
2747643
2748072
2749606
2751394
2752463
2753539
2754384
2755189
2755737
2756154
2756710
2757679
2758305
2759979
2760758
2762339
2762533
2762722
2764369
2764570
2765563
2765773
2768800
2768824
2769501
2769548
2769576
2771168
2771216
2775783
2776237
2777060
2777401
2777450
2781195
2781509
2781570
2782399
2783015
2784339
2785538
2787105
2788014
2788920
2791293
2791772
2792163
2793095
2793663
2796749
2799489
2800428
2801784
2802264
2803410
2804350
2805515
2805577
2808993
2809972
2810272
2810553
2811448
2811853
2812405
2812600
2813741
2813921
2814324
2815035
2815404
2815919
2816354
2816523
2816564
2818114
2818350
2819290
2819470
2819502
2819899
2820691
2821550
2821859
2822265
2823567
2826030
2826201
2828883
2829426
2830077
2831170
2831704
2832752
2835213
2836222
2836471
2836571
2836830
2837778
2838595
2838623
2839436
2840699
2840928
2841675
2841677
2842476
2844337
2844556
2845475
2845973
2847959
2849379
2849503
2849513
2849969
2851351
2851960
2854104
2855223
2857080
2857500
2858702
2859295
2859343
2859919
2860139
2861419
2861532
2861543
2861614
2863613
2866150
2867317
2867617
2867771
2871183
2871226
2872274
2872875
2875112
2875673
2875884
2876177
2876603
2879037
2879102
2881077
2881283
2883852
2883956
2884842
2886018
2887545
2887546
2889388
2889716
2891595
2891914
2894322
2895627
2895699
2897362
2897913
2898702
2900229
2900625
2900683
2901593
2901761
2902182
2902326
2902635
2905216
2905331
2906171
2906308
2906840
2907245
2909785
2910463
2916128
2916330
2916764
2918452
2919556
2920837
2921234
2922300
2922985
2923334
2924441
2925904
2926426
2926905
2927745
2931147
2932152
2933754
2934383
2935252
2939969
2940843
2941264
2941421
2942589
2943814
2945695
2947191
2947912
2948524
2949181
2951007
2952883
2955724
2956340
2957264
2957876
2957961
2958030
2958057
2959040
2959216
2960575
2961072
2961236
2963292
2963533
2964503
2965272
2968077
2968487
2968814
2969012
2969365
2969754
2970716
2970866
2971081
2971124
2971348
2971583
2971818
2972016
2972774
2973361
2974159
2974446
2974681
2975381
2977184
2977397
2979653
2980333
2980816
2980930
2981411
2982038
2982913
2984696
2984696
2986454
2987205
2987282
2991575
2992479
2992837
2993214
2993253
2994413
2995124
2995316
2996253
2996536
2998765
2999345
2999406
3001462
3001669
3004192
3004771
3005126
3005142
3007497
3007657
3008404
3008502
3009443
3009705
3009960
3010416
3013089
3013623
3014669
3015183
3015636
3016137
3016670
3017511
3018212
3018631
3018766
3020294
3020295
3020938
3021557
3022241
3022767
3026192
3027904
3028149
3028154
3028730
3028760
3029245
3029551
3031102
3031413
3032216
3033054
3033589
3034537
3034561
3034640
3036328
3036625
3037909
3038043
3038867
3039143
3039784
3041665
3042165
3042292
3042317
3042751
3043128
3043804
3044078
3047005
3047140
3047244
3047259
3047514
3048593
3048959
3049134
3049328
3049739
3050134
3050154
3050549
3051104
3052733
3053482
3054117
3054371
3055748
3055884
3056970
3057296
3058882
3058954
3059374
3064083
3064276
3065482
3065520
3065613
3066873
3067536
3069823
3069855
3070904
3071615
3072295
3073903
3074628
3076625
3077009
3077307
3077750
3080020
3080563
3082348
3083073
3083853
3084122
3084839
3085054
3085524
3085725
3086058
3086119
3086475
3087324
3087417
3087966
3088031
3088452
3090744
3091125
3091770
3091932
3092384
3092502
3092604
3094027
3095179
3096295
3097678
3097973
3099345
3099390
3099751
3101140
3101686
3102419
3102443
3103054
3103204
3103242
3103528
3105137
3105156
3105989
3106117
3106205
3106915
3107041
3107158
3107200
3107227
3107670
3108437
3108735
3108915
3110575
3111354
3112529
3113088
3113608
3113707
3115336
3115830
3116464
3116466
3117554
3118143
3118365
3118712
3120681
3120744
3123267
3123639
3125647
3128680
3130236
3132701
3133167
3133260
3135820
3137970
3139051
3140006
3140388
3140612
3141513
3142188
3144644
3145243
3145590
3147165
3147248
3147840
3148673
3148990
3149944
3150719
3151003
3151396
3151707
3152454
3156497
3156803
3158368
3159699
3161932
3162600
3163217
3164816
3168149
3168226
3172559
3172975
3173182
3173613
3174708
3175817
3176047
3176174
3178347
3178667
3179123
3180965
3181348
3181458
3181534
3182098
3182353
3182904
3183226
3185372
3185584
3187331
3187630
3189184
3190429
3191201
3191452
3192021
3192240
3192569
3193660
3193845
3194902
3196072
3197306
3197700
3198496
3198610
3199660
3199693
3200366
3200853
3202680
3202908
3203155
3203745
3204547
3207257
3207959
3208274
3208383
3208665
3209157
3209519
3210326
3210963
3211167
3211407
3211747
3212108
3212841
3215342
3215600
3215939
3216216
3216733
3219217
3220097
3220202
3220804
3222294
3223024
3224519
3226441
3227063
3227082
3227446
3227913
3228020
3229398
3229638
3232169
3232247
3233091
3233190
3234643
3237243
3237253
3238197
3238610
3239064
3239229
3239395
3239954
3241989
3242500
3243093
3243381
3244663
3247483
3249747
3250661
3250835
3252063
3252535
3253062
3253217
3253504
3254800
3254812
3257506
3259121
3260251
3260277
3261956
3263183
3263784
3263844
3265292
3265875
3267568
3269201
3269889
3270715
3272314
3272621
3274317
3274725
3276743
3277036
3277721
3278562
3280029
3281014
3281207
3281253
3281898
3282305
3285118
3285736
3287269
3287336
3289626
3290017
3291459
3292339
3292526
3292660
3293946
3294172
3296896
3297600
3299191
3299344
3300840
3301612
3302661
3304191
3306585
3307489
3307666
3309064
3309711
3309986
3310040
3310546
3310898
3311241
3312067
3313404
3313695
3315321
3315578
3318621
3320056
3320787
3321271
3321508
3322308
3323171
3323356
3323883
3325004
3325180
3327007
3328921
3330092
3330111
3331471
3332021
3336427
3336719
3337040
3337520
3337722
3338313
3338506
3338609
3338942
3339498
3341817
3342290
3342733
3343239
3343671
3344707
3346643
3348405
3348898
3350691
3352121
3353633
3354135
3357442
3357732
3359155
3359250
3361726
3364483
3364995
3365513
3366335
3366437
3366629
3370364
3371942
3371968
3373704
3374106
3375905
3377449
3378477
3378501
3378769
3379912
3379940
3381563
3381611
3382066
3382292
3385919
3386324
3386992
3387824
3388513
3390214
3390754
3391413
3391489
3392579
3392793
3393308
3394846
3395713
3395961
3396192
3396505
3397144
3397309
3398163
3398992
3399937
3400003
3400948
3401090
3401852
3402265
3402615
3403376
3403895
3406223
3407382
3410549
3410993
3411373
3412085
3412212
3413202
3415650
3417476
3419791
3419805
3421036
3421157
3422187
3422878
3423018
3423730
3424956
3425733
3427044
3427075
3427661
3429672
3433806
3435047
3435503
3435518
3437705
3438358
3439167
3440175
3441287
3441798
3442526
3444637
3444649
3445734
3447797
3447965
3449283
3449676
3455105
3455834
3456400
3457163
3457526
3457621
3458056
3458231
3461634
3462465
3462835
3465917
3470547
3470634
3470702
3471533
3473323
3473684
3473760
3474843
3475649
3476779
3477722
3478321
3478375
3479975
3481051
3481151
3483870
3485306
3488943
3490036
3492347
3492513
3492533
3492979
3494258
3494895
3495776
3496429
3497141
3497926
3499245
3501399
3502234
3503088
3504619
3504985
3505853
3506239
3506390
3507160
3508410
3509234
3509413
3510388
3511595
3512367
3514582
3516249
3516744
3517037
3517336
3517613
3519923
3520302
3520567
3522424
3523510
3523707
3525651
3525932
3527182
3528992
3529213
3529446
3530897
3531467
3531628
3532267
3533168
3533279
3533388
3533746
3534007
3536899
3538909
3539447
3539732
3539812
3540868
3542709
3543192
3543361
3544569
3545417
3548743
3550685
3550720
3550841
3551730
3552713
3552741
3552808
3553051
3555674
3556251
3556265
3559598
3559725
3560769
3561104
3561450
3561626
3563303
3563702
3564740
3565302
3565765
3566062
3566324
3567932
3567938
3568357
3570698
3572509
3573784
3574121
3574218
3574289
3575960
3577784
3577948
3579116
3579321
3580348
3581527
3583575
3584941
3585374
3586121
3586652
3586702
3586923
3587001
3588991
3590104
3590858
3593751
3594393
3597722
3597944
3598051
3599165
3599900
3601657
3601835
3603468
3605430
3607599
3609768
3610523
3611279
3611473
3613205
3613386
3614086
3614386
3614928
3615632
3615883
3618970
3619383
3619893
3619921
3622034
3623208
3623681
3624235
3626216
3629442
3630289
3630574
3631114
3632600
3632677
3633508
3637042
3638766
3639631
3639758
3640734
3641334
3641353
3641362
3644056
3644225
3645211
3645274
3646202
3647016
3647783
3652238
3652526
3653125
3653587
3655063
3655082
3656287
3656425
3657557
3657771
3659041
3659105
3659201
3659821
3660779
3661195
3662526
3662745
3664601
3664747
3667306
3667392
3668920
3668929
3670745
3671077
3672385
3673547
3674492
3674806
3675024
3677368
3678607
3678816
3679615
3680634
3683091
3683670
3684314
3686846
3687550
3687680
3687703
3688674
3692339
3692623
3693673
3694274
3697059
3698272
3699671
3699826
3701219
3701662
3701705
3702920
3703066
3706779
3707515
3707861
3708092
3708875
3709072
3709629
3711329
3712029
3716901
3717286
3717647
3718760
3719670
3721320
3722015
3722128
3723025
3723473
3723731
3726162
3726865
3727096
3728605
3730207
3730799
3731360
3731375
3731566
3732516
3732611
3733211
3733996
3734422
3735243
3736716
3737679
3738707
3739096
3739692
3740506
3741277
3741903
3742148
3742583
3742868
3743409
3746159
3747376
3747725
3748511
3749133
3749167
3749597
3749905
3752650
3753930
3753933
3754263
3754509
3755218
3757030
3757973
3758647
3761127
3762053
3763524
3764956
3765772
3766040
3766198
3766789
3766815
3767577
3768092
3768707
3769066
3769630
3769698
3770457
3771119
3771514
3771752
3771828
3774702
3777374
3778175
3779159
3780187
3781246
3781749
3781905
3782546
3782557
3783267
3783797
3783887
3784650
3785402
3785979
3787590
3789342
3792501
3792706
3792720
3793094
3796180
3797340
3797683
3799022
3799204
3799932
3800482
3800943
3800951
3801183
3801526
3801768
3801918
3802295
3802917
3803118
3804230
3805582
3805850
3806391
3806556
3806731
3806890
3807842
3808475
3809425
3809592
3809819
3812539
3812709
3813842
3816210
3817293
3818298
3818539
3819456
3819472
3820599
3821277
3822560
3825204
3825279
3825306
3826042
3826427
3827252
3828146
3832894
3833818
3833879
3834938
3835640
3837321
3837930
3838279
3840666
3841817
3845076
3848138
3849436
3849439
3850748
3851779
3851853
3854125
3854645
3854739
3855040
3855229
3855290
3856329
3856963
3858118
3859460
3860829
3860953
3861082
3861485
3862546
3862992
3863150
3864229
3864388
3864418
3865216
3865281
3866530
3867644
3868319
3870834
3871169
3871307
3874377
3874933
3875398
3875796
3877527
3877657
3877746
3877840
3878304
3879881
3881293
3884420
3884951
3885128
3885220
3887186
3887373
3887807
3887996
3889361
3890625
3890647
3890730
3891197
3892619
3893663
3894170
3894393
3895569
3896678
3897725
3898315
3898966
3899794
3900634
3901054
3901372
3901460
3901464
3901532
3902176
3902211
3903673
3904699
3905068
3905096
3905270
3905647
3905827
3908881
3909330
3909784
3910967
3912731
3913759
3914358
3914438
3914882
3915517
3917295
3917316
3918463
3918918
3919217
3919241
3922059
3922615
3925873
3926111
3926641
3926644
3927693
3930371
3931106
3931310
3933250
3933463
3933758
3938039
3939462
3940356
3941199
3941481
3942222
3942454
3942831
3943729
3944623
3945391
3947410
3947503
3950481
3952063
3952728
3952850
3953277
3953872
3955028
3955245
3957215
3957340
3957844
3958875
3958904
3960950
3961780
3962537
3962971
3963256
3963458
3964852
3965191
3967284
3968504
3968617
3969055
3969243
3971663
3972464
3972876
3972986
3974922
3976660
3977205
3977396
3978304
3978381
3978458
3978900
3979096
3979727
3980524
3981492
3983565
3984145
3984973
3986253
3986974
3987440
3988264
3990032
3990360
3990760
3990842
3992827
3993577
3995554
3996514
3997593
4000207
4000348
4003096
4006158
4006311
4010046
4010961
4011651
4011837
4012071
4013244
4013902
4015298
4015468
4015628
4016531
4016592
4016654
4018539
4019684
4019722
4020639
4024001
4025328
4027234
4028629
4028734
4036615
4036715
4038904
4040817
4042306
4044623
4044800
4045147
4045859
4046584
4049041
4050430
4050688
4051328
4052949
4053768
4053930
4054126
4054385
4054395
4054622
4054790
4056847
4057658
4058404
4058952
4058998
4059178
4059544
4060002
4061489
4061929
4063016
4066352
4066914
4068496
4070297
4070740
4071308
4071324
4072516
4072847
4073059
4075921
4076165
4076618
4082154
4082523
4082716
4083384
4083881
4084720
4084857
4092679
4092886
4093789
4094718
4098706
4099156
4099491
4099993
4103939
4109693
4110975
4111210
4112415
4112532
4112556
4114379
4117031
4117204
4117859
4118185
4118631
4118832
4120758
4120897
4121911
4123141
4124164
4125346
4126451
4127328
4127359
4127449
4129215
4129227
4129522
4131540
4135292
4136593
4138678
4138762
4140672
4140893
4140954
4141272
4142962
4143956
4145081
4147214
4149127
4150792
4150939
4153858
4155066
4157026
4158252
4158334
4159769
4159877
4160554
4162660
4163265
4164114
4165614
4166433
4166536
4166993
4168021
4169139
4169524
4169779
4170057
4171232
4171591
4172109
4172697
4173212
4174705
4175562
4175642
4177032
4177412
4178250
4178966
4179961
4182060
4182217
4183009
4183772
4185001
4188056
4188440
4189186
4189596
4189914
4190282
4190368
4190945
4192170
4194410
4195137
4195209
4196540
4198428
4198669
4199546
4200011
4202332
4203867
4205058
4205598
4206326
4206769
4207022
4210832
4210896
4212233
4213871
4214302
4215141
4215331
4215392
4215664
4215815
4216312
4216482
4218533
4221334
4221753
4222813
4223372
4223753
4224871
4224996
4225232
4225869
4227243
4230691
4232447
4233503
4235559
4236133
4237163
4238447
4239278
4240368
4241197
4241261
4242133
4242407
4242418
4242858
4243770
4243870
4244064
4245015
4247370
4247514
4251319
4251634
4251671
4252249
4252993
4255282
4256240
4257008
4257086
4259376
4260656
4260775
4261908
4262137
4262692
4263567
4264548
4266369
4272530
4272633
4272699
4273011
4273147
4274063
4274383
4275448
4276470
4277748
4278081
4278178
4280398
4280934
4282248
4282505
4282743
4282814
4283156
4284054
4286205
4287779
4287871
4290544
4290566
4291333
4291407
4291861
4292073
4293033
4294410
4295088
4296104
4296707
4296928
4297155
4297409
4298035
4300459
4301873
4304784
4310533
4313778
4314121
4314821
4316272
4316519
4316597
4316617
4317514
4319969
4320231
4320791
4320940
4322590
4322620
4322851
4324564
4325703
4326868
4327045
4327355
4328014
4328423
4330017
4330396
4332079
4333148
4333457
4336857
4337027
4341171
4341568
4341718
4342270
4342401
4342977
4344718
4346399
4347816
4348375
4349831
4350027
4350205
4351564
4353805
4355199
4355217
4355446
4356932
4358142
4358788
4360086
4363336
4363469
4363474
4364257
4364552
4364721
4367295
4367839
4368062
4368187
4368408
4369398
4369742
4371381
4372314
4372410
4373060
4373156
4373164
4374698
4376739
4377075
4377689
4377858
4378241
4378328
4379006
4379580
4380313
4380427
4381126
4382305
4382484
4383054
4383062
4384345
4385103
4385984
4386989
4389195
4389382
4390003
4390984
4392707
4394204
4394868
4396334
4396575
4397617
4397807
4398051
4398660
4398798
4399220
4399669
4401376
4401733
4402645
4403537
4405062
4405359
4405647
4406285
4406566
4406658
4406900
4408123
4408827
4408973
4409942
4410693
4411086
4411259
4411540
4412274
4412709
4415139
4415406
4416746
4418924
4420399
4420754
4420982
4423244
4423910
4424108
4424909
4426897
4427157
4427809
4428792
4429149
4431274
4432167
4432459
4434709
4434823
4435259
4435717
4436121
4436813
4437116
4437571
4437791
4437879
4438133
4438389
4439671
4439975
4440869
4441190
4441801
4443633
4443764
4445620
4446582
4447308
4449111
4449658
4452798
4454055
4454296
4455070
4455607
4462016
4462667
4462795
4463456
4463700
4464247
4464451
4464715
4465217
4469158
4469323
4469359
4469683
4469777
4469853
4470810
4471643
4472243
4472495
4474546
4474744
4475379
4475687
4475723
4477800
4477914
4478531
4480260
4480386
4480694
4480711
4480776
4480995
4483155
4485015
4485360
4485721
4486262
4486581
4487382
4488798
4490226
4491464
4492047
4492903
4494225
4494436
4495370
4495697
4496651
4497013
4497197
4497431
4498388
4498467
4499516
4500067
4501123
4501704
4502093
4504144
4504175
4504332
4505627
4506422
4507453
4507692
4508057
4508537
4509245
4509461
4510439
4510896
4510944
4511318
4511623
4511723
4513591
4513776
4513829
4513903
4514045
4514764
4515599
4516800
4517470
4519201
4520095
4520771
4521395
4521399
4523772
4524206
4524902
4526373
4526650
4527037
4528061
4529369
4529637
4530100
4531939
4532175
4533355
4533544
4534885
4535225
4536747
4539178
4539422
4539913
4541179
4542874
4544785
4545254
4547590
4547733
4549194
4549730
4550179
4550203
4551439
4552117
4552402
4553353
4556749
4559384
4560418
4561662
4561730
4562132
4562281
4562305
4563138
4563601
4564271
4564637
4564889
4565420
4565958
4566097
4566297
4566561
4568220
4568729
4569391
4570437
4572147
4573188
4573597
4575329
4576565
4578894
4580544
4586572
4587093
4587729
4588539
4589450
4591993
4593118
4594484
4595466
4595703
4596166
4598747
4600686
4601846
4603786
4604655
4604885
4605248
4605954
4607811
4609046
4609154
4609420
4610266
4610539
4610811
4611357
4611700
4612193
4612528
4613759
4614610
4614835
4615872
4615948
4618277
4619642
4619741
4619992
4620564
4622152
4622383
4622541
4624741
4626453
4628419
4629345
4629847
4630003
4630679
4630727
4630818
4631528
4633072
4635015
4635202
4635521
4636928
4637623
4639190
4639282
4640607
4641074
4641119
4641183
4642410
4642575
4644261
4644494
4645158
4648463
4648562
4649110
4649544
4649566
4649670
4650133
4650437
4651357
4651499
4651791
4653319
4655727
4657085
4658515
4660440
4661970
4662032
4662352
4663836
4667107
4667515
4667985
4669541
4669722
4670717
4670974
4671689
4671944
4673308
4673647
4674113
4674629
4676312
4676845
4677382
4677514
4677654
4678078
4678327
4678545
4679277
4680617
4681196
4681527
4682212
4682977
4684305
4684496
4685463
4685730
4686739
4687429
4688674
4688739
4689331
4691238
4692917
4693450
4693980
4696496
4696628
4696965
4697729
4698930
4699486
4700226
4700986
4701161
4701865
4702150
4702472
4703524
4703912
4704313
4705305
4706092
4707611
4707751
4710792
4711130
4711999
4713178
4715403
4717225
4717431
4717841
4718115
4719506
4721137
4722117
4723249
4723845
4725343
4725786
4725825
4727240
4728782
4729382
4730027
4732429
4732856
4734527
4734950
4735150
4735963
4736937
4738232
4739087
4739726
4740407
4741565
4744370
4744388
4745065
4745656
4746034
4746460
4746580
4747189
4747633
4748809
4749403
4749537
4749664
4756119
4756333
4757026
4757486
4758360
4760345
4761893
4761957
4762427
4762674
4763371
4763877
4764881
4764887
4766025
4766160
4767902
4770313
4771687
4772374
4773425
4773794
4774915
4780220
4781293
4781570
4781639
4782321
4782484
4782761
4784372
4784539
4786028
4786629
4787127
4788071
4788375
4788424
4790030
4790480
4790717
4792669
4792870
4793278
4796264
4797418
4799516
4799523
4799810
4799870
4799878
4800088
4800512
4800563
4801374
4801512
4803497
4803648
4804151
4805413
4806069
4806111
4806385
4806785
4807744
4809663
4810930
4811455
4811508
4813429
4814341
4816640
4818615
4819081
4820375
4821006
4823037
4823690
4824512
4825295
4826825
4828726
4829115
4829392
4831551
4832379
4832741
4836269
4837034
4838089
4838309
4838460
4840397
4840639
4841204
4841345
4842026
4843552
4845015
4845117
4845652
4845744
4845920
4848622
4850113
4850783
4851623
4854901
4854926
4856653
4859522
4860240
4861125
4861249
4861732
4866051
4866564
4866747
4867142
4867650
4870146
4871820
4872707
4874227
4877689
4878688
4879078
4879553
4879668
4880054
4880272
4880804
4880934
4881276
4881531
4883870
4884126
4884267
4884319
4884733
4885230
4885618
4886263
4886816
4887398
4887710
4889245
4889750
4893272
4893836
4894039
4894960
4895980
4897627
4898500
4898764
4903117
4903129
4903825
4903884
4904017
4905581
4905677
4905932
4906300
4906474
4908682
4909140
4910656
4912685
4913185
4915396
4916416
4916958
4917370
4918348
4918550
4918603
4921358
4921943
4922574
4923835
4923851
4927630
4929192
4929825
4931353
4931462
4931549
4932019
4933054
4934206
4934672
4935567
4936794
4937017
4938877
4939116
4939376
4940353
4941352
4941396
4941580
4943980
4945089
4945501
4945551
4945661
4947366
4948821
4949249
4949298
4950007
4950388
4952159
4953358
4953510
4953891
4955073
4955197
4956669
4957650
4959102
4959835
4960175
4960664
4963642
4963691
4964546
4965095
4965193
4967466
4969225
4971174
4971346
4971953
4974625
4975610
4975723
4975863
4975864
4976439
4977515
4978188
4978476
4978545
4979523
4980501
4981549
4982323
4983222
4983776
4984163
4986444
4986816
4986933
4987759
4987803
4988924
4989187
4989344
4989991
4990860
4991187
4992770
4994006
4994010
4994466
4994507
4996131
4998702
4999384
5001493
5001715
5003061
5003344
5003440
5004157
5004428
5004470
5005263
5005640
5005897
5006182
5006381
5006466
5007385
5007857
5008505
5009370
5010485
5010694
5010819
5011351
5012097
5012870
5013351
5014025
5014076
5014320
5016211
5016970
5017726
5017868
5018725
5021134
5021330
5022514
5023413
5023854
5024397
5024423
5024492
5024624
5024828
5025185
5025804
5025832
5025922
5028430
5028519
5028759
5029047
5029232
5031255
5031442
5034737
5035447
5035575
5037918
5038353
5039215
5039852
5042116
5043989
5044219
5044408
5045216
5045921
5048916
5049667
5050147
5050419
5052387
5052728
5053740
5053805
5055183
5055356
5055404
5056439
5056595
5057349
5057570
5058376
5058742
5059165
5059618
5059956
5060330
5063695
5063877
5065545
5065826
5066164
5067306
5067328
5068012
5068632
5068855
5069280
5069617
5070407
5070594
5074656
5076000
5078242
5078855
5079316
5079450
5080194
5080261
5081820
5082654
5083249
5085205
5086157
5086491
5087141
5087157
5087978
5088619
5088708
5089874
5090805
5093185
5093557
5093732
5093843
5095162
5095265
5096598
5098618
5099232
5101139
5102170
5104098
5105255
5107511
5108387
5108781
5110135
5111072
5111568
5111772
5115068
5116203
5117868
5119472
5119915
5122226
5122574
5122947
5123009
5123280
5123912
5128110
5128335
5128412
5128448
5129293
5130173
5131998
5132197
5132636
5134334
5134344
5135308
5136307
5136389
5136506
5140639
5143334
5143431
5143728
5144139
5144665
5145210
5145664
5147560
5148215
5150026
5151061
5152828
5153683
5155132
5157484
5159959
5160700
5161199
5161322
5161734
5162242
5162648
5163233
5164860
5166381
5167167
5169305
5170515
5170787
5171033
5171288
5171467
5171507
5171540
5171670
5172118
5172602
5172945
5174272
5174496
5174562
5175109
5176704
5176942
5179151
5179786
5179813
5180570
5181513
5182718
5185336
5186020
5186161
5186254
5187904
5188249
5192048
5193261
5194080
5194539
5196537
5197015
5198651
5198723
5199404
5199607
5199949
5202207
5202627
5203169
5203270
5204115
5204460
5204498
5205303
5205667
5208221
5208514
5209567
5210551
5212623
5214014
5214399
5214957
5217465
5219153
5219165
5220113
5220579
5221931
5222842
5223461
5224127
5226316
5227360
5227742
5229131
5229373
5229442
5229940
5230381
5232243
5234479
5235121
5235760
5236498
5237571
5238233
5239487
5240637
5240926
5241868
5241953
5242148
5242965
5244557
5245191
5245939
5247792
5247897
5247976
5251437
5251539
5252388
5252905
5253610
5254604
5254890
5256591
5256628
5257084
5258139
5259272
5263078
5263132
5263541
5263585
5263680
5265095
5265402
5265491
5268174
5269648
5270319
5270469
5271128
5272396
5273037
5275465
5276088
5277727
5277742
5278050
5278408
5279612
5280127
5281154
5281880
5284123
5284639
5284656
5285138
5285841
5287099
5287173
5287591
5288302
5289109
5289879
5290755
5291357
5293780
5293959
5294644
5296011
5296875
5297719
5298566
5298716
5299584
5300198
5300651
5300896
5300939
5300952
5302441
5304758
5305124
5305774
5307748
5308461
5310044
5310451
5311002
5313210
5314218
5315012
5315177
5317375
5317390
5317442
5320282
5320436
5320476
5320563
5321973
5322205
5322479
5322569
5322869
5323120
5324130
5324219
5325344
5325399
5326067
5327115
5327901
5329314
5330261
5330339
5330457
5330676
5331343
5331687
5332505
5333789
5335362
5336652
5337700
5337893
5340049
5340201
5340320
5340858
5341398
5341586
5342596
5343035
5343258
5344246
5344300
5344400
5345496
5347269
5348078
5349608
5349667
5350840
5351097
5351250
5351746
5352704
5353663
5353964
5355875
5356900
5358220
5359102
5359107
5359758
5361632
5361879
5363129
5364001
5364931
5365399
5367607
5370103
5370546
5370674
5373376
5374372
5374453
5376895
5379792
5380376
5380480
5381703
5382417
5383110
5383220
5384354
5386201
5388579
5389105
5389395
5389504
5390206
5391114
5392872
5394842
5395560
5395824
5396316
5398108
5398116
5398600
5399204
5400388
5400860
5400878
5402610
5402973
5403061
5403335
5404257
5404578
5406558
5407425
5407759
5407851
5409464
5409942
5410043
5410640
5411632
5412831
5415071
5415568
5416180
5417538
5417897
5418157
5418599
5420849
5421036
5424557
5424984
5425580
5426446
5428016
5428028
5428264
5431571
5433642
5433648
5436225
5436576
5438182
5438340
5438551
5439155
5440913
5441678
5442777
5444119
5444570
5444653
5445744
5446465
5449137
5449144
5449480
5451403
5451866
5451987
5452765
5453028
5453038
5455893
5455985
5456882
5458472
5458707
5459197
5459522
5463909
5463978
5466495
5467166
5467197
5468090
5469196
5469852
5470501
5473282
5473347
5473396
5473471
5476089
5476602
5476738
5480458
5481089
5481740
5482018
5482660
5483082
5484453
5484906
5485046
5485682
5485812
5487406
5489138
5489850
5489883
5490114
5492432
5492594
5494196
5494666
5495454
5496517
5497793
5498526
5498637
5498660
5498974
5499350
5499822
5503324
5503336
5506879
5507064
5508505
5508750
5509654
5511874
5515635
5516666
5517527
5517655
5518716
5519307
5519399
5519668
5519750
5520076
5521787
5522691
5523544
5523819
5523975
5524572
5524708
5525416
5525959
5526209
5526603
5532125
5533909
5535790
5536040
5539380
5539438
5539557
5541393
5542559
5543832
5544251
5545011
5545873
5546361
5546851
5548974
5550645
5552640
5552705
5553576
5553808
5555661
5556278
5556743
5557760
5557917
5559828
5562967
5563535
5564433
5564789
5565461
5566955
5567321
5568127
5568813
5569052
5571751
5572326
5572403
5573105
5574084
5574947
5575085
5575441
5576010
5577850
5578339
5579106
5579813
5581309
5585863
5586640
5588471
5588542
5589009
5592342
5593124
5593508
5593975
5595933
5596967
5600813
5600877
5603167
5604351
5604617
5604903
5608034
5608964
5608966
5610383
5610701
5611801
5612295
5614247
5615393
5615575
5616591
5616719
5616998
5619282
5620343
5620610
5620788
5620983
5622092
5622115
5622760
5624436
5624621
5624817
5626011
5627245
5629641
5630430
5631106
5631110
5631122
5631804
5634128
5634202
5635716
5637191
5637261
5643429
5644246
5644597
5644602
5644660
5646636
5647180
5648165
5650085
5650108
5650485
5651426
5651906
5652293
5652492
5654800
5656187
5656382
5656462
5658896
5660504
5660571
5660748
5661057
5661242
5662806
5663611
5664367
5665548
5665984
5666131
5666319
5667246
5667425
5668146
5668340
5668708
5668967
5671517
5674007
5674699
5676648
5678068
5678071
5678633
5678680
5679665
5680401
5680599
5681282
5681880
5683478
5683955
5684298
5684579
5687043
5687088
5687873
5688477
5688901
5689761
5691055
5691735
5692177
5692246
5692688
5693861
5694420
5694719
5696039
5696043
5696747
5696991
5697370
5697376
5698239
5699246
5700699
5701215
5702774
5703347
5705054
5705065
5705818
5710550
5711233
5715171
5715963
5717627
5718001
5718597
5720255
5722247
5722409
5722835
5723377
5724184
5724590
5724623
5724747
5725860
5728533
5728738
5729592
5729805
5729885
5729935
5731564
5733836
5734961
5735601
5737948
5737981
5738775
5740442
5740691
5741845
5742079
5745440
5746167
5746381
5746832
5749259
5749423
5749437
5750381
5751937
5752257
5753261
5754135
5755913
5755976
5757301
5757679
5757701
5758189
5760690
5760951
5761389
5761742
5762043
5762132
5762831
5764123
5765887
5766793
5767070
5769106
5769272
5771817
5771989
5772073
5772631
5774977
5775424
5777310
5777399
5778462
5780612
5780613
5780859
5781696
5782884
5782972
5783360
5783372
5783725
5784089
5784656
5784773
5785128
5786103
5786692
5788228
5789245
5789292
5791439
5791984
5793932
5793970
5794043
5794833
5796097
5796470
5796797
5797118
5798067
5798087
5798823
5799703
5799854
5803317
5803386
5804259
5806171
5808158
5808309
5808793
5810052
5810245
5810503
5812245
5813392
5813763
5816202
5816593
5816918
5817383
5820033
5820284
5822855
5823395
5825592
5828788
5829062
5829399
5829900
5830535
5831277
5832416
5833238
5836057
5836328
5836376
5839572
5840044
5841822
5842486
5842815
5843298
5844857
5850233
5854396
5854759
5854966
5855267
5855367
5856080
5856344
5856525
5857212
5857326
5857974
5858492
5858681
5858733
5859791
5860687
5861842
5861870
5862725
5864283
5864347
5864434
5866299
5869380
5870530
5871858
5872032
5872231
5873210
5873654
5873788
5874048
5874470
5874997
5875517
5875522
5876048
5876101
5876113
5877671
5877783
5878771
5879118
5879815
5880458
5883318
5885789
5886294
5886545
5887146
5889119
5890570
5892579
5892672
5893483
5894040
5895548
5896001
5896286
5896334
5898596
5898683
5899519
5903659
5903955
5904324
5905455
5908020
5908870
5909140
5909676
5910516
5910687
5910818
5911393
5911773
5912512
5912837
5917237
5917789
5918801
5919067
5919788
5919966
5922263
5923609
5925999
5927723
5927862
5927922
5928208
5930526
5932960
5934365
5935824
5936028
5936526
5938415
5939252
5939469
5940092
5940162
5942159
5943102
5944744
5945525
5945860
5949710
5950744
5951351
5952216
5953144
5956473
5957656
5958656
5960326
5961012
5962681
5962812
5963932
5964134
5964653
5964811
5965184
5966824
5967500
5967694
5968586
5969223
5970229
5970563
5971722
5973383
5973701
5975750
5976145
5976275
5976981
5977326
5978108
5980069
5980983
5981944
5982792
5982818
5982999
5983668
5984794
5986040
5986174
5986666
5986833
5989465
5990467
5990815
5991564
5992002
5993130
5993308
5993575
5993607
5994074
5995015
5995020
5995588
5998394
5998507
5998674
5999197
5999203
5999268
6000443
6001372
6002736
6004270
6004764
6005396
6006203
6006917
6007646
6010473
6012650
6013312
6013728
6016448
6018119
6018905
6020138
6020328
6020763
6021462
6024737
6025667
6026273
6027121
6027574
6027776
6027950
6028190
6029018
6029257
6029726
6030013
6030193
6031319
6033315
6035605
6035822
6036511
6037158
6037246
6037664
6039959
6040044
6042321
6043100
6043866
6044186
6045915
6047731
6047987
6048724
6050046
6051138
6053243
6055562
6056104
6058130
6058581
6060148
6060693
6061438
6062222
6062491
6063874
6063929
6066766
6068381
6070293
6071362
6072071
6073134
6074038
6077726
6079499
6080078
6081533
6082403
6083000
6084004
6084145
6084711
6086443
6086702
6086875
6087373
6087635
6088353
6089113
6090006
6092106
6092355
6092614
6092742
6093813
6095178
6095619
6097636
6097873
6097920
6099867
6100779
6102829
6103375
6103752
6105203
6106474
6107124
6107903
6108313
6108594
6109596
6109989
6111429
6112082
6113444
6113686
6113831
6114525
6115070
6116353
6117130
6118648
6119796
6119824
6120563
6122006
6124628
6125457
6126121
6127265
6129278
6130009
6130050
6130251
6130900
6133583
6133800
6133827
6134096
6134299
6134762
6135453
6136328
6136946
6137997
6138151
6138441
6140960
6142474
6143389
6143854
6145021
6147360
6149199
6149212
6151881
6152861
6152977
6153968
6154495
6154652
6155778
6156555
6157349
6158530
6159912
6160743
6169904
6172973
6175023
6175328
6177326
6177479
6177709
6178373
6178470
6180041
6181366
6181629
6181780
6186124
6186967
6187128
6192591
6193334
6193660
6193933
6194268
6197136
6200985
6201256
6201735
6202287
6202327
6202446
6202860
6203607
6204060
6204688
6204738
6208032
6209635
6210659
6210704
6212932
6213000
6213450
6213572
6213712
6214154
6214690
6215410
6216033
6217175
6217796
6218443
6218845
6219632
6219913
6220605
6220893
6220902
6221516
6222700
6222725
6223533
6223566
6224830
6225341
6225861
6227052
6227078
6228766
6229451
6229580
6230148
6230641
6230751
6231813
6232754
6232842
6234910
6235158
6235537
6238883
6239511
6241873
6244463
6245726
6247197
6247798
6247861
6250040
6250203
6250317
6251031
6252421
6254075
6255040
6255858
6256227
6258916
6261342
6263815
6263952
6264637
6265357
6266070
6266476
6267203
6268030
6268424
6268712
6268947
6269649
6271075
6272500
6274680
6275504
6276151
6277332
6277540
6277576
6278440
6279021
6279070
6280079
6280203
6281275
6282196
6282842
6283211
6286417
6288078
6288347
6289260
6290201
6290504
6291110
6291925
6292364
6292802
6292930
6294655
6295526
6298239
6299220
6299679
6299703
6300322
6303161
6308152
6311254
6312010
6314355
6314372
6314914
6315908
6317540
6317626
6318617
6319022
6319962
6321716
6322216
6322259
6323156
6323457
6324388
6324644
6324873
6325297
6326739
6327074
6327617
6331670
6334743
6334792
6335142
6336193
6336519
6336705
6336788
6336840
6337171
6337276
6337730
6338961
6339140
6340415
6340479
6342258
6342528
6343524
6344405
6345977
6347525
6347579
6348406
6349926
6350435
6350448
6351067
6352104
6352501
6354857
6356375
6357345
6359678
6360096
6361017
6361650
6362480
6365183
6366448
6367176
6367821
6369975
6370048
6370062
6371885
6371927
6372400
6372556
6372888
6373475
6374976
6375547
6376523
6377347
6377689
6377765
6377856
6377887
6378316
6378733
6379587
6380682
6382287
6383611
6384623
6385024
6385435
6386288
6386915
6387922
6388224
6388486
6389448
6390781
6391024
6392617
6392925
6392985
6393688
6396814
6398067
6400404
6401142
6403588
6403875
6404738
6406669
6408625
6409315
6409931
6411337
6413207
6413848
6413933
6414449
6414662
6416344
6416515
6416543
6417062
6420116
6421532
6422525
6423704
6428452
6429260
6429854
6430227
6431547
6431678
6432450
6436168
6436841
6437299
6437771
6438357
6439568
6440505
6441032
6443330
6443922
6444129
6444807
6445127
6447749
6448115
6448728
6450078
6450411
6450912
6450999
6451490
6452459
6452794
6453466
6456707
6457527
6458192
6458315
6458690
6460652
6461357
6461406
6462048
6462255
6464628
6465626
6465694
6466045
6467898
6468417
6468517
6473226
6473261
6474530
6475704
6475717
6478949
6479198
6480367
6482301
6482568
6483222
6485433
6485620
6485701
6485712
6487578
6492829
6493483
6494034
6494145
6495389
6496988
6497057
6497809
6498029
6498259
6499110
6499214
6499869
6501624
6502366
6502394
6502475
6503527
6506030
6507345
6508580
6509263
6509591
6510791
6511116
6511678
6511999
6512659
6515040
6515885
6517880
6518037
6518461
6518633
6519968
6521789
6523801
6527145
6528775
6530301
6530930
6531029
6532852
6533615
6533885
6533900
6535712
6537098
6539078
6540028
6540053
6540538
6540798
6541548
6541676
6542577
6542846
6544438
6544473
6545080
6545384
6545541
6545697
6546504
6546585
6546654
6546911
6547309
6547568
6548640
6548688
6549381
6550137
6550415
6552172
6552345
6553632
6553780
6554974
6555351
6556397
6556485
6556665
6557053
6558277
6559114
6561154
6562513
6562532
6563120
6563476
6564109
6564371
6564384
6564668
6565085
6566248
6566287
6567000
6568762
6568797
6569551
6569884
6571371
6571422
6572595
6573890
6575756
6576497
6576730
6576990
6577038
6577477
6577650
6578933
6578978
6579650
6579904
6580063
6581529
6581754
6582732
6582889
6582956
6582998
6584238
6585890
6585902
6587513
6588226
6588623
6589005
6589088
6591583
6592180
6592680
6592824
6595431
6595769
6599696
6600579
6602060
6603537
6603579
6605014
6605331
6605385
6605835
6607656
6608096
6608194
6609408
6610347
6610615
6610637
6610733
6611743
6611753
6612742
6615116
6616831
6617074
6617172
6617625
6623122
6623283
6624182
6624728
6625717
6627223
6627662
6628819
6630610
6632700
6634006
6634494
6634733
6635361
6635629
6637084
6639013
6639851
6642897
6644548
6644813
6645227
6645446
6645908
6646749
6646833
6646926
6650670
6652229
6652710
6652787
6654257
6655639
6656121
6656918
6657484
6660567
6661224
6661898
6663758
6665010
6670283
6670902
6671119
6672738
6674730
6674787
6677637
6678285
6680473
6681975
6682016
6682163
6682277
6684103
6684938
6689159
6691127
6693337
6693515
6693681
6694439
6694562
6694746
6694869
6695322
6696295
6700686
6700902
6704751
6705228
6705236
6705547
6709385
6711150
6712193
6712365
6714263
6714316
6714883
6717208
6717966
6719279
6719939
6720160
6722344
6722881
6725538
6726219
6726635
6727963
6728316
6728669
6728740
6728962
6729109
6729965
6730868
6732418
6732739
6732829
6733869
6735845
6736342
6736385
6736479
6736990
6739404
6739678
6740282
6743248
6743341
6744605
6744617
6748039
6748834
6749471
6752418
6752995
6753027
6754434
6756322
6758301
6759004
6759616
6760141
6760153
6760338
6762895
6763839
6763845
6764152
6764239
6764979
6765294
6765369
6766693
6766912
6768321
6770085
6772036
6772749
6772758
6773067
6773208
6773275
6773872
6775001
6775343
6775918
6777378
6782321
6782954
6783001
6784330
6785220
6785842
6787425
6788328
6789067
6789293
6789643
6790211
6790405
6791261
6791324
6793424
6793791
6794795
6795544
6798255
6798493
6799193
6800186
6800915
6801228
6803539
6805110
6806443
6806498
6809095
6809646
6810072
6812318
6814975
6816891
6817325
6818225
6818629
6819401
6820763
6821316
6823190
6823204
6823295
6824164
6824352
6824600
6824753
6825249
6826305
6826894
6827497
6828740
6829580
6830694
6832683
6833642
6833790
6835943
6838233
6839595
6840194
6842509
6842667
6843170
6843628
6844017
6844039
6845442
6845813
6848349
6848400
6848549
6851141
6851428
6851651
6851980
6852103
6853252
6853347
6854006
6856279
6856758
6858232
6858498
6858786
6860382
6860645
6860855
6861276
6862511
6862962
6863122
6864608
6865148
6866181
6868279
6868579
6869052
6870542
6871809
6872583
6872591
6873180
6874803
6877513
6877888
6878267
6879871
6881070
6883398
6884735
6885682
6887695
6887765
6888242
6888431
6888510
6888907
6889960
6890844
6891046
6891536
6894244
6894408
6895203
6896567
6896771
6897611
6897848
6897916
6898010
6898224
6898727
6898772
6899762
6900943
6901544
6902919
6902962
6903175
6903585
6903840
6907024
6907474
6907630
6908279
6908667
6909066
6909567
6909769
6909880
6910103
6911598
6911980
6913151
6914060
6916156
6916554
6917549
6918982
6919742
6919847
6919907
6922121
6923273
6923452
6923960
6924933
6925005
6925190
6925670
6927482
6928115
6928515
6928751
6929203
6929213
6929602
6930286
6930440
6933324
6934411
6934476
6934508
6938585
6939899
6940565
6942311
6942696
6943280
6944012
6945973
6946186
6946552
6946860
6947976
6948476
6949791
6950654
6951397
6952681
6953527
6953555
6953816
6954109
6954213
6954857
6956486
6957954
6957957
6959209
6961505
6962470
6964626
6964791
6965774
6966941
6968979
6970048
6971173
6971250
6972348
6973187
6974351
6974460
6974960
6975241
6975356
6976864
6977309
6979334
6981080
6983764
6983868
6984075
6984125
6985321
6985646
6986075
6986465
6987070
6990628
6992453
6992787
6994855
6996793
6997304
6997753
6998225
6998876
6999047
7000088
7000122
7000325
7000345
7000810
7001565
7001829
7001915
7004219
7004247
7004800
7006490
7007412
7007619
7008243
7009558
7010048
7012313
7013169
7013927
7014077
7014747
7016414
7016547
7018999
7019529
7020101
7020538
7022921
7023105
7023518
7024313
7024787
7027224
7028925
7029441
7031099
7032019
7035624
7036222
7038029
7038376
7038448
7040222
7042324
7043111
7043379
7044001
7044990
7046244
7046490
7046609
7046696
7047559
7047790
7048322
7048656
7048808
7049583
7050779
7050977
7052890
7053274
7053556
7057614
7059418
7061854
7063994
7064826
7064957
7065482
7065980
7066752
7066810
7067388
7070637
7071874
7072094
7072164
7073011
7073107
7073539
7074452
7074569
7075144
7080387
7081434
7084117
7085564
7087442
7087461
7088027
7088117
7088352
7088678
7089407
7090094
7090238
7090954
7091070
7092558
7092726
7093330
7093463
7095001
7097416
7097711
7097924
7098472
7098598
7100611
7101613
7104231
7104629
7106257
7106344
7106396
7106403
7107845
7108237
7110081
7110274
7112452
7112617
7112646
7114232
7114887
7116139
7118869
7119204
7119413
7119961
7120504
7120627
7120743
7121466
7122021
7122784
7123708
7124026
7124448
7127227
7129822
7130225
7130782
7132559
7134235
7134338
7134640
7134661
7134740
7134821
7135279
7136099
7137530
7137584
7137864
7138062
7138485
7141222
7143155
7143802
7144058
7145237
7146688
7147860
7148042
7150218
7151466
7152544
7152559
7153196
7153499
7154051
7155074
7155329
7156658
7157844
7158403
7160109
7160187
7160414
7161318
7161528
7164217
7165107
7165454
7169068
7169505
7170717
7171128
7171611
7174268
7174448
7174718
7175410
7176748
7178312
7178784
7178968
7179001
7180726
7181180
7182131
7183793
7185424
7186382
7186481
7186612
7187014
7187970
7188218
7188316
7188531
7189761
7189779
7190137
7190440
7190874
7191647
7192580
7193191
7194305
7195263
7195761
7196847
7197227
7198012
7198965
7204038
7207728
7208901
7209303
7210438
7211643
7212062
7213609
7214789
7214948
7215327
7215415
7215766
7216667
7216990
7217078
7218321
7220678
7221043
7222111
7222216
7222307
7222699
7224794
7225318
7226080
7227091
7227574
7227999
7229807
7232512
7232535
7233536
7234160
7235037
7237819
7242243
7242885
7243341
7244491
7245232
7247282
7249014
7249237
7249609
7250582
7250820
7250864
7250929
7251155
7251163
7252765
7256233
7256979
7257080
7258752
7259071
7260786
7262331
7262559
7264431
7264661
7264895
7264931
7265801
7265982
7269959
7270317
7270688
7271253
7271326
7272184
7273188
7274932
7280259
7280560
7280954
7282007
7282499
7285425
7285895
7288271
7290202
7290804
7291404
7294607
7294703
7294707
7294980
7295910
7297030
7297605
7299390
7300096
7300508
7301607
7302326
7303174
7304382
7307198
7308380
7308491
7308491
7308607
7308807
7309590
7310206
7311046
7312142
7312783
7313241
7313891
7315023
7315106
7316609
7316858
7318098
7318137
7318973
7319016
7319322
7321027
7321089
7321217
7321696
7322808
7323004
7323263
7323266
7323419
7323623
7323661
7324205
7326822
7327722
7329830
7330250
7330301
7330446
7331102
7331233
7332435
7332667
7333222
7333387
7336460
7336744
7337141
7337269
7337439
7339201
7344199
7345807
7346070
7347568
7349367
7355391
7356111
7356446
7356738
7356996
7357093
7358147
7358154
7358196
7359273
7360896
7362372
7362999
7365466
7365509
7365778
7365872
7366285
7366516
7367735
7367971
7368638
7369000
7372146
7372225
7372416
7372562
7372576
7372812
7373450
7375244
7379661
7381565
7382229
7382743
7384128
7384482
7386441
7387674
7387702
7388424
7391002
7391212
7391780
7395160
7395479
7396785
7397406
7398665
7398670
7398855
7400703
7400707
7400893
7401340
7401414
7402789
7405288
7405945
7406053
7406347
7406762
7407112
7409914
7410725
7412803
7412956
7413383
7414280
7415420
7417742
7417790
7417952
7418170
7418864
7418909
7421658
7422272
7422627
7423293
7424236
7424566
7425082
7426305
7426565
7426667
7427642
7428535
7431813
7433373
7435357
7435408
7435935
7440168
7441783
7443408
7443921
7444770
7445301
7446486
7446643
7448516
7450725
7451816
7453405
7457559
7459904
7460386
7461323
7461394
7461714
7461866
7463031
7464838
7467602
7468531
7469525
7470322
7471130
7472667
7475994
7478234
7478380
7479150
7482198
7484587
7486380
7486670
7488921
7489432
7493334
7494039
7495625
7495868
7495966
7496487
7496751
7499078
7499520
7499608
7499636
7499659
7500400
7501667
7502610
7503568
7504445
7504610
7505042
7506148
7506321
7506697
7507556
7508864
7511499
7512071
7512102
7514562
7514802
7515023
7518204
7519181
7519269
7520349
7521010
7521595
7522108
7522646
7523132
7523858
7524745
7524819
7525120
7526374
7528384
7528532
7528570
7529017
7529579
7530847
7531637
7533672
7533869
7534086
7536098
7538710
7538851
7540017
7540908
7541400
7542070
7542520
7542619
7542853
7542895
7543798
7543954
7544178
7544197
7550292
7552045
7552167
7553356
7554109
7554741
7554888
7555257
7557191
7557322
7558882
7561124
7562132
7563183
7563219
7563700
7564268
7564523
7565579
7567833
7568044
7568518
7568727
7568935
7569288
7569641
7570154
7570581
7571357
7572621
7574002
7576597
7577419
7577880
7578926
7579483
7580757
7581543
7583338
7583891
7584421
7585715
7587182
7587795
7589308
7592378
7593235
7594637
7594875
7596041
7596253
7597485
7597526
7597579
7598391
7598922
7599981
7600072
7601403
7605224
7605767
7605840
7605963
7606273
7606533
7606660
7607167
7608879
7612541
7612759
7613468
7613615
7614855
7615472
7616545
7619015
7619561
7620102
7621507
7621743
7623566
7626310
7627852
7628047
7628702
7628907
7629872
7629966
7630527
7630688
7631820
7632667
7634621
7634738
7635447
7638258
7638880
7639730
7639771
7639781
7639914
7639967
7641048
7642983
7643990
7645399
7645465
7646658
7646674
7646871
7647344
7647387
7648410
7648734
7649084
7650203
7650774
7650882
7651107
7651764
7653593
7654572
7656791
7657421
7657504
7658093
7658372
7659574
7661890
7662677
7662955
7663424
7664085
7664595
7665866
7666296
7666561
7666738
7667408
7667429
7667858
7668016
7668939
7669583
7669774
7670531
7672975
7675189
7675449
7676311
7676991
7677832
7679065
7679121
7679880
7679949
7680230
7681401
7683979
7686270
7686759
7687257
7687417
7688240
7689047
7689711
7691905
7692305
7693159
7693868
7694090
7695343
7695408
7695523
7695680
7697497
7697536
7698735
7699189
7699617
7700881
7702244
7703114
7703876
7705273
7705746
7706417
7706802
7707659
7709231
7709645
7709906
7709982
7710405
7710985
7711489
7712186
7712426
7714051
7717259
7717940
7718578
7720684
7720860
7721294
7721405
7722185
7722242
7722452
7723011
7724615
7725184
7726995
7727245
7727591
7729589
7729858
7730263
7730762
7732423
7734444
7735112
7735606
7735945
7737258
7737579
7737694
7737903
7739186
7739742
7741544
7744691
7745755
7745873
7746596
7746739
7747781
7748401
7752668
7753406
7755085
7756985
7758119
7758812
7762727
7762973
7763168
7763801
7764004
7766004
7766349
7767614
7768155
7768285
7770030
7771683
7772148
7773485
7774111
7774507
7774919
7776590
7776634
7778016
7778560
7779319
7779489
7780458
7782301
7782314
7783086
7783565
7785080
7785586
7788163
7789364
7789511
7789759
7791708
7791824
7792200
7792249
7793138
7793337
7794812
7794990
7795121
7795799
7796649
7796676
7796740
7797142
7797264
7797666
7797710
7797856
7798121
7799036
7799593
7799700
7801466
7804007
7804651
7805615
7806919
7807310
7807352
7807420
7807451
7808421
7809630
7810786
7812391
7813255
7813940
7814735
7815212
7815599
7817271
7817913
7819007
7819158
7821544
7821728
7821969
7823431
7823441
7824370
7825317
7826161
7826872
7827080
7828149
7828459
7830147
7832807
7834153
7834172
7834652
7835349
7836080
7836320
7837822
7839351
7839644
7841288
7841675
7842117
7842192
7842385
7842918
7844209
7845779
7847748
7847771
7848049
7848685
7848724
7849248
7849864
7849919
7850709
7855602
7855937
7856415
7856731
7857739
7858624
7863258
7863427
7863806
7865497
7865672
7865790
7866361
7866714
7867910
7868976
7869947
7870264
7872316
7872791
7872807
7872888
7874710
7875208
7875299
7877240
7881004
7881024
7881465
7882091
7882201
7882630
7883025
7883530
7883905
7884316
7884942
7885533
7885642
7886104
7887091
7889807
7889864
7890857
7893347
7893720
7894096
7894177
7894278
7894334
7894693
7895217
7897588
7899207
7899823
7901835
7902141
7902269
7903502
7905567
7906352
7906495
7907460
7908428
7909372
7910300
7911539
7912449
7912685
7913806
7913892
7914363
7914951
7915532
7917030
7918204
7918317
7919253
7919265
7919311
7920059
7920441
7920717
7921189
7921431
7921452
7922051
7922592
7923720
7924062
7924746
7925337
7925669
7928739
7929217
7929949
7930402
7933978
7934515
7936753
7937931
7939970
7940014
7940228
7940642
7940889
7941226
7941881
7942297
7942790
7943025
7943049
7943084
7943142
7943805
7943883
7943913
7944041
7944432
7945314
7945719
7945869
7946066
7946550
7946979
7947110
7947114
7947338
7949333
7949844
7951259
7952926
7953660
7953703
7954385
7955260
7955690
7956298
7957430
7957767
7958151
7958373
7959329
7959865
7960706
7960790
7961888
7962544
7965033
7967813
7967909
7968470
7970950
7971236
7972275
7972604
7972640
7973786
7974181
7974250
7975225
7976116
7976409
7976944
7977164
7977805
7980004
7980118
7981077
7982384
7982692
7982733
7982827
7983730
7984030
7985458
7986178
7987153
7989669
7990103
7990250
7990527
7990924
7994172
7994509
7995245
7998920
7999356
7999859
8000683
8001466
8001661
8002738
8003250
8004961
8005170
8005233
8005601
8005801
8006051
8006093
8009169
8009414
8011123
8011366
8011704
8011976
8013321
8016843
8018226
8023596
8024525
8024785
8026576
8029370
8031347
8032233
8032269
8032282
8033012
8033928
8034173
8035095
8036094
8036333
8037660
8038281
8038333
8041977
8042783
8043382
8044123
8046536
8046763
8047075
8047629
8052473
8052553
8053294
8053701
8054118
8054979
8055081
8058089
8058364
8058725
8059569
8059681
8059761
8062168
8064006
8065503
8065935
8067778
8069263
8069772
8069812
8071370
8072104
8072904
8072979
8073782
8075076
8075941
8077686
8078290
8078451
8078583
8078866
8079118
8079232
8082517
8083250
8089533
8090147
8090625
8090763
8093157
8093755
8094929
8096987
8097160
8098256
8098377
8099355
8100226
8101576
8101837
8102003
8103532
8104275
8104617
8105585
8105776
8105948
8106708
8107458
8107782
8107941
8108339
8109414
8109434
8110778
8111789
8113766
8113819
8113874
8114073
8116827
8116853
8117391
8117433
8119980
8123252
8124971
8125438
8125559
8125620
8125743
8127318
8127372
8129900
8131813
8134478
8134501
8136566
8137891
8138291
8139566
8141086
8142919
8143591
8145038
8149099
8149663
8150031
8150703
8150918
8153790
8153909
8154834
8154867
8155279
8155297
8155990
8156161
8156779
8157184
8157538
8157823
8159255
8161375
8163937
8164526
8165178
8166693
8167168
8167614
8167934
8168062
8168464
8169537
8170038
8172120
8173542
8174054
8174521
8174675
8174705
8175346
8175592
8176106
8177409
8177806
8177924
8179545
8180569
8180721
8181094
8183328
8183669
8185114
8185157
8187045
8187119
8187304
8187486
8187668
8187805
8189239
8189623
8190768
8191696
8192333
8192399
8192495
8196592
8197404
8197502
8199313
8200078
8201792
8202298
8202943
8203336
8203612
8203676
8203762
8203962
8203999
8205441
8206943
8207220
8208329
8208640
8209273
8209782
8211960
8212432
8213931
8214068
8215014
8216371
8216443
8216582
8218770
8219219
8219592
8220155
8220328
8221012
8221242
8221473
8221512
8221657
8222640
8223468
8224282
8225099
8225450
8226976
8227115
8227608
8231844
8231940
8232279
8232679
8234625
8236785
8236812
8237356
8237953
8238378
8238613
8240212
8240558
8241713
8242188
8242988
8243533
8243697
8244295
8245519
8248666
8249280
8249370
8249774
8250937
8251164
8254110
8254505
8254576
8257823
8258909
8260624
8261726
8262130
8262918
8263710
8265068
8266144
8266216
8266804
8267519
8267841
8268459
8268631
8268808
8269600
8269715
8269796
8270862
8274189
8274460
8274827
8275033
8275100
8275809
8276541
8279486
8279907
8281271
8283264
8283672
8283762
8284718
8285606
8287485
8288457
8291464
8292805
8292896
8293498
8293578
8294342
8294539
8294732
8294855
8295349
8295513
8296152
8296194
8296896
8297170
8298770
8301337
8302401
8303433
8305033
8305256
8305578
8305794
8306418
8307011
8307118
8307727
8308817
8309641
8310286
8310842
8311975
8312082
8313987
8314151
8314952
8319517
8319682
8320750
8322119
8322616
8323388
8323533
8323806
8324052
8324707
8325315
8325673
8326192
8326420
8326663
8326977
8327561
8327784
8328013
8328628
8329206
8330002
8331008
8333142
8333437
8333842
8333953
8335480
8336989
8337269
8337660
8337672
8338302
8339480
8339987
8341025
8341823
8342029
8343602
8343647
8343700
8343722
8343760
8344464
8346481
8349801
8350805
8350906
8352243
8352526
8353571
8353731
8355419
8357448
8358188
8360256
8361181
8363151
8364075
8366329
8366478
8375378
8375782
8375843
8376605
8376771
8376990
8380804
8380818
8381052
8381403
8382271
8383636
8384074
8386791
8387464
8387923
8389287
8389576
8390398
8390932
8392056
8392783
8393490
8394126
8394202
8394554
8396620
8396750
8399107
8400653
8400779
8400964
8401767
8402240
8403604
8404420
8404711
8404909
8405321
8405336
8405427
8410856
8411407
8411415
8412207
8413769
8415462
8415921
8417406
8418008
8418463
8418464
8419247
8419741
8419804
8420350
8421406
8421462
8421893
8423575
8424104
8424393
8424557
8425402
8425456
8428162
8428837
8429498
8430133
8430804
8430976
8431862
8432479
8432946
8433024
8433558
8434039
8434673
8437603
8439083
8439354
8439901
8440865
8441297
8443800
8444035
8447456
8448107
8449126
8449496
8450156
8450375
8451440
8452684
8453404
8453427
8453454
8455384
8456647
8457499
8457513
8458645
8459654
8459843
8460811
8460817
8460870
8461380
8462140
8463796
8464090
8466284
8466641
8467181
8468332
8468700
8470059
8471014
8472671
8473089
8474713
8474824
8476806
8477189
8477366
8477734
8479624
8479637
8479973
8481116
8481559
8482867
8483198
8483797
8485840
8486569
8487431
8491826
8492201
8493062
8493538
8493741
8493794
8493985
8494528
8494734
8495240
8495558
8498323
8498405
8498875
8500596
8502600
8502880
8503821
8505184
8505318
8505863
8507746
8509580
8510776
8511051
8512434
8514937
8516262
8519777
8522108
8524455
8524996
8526458
8528043
8528259
8529147
8529148
8529450
8530176
8530566
8531371
8532603
8533052
8535667
8536467
8537667
8538589
8539472
8540180
8540807
8542051
8542077
8542465
8543039
8543585
8544134
8544550
8544648
8547392
8547695
8547778
8548251
8548401
8549568
8549988
8550167
8551552
8552721
8553222
8555945
8556779
8557343
8559254
8559509
8559778
8560311
8561521
8562143
8562533
8564012
8564595
8564608
8565955
8566107
8566316
8566449
8566766
8567017
8567323
8567591
8570059
8572074
8572227
8574742
8576514
8576537
8577699
8577708
8578276
8579435
8581181
8581320
8581760
8582155
8582196
8582670
8583551
8584030
8585387
8585860
8586090
8586506
8587065
8594578
8594989
8595022
8595058
8595613
8596210
8597922
8598136
8598322
8600110
8600777
8601891
8601977
8603460
8603549
8604604
8607764
8609039
8609339
8610410
8610662
8611230
8612080
8613117
8613438
8613597
8613968
8615146
8615843
8616308
8617113
8619844
8621668
8622424
8624007
8625189
8626900
8627921
8628027
8628085
8628107
8628986
8630940
8631064
8631120
8631370
8633884
8634666
8635646
8636026
8636177
8636680
8637487
8638003
8638486
8638568
8639764
8640004
8640328
8640681
8641952
8643917
8644174
8644541
8644800
8645624
8645700
8647312
8647398
8647996
8648534
8649800
8650348
8650435
8650720
8651492
8651556
8652151
8652289
8652827
8653022
8654137
8654318
8654623
8654852
8656968
8657196
8659448
8660400
8660680
8660688
8662936
8664980
8664989
8666671
8666857
8667006
8667192
8669988
8670872
8673611
8673649
8673794
8675167
8677570
8678401
8678514
8678803
8680119
8682280
8683208
8683660
8685782
8686004
8686126
8686868
8687434
8688057
8689940
8690068
8694624
8694633
8695495
8696642
8701434
8703157
8703506
8703581
8705622
8706026
8706039
8706404
8707152
8708320
8708964
8709712
8710176
8711174
8712134
8712967
8713293
8715331
8717653
8718391
8720604
8720719
8721889
8722035
8723038
8723295
8724132
8724149
8724891
8725396
8729253
8730260
8731087
8731689
8731966
8732718
8732912
8733544
8734378
8734940
8735073
8736645
8736650
8736763
8738229
8739488
8739616
8742109
8743598
8744081
8744857
8745243
8746495
8746560
8746708
8748201
8748811
8749447
8749544
8749550
8750437
8754991
8755733
8759260
8759447
8760505
8760915
8761069
8761231
8762619
8763912
8763965
8764016
8764668
8764754
8765114
8766542
8767165
8769910
8770503
8771036
8771484
8771553
8776460
8776483
8777282
8778027
8778369
8778393
8780539
8781793
8781877
8782041
8782372
8783273
8787741
8788116
8790278
8790778
8790933
8791521
8792163
8792957
8794562
8796092
8797916
8798291
8802539
8803180
8804303
8804906
8806074
8806595
8808582
8809495
8809729
8811862
8812384
8814804
8815364
8815938
8816842
8817059
8817570
8818959
8819067
8819536
8819797
8819887
8820071
8822583
8822783
8823136
8824452
8824613
8824709
8824826
8824855
8826294
8827968
8828191
8829850
8830013
8831414
8831724
8832117
8832292
8833188
8833493
8834273
8835095
8837167
8837350
8837444
8838047
8839447
8840340
8841078
8841753
8842203
8842370
8843083
8844119
8844684
8845393
8846135
8846805
8849302
8849942
8852031
8853562
8853567
8853600
8853627
8853813
8854685
8855940
8856892
8857255
8858344
8859158
8861270
8863677
8863968
8864219
8865085
8865843
8865978
8867065
8867400
8868492
8869907
8870581
8870897
8871985
8873186
8873900
8873995
8874211
8874920
8875478
8878756
8879341
8879807
8880569
8881531
8882089
8882874
8882971
8883799
8883889
8884225
8884792
8884895
8885162
8886322
8886434
8888376
8888920
8888934
8890298
8892926
8893095
8894628
8895591
8895714
8897846
8899676
8899913
8900110
8900196
8901718
8902364
8902437
8902596
8904161
8904398
8904583
8905101
8906098
8909239
8909402
8910816
8911446
8911747
8914258
8914474
8914483
8914873
8915405
8915494
8916174
8916668
8917547
8917895
8918059
8918830
8919273
8919634
8919775
8920313
8921927
8922141
8923238
8923962
8926646
8927000
8930351
8930888
8931439
8932081
8932291
8932519
8933653
8936868
8938318
8938575
8939454
8940744
8941270
8941270
8941386
8943813
8943929
8944108
8944575
8944901
8946945
8948718
8949176
8949212
8949318
8950055
8950263
8950508
8951465
8952576
8953036
8957324
8957614
8958007
8959291
8960209
8961000
8962555
8964706
8965981
8966354
8967421
8967739
8968285
8968829
8969263
8969381
8970330
8971261
8972541
8974068
8976241
8976553
8977126
8977146
8977373
8977388
8977435
8978656
8980707
8982695
8984523
8985843
8986443
8986900
8986935
8987249
8989293
8991332
8991336
8991902
8992492
8993941
8996081
8997264
8997754
8998531
8999217
8999341
8999390
8999410
9000296
9001513
9002543
9002621
9003734
9004786
9005713
9006407
9008813
9009059
9009668
9013007
9015267
9015488
9016965
9017173
9017589
9020707
9020918
9024129
9024929
9025424
9026987
9027002
9027947
9028154
9028244
9028297
9030132
9030784
9031042
9032543
9033282
9034246
9034340
9035241
9035538
9035703
9036383
9037238
9037944
9039062
9039312
9039428
9040831
9041427
9042467
9043514
9043772
9044175
9048359
9048620
9048969
9050253
9052789
9053756
9054058
9054372
9054909
9055064
9056893
9056918
9057563
9058523
9058721
9060024
9060757
9061610
9062863
9064197
9067098
9067257
9067365
9071486
9072694
9072800
9073713
9073837
9073837
9074375
9076777
9077409
9078472
9079627
9080186
9080832
9081656
9083487
9084792
9085835
9086710
9088306
9088715
9090047
9090870
9091375
9095009
9096007
9098483
9098613
9099503
9100096
9101632
9101779
9102330
9102546
9103729
9104038
9105699
9106549
9107651
9111106
9111362
9111595
9111754
9113726
9114591
9115278
9115416
9116855
9117718
9118392
9119154
9121723
9122583
9123663
9123828
9124298
9125993
9126341
9128198
9128408
9128740
9128778
9131207
9131387
9131873
9132014
9132177
9133669
9134180
9134297
9134872
9135238
9136446
9138495
9139680
9140028
9140044
9140497
9141085
9142774
9143125
9143543
9146408
9147361
9150978
9151098
9151655
9153223
9153548
9155720
9155861
9156340
9158189
9158475
9159403
9160503
9161065
9162453
9163970
9164008
9164089
9164320
9164659
9166949
9167498
9167563
9167961
9168799
9169128
9169247
9170439
9171774
9171819
9173523
9174272
9174677
9175093
9175726
9175983
9176870
9177518
9180031
9180647
9182206
9182610
9182845
9183582
9184880
9186168
9190030
9190071
9190770
9191220
9191809
9192268
9192509
9194911
9195415
9196252
9196288
9196603
9197984
9198033
9199902
9200372
9201683
9201729
9202692
9202911
9203218
9204333
9206640
9207178
9207771
9207803
9208153
9208808
9209129
9209699
9210270
9210364
9211532
9213262
9214244
9214278
9214782
9214966
9215248
9215322
9215819
9216144
9217033
9217421
9221217
9224577
9225010
9227688
9228790
9229632
9230370
9230627
9232336
9232353
9232838
9233442
9234986
9235884
9235980
9237021
9237818
9238691
9238749
9239042
9239862
9239875
9240748
9241882
9242917
9243532
9243957
9244445
9244540
9244652
9245036
9245151
9245822
9247686
9249272
9249502
9249559
9249941
9250897
9252546
9254662
9255480
9257510
9258083
9259123
9259145
9260134
9260257
9261541
9262109
9262448
9264329
9268577
9269256
9270127
9272063
9272594
9273187
9275224
9276691
9276848
9277894
9278906
9279224
9281433
9284617
9285570
9285779
9285996
9286460
9287353
9290388
9290801
9292682
9293033
9293400
9294051
9295910
9296293
9297345
9298292
9299127
9299211
9299255
9301027
9301764
9301875
9301896
9303247
9303607
9304295
9306807
9308480
9310575
9310720
9311026
9312314
9313118
9313639
9314707
9317661
9318579
9319662
9319860
9322437
9322657
9323180
9323386
9324339
9325630
9326432
9327222
9328296
9328349
9331509
9331747
9331907
9332010
9332110
9333349
9333732
9333976
9334065
9335596
9339411
9342072
9342373
9342517
9344035
9344430
9344579
9344711
9345988
9346145
9346833
9347525
9348937
9349247
9349734
9350072
9350973
9351449
9352062
9352102
9353653
9353694
9354297
9360421
9361497
9363856
9365498
9366153
9366238
9366329
9366784
9367326
9367855
9368620
9369584
9369872
9370009
9370178
9372026
9373399
9375061
9375470
9376687
9378021
9379178
9379952
9380496
9381253
9381919
9384416
9384953
9384980
9388740
9388780
9391163
9391698
9392341
9392832
9393099
9393479
9393856
9396637
9397837
9398409
9399729
9400704
9400805
9400813
9404255
9405178
9405859
9406108
9406995
9407020
9407412
9413602
9414486
9414502
9415026
9415600
9416498
9416914
9418042
9418463
9419753
9422353
9422451
9423243
9424823
9424956
9430149
9432142
9432893
9433584
9434761
9436516
9436565
9439086
9439463
9441160
9441424
9441696
9443236
9443718
9444365
9444632
9446225
9447076
9447855
9448758
9448826
9448856
9448919
9449024
9449091
9449204
9450568
9451375
9452654
9453388
9454930
9455186
9456136
9456692
9456785
9457042
9457658
9457929
9459505
9460376
9462368
9462645
9463161
9463775
9464411
9464581
9465765
9466215
9467281
9467969
9469549
9470032
9471601
9471670
9471964
9474793
9476057
9476761
9477955
9479360
9481045
9481093
9482186
9483898
9485218
9485986
9487306
9489008
9489916
9491002
9491681
9492343
9492567
9493430
9493564
9493983
9494355
9496234
9496572
9498680
9498986
9499437
9501984
9502316
9504114
9504811
9508960
9509128
9509839
9510084
9510568
9510867
9512197
9514161
9514945
9515431
9516141
9517224
9518722
9518905
9519358
9522918
9523092
9525292
9525517
9527024
9528144
9529158
9531322
9532136
9532152
9532164
9532290
9532369
9532574
9532707
9533196
9533568
9536783
9537484
9538265
9539335
9539857
9540732
9541024
9541470
9541971
9542040
9543371
9544224
9547215
9547852
9548659
9548888
9548931
9550070
9550391
9551825
9552037
9552759
9553675
9553983
9554071
9555218
9557414
9557503
9558738
9559496
9559593
9559686
9560982
9561305
9563045
9566599
9566648
9566660
9567931
9569205
9570446
9571347
9571388
9573808
9573913
9574273
9574389
9574739
9574946
9575747
9575980
9576085
9578126
9579668
9580093
9580379
9583272
9583852
9584036
9585837
9587523
9587997
9589109
9589502
9589805
9589831
9593002
9594434
9594521
9594653
9595029
9596472
9596754
9597290
9597547
9598396
9599106
9599735
9599972
9602243
9602816
9602833
9603242
9603363
9604226
9604864
9605037
9606456
9606856
9607353
9607995
9610086
9611924
9612009
9613466
9613715
9617467
9619881
9621214
9623003
9624298
9624429
9624817
9625737
9626625
9627564
9628315
9629336
9629365
9633077
9633254
9633963
9634683
9635132
9635263
9636394
9636772
9637388
9638150
9640601
9641571
9642927
9644883
9644985
9648638
9649116
9649411
9649710
9649967
9650237
9652408
9652893
9655037
9656203
9656855
9658465
9659877
9660427
9660674
9662011
9662122
9662417
9665295
9666188
9666222
9666857
9666908
9668529
9669081
9669733
9669953
9673822
9675193
9676060
9676544
9676693
9677012
9677239
9679006
9679142
9679482
9680677
9681411
9681608
9681777
9682259
9682498
9682701
9682833
9684474
9684612
9685123
9689741
9690187
9690404
9690962
9692856
9692945
9693827
9694787
9694952
9695909
9696104
9697556
9699065
9699227
9699593
9701107
9702705
9702779
9705823
9706622
9708162
9708246
9708698
9709537
9710548
9712852
9714988
9715795
9716269
9717225
9717345
9717883
9719409
9720333
9720798
9722417
9723686
9724703
9725536
9726464
9726635
9726874
9726971
9727147
9727877
9728996
9731031
9731456
9733668
9733932
9734019
9736753
9737658
9737849
9738163
9739389
9741282
9742522
9743644
9744002
9744264
9745162
9745395
9745399
9747902
9748590
9750564
9754467
9754568
9757387
9758421
9758664
9758681
9760126
9760451
9762423
9763662
9764077
9764309
9764977
9765522
9769331
9770514
9772207
9776467
9777106
9777145
9777707
9778666
9779209
9780045
9782213
9782367
9782956
9783111
9783273
9783416
9784687
9784702
9786730
9788856
9789420
9789694
9791321
9792302
9794706
9794869
9796184
9796347
9797570
9798789
9800894
9801085
9802543
9802620
9802704
9804565
9804617
9804689
9805167
9805668
9806904
9808687
9810498
9810636
9814052
9814329
9815815
9816809
9817855
9818700
9819145
9820496
9821709
9821922
9827629
9829224
9829688
9830113
9830554
9830588
9831595
9833338
9834195
9834410
9836359
9836561
9837841
9838457
9838546
9839402
9840001
9842105
9843078
9843293
9848045
9848268
9849515
9850866
9850867
9851126
9851746
9853206
9854399
9855270
9855388
9855800
9855876
9856003
9856090
9856931
9857068
9857365
9858042
9858278
9859638
9859692
9860473
9861839
9861889
9863511
9863650
9864471
9866019
9866304
9866485
9866964
9868272
9869374
9869831
9870362
9870570
9872805
9876766
9877983
9878067
9879581
9883114
9887519
9888373
9888917
9889199
9890291
9890970
9891366
9891795
9893172
9894022
9894369
9895741
9896505
9897761
9899066
9899890
9901774
9904523
9904538
9905226
9905482
9905831
9905978
9906549
9907509
9908734
9909760
9910043
9910128
9910272
9912750
9913137
9913484
9913607
9914571
9914704
9914990
9916502
9918114
9918180
9918645
9919432
9921649
9922275
9923873
9925327
9925813
9926089
9926217
9927448
9927543
9927999
9929137
9929275
9929305
9930023
9931427
9932216
9932873
9934063
9936203
9937227
9938278
9939023
9939414
9939546
9941005
9941347
9942384
9945395
9946816
9948141
9949512
9951358
9952302
9952573
9952723
9953332
9953408
9954823
9957502
9958416
9961118
9961334
9961369
9961777
9962093
9962284
9965134
9965263
9966109
9966254
9967179
9968423
9969571
9974680
9974980
9976255
9977234
9978370
9978436
9978528
9979495
9980544
9983002
9985622
9986114
9986286
9986984
9987617
9987776
9988062
9988225
9988335
9988677
9989578
9990226
9990804
9991036
9991136
9992130
9992455
9993056
9993066
9994230
9995548
9996147
9999982
