100
1148637
1199275
1202711
1231623
1243335
1299343
1443558
1610377
1665655
1879227
1929429
2294900
2388011
2440727
2493765
2495035
2515263
2538646
2887744
2913693
2936099
3096139
3297625
3413859
3464904
3515301
3629230
3635972
3766771
3767028
3880246
3981914
3987265
3999683
4034061
4045510
4219197
4398042
5022841
5397456
5428741
5448268
5458643
5550914
5673927
5733351
5920691
5930277
5972516
6016061
6058936
6148417
6552113
6679395
6704155
6789270
6821428
6828728
6866524
6893327
6940282
6974789
6996727
7013725
7026420
7149002
7171548
7181863
7404761
7418835
7564523
7673531
7702256
7730041
7979415
8047859
8091568
8301009
8327618
8518324
8548137
8667880
8706626
8873874
8874627
8933914
9065257
9076929
9077264
9236200
9242918
9378925
9394483
9471548
9479708
9479711
9545833
9823680
9898303
9968953
