1000
1020190
1023334
1039429
1040240
1063467
1082234
1109383
1109898
1116027
1121716
1130975
1144795
1146232
1152984
1172726
1195545
1208920
1217544
1219210
1222209
1227227
1239609
1270286
1286291
1288610
1293528
1298172
1299413
1304548
1311845
1311933
1322344
1329644
1352045
1356237
1365816
1380299
1381867
1382193
1416845
1423997
1424700
1427136
1427270
1434401
1474336
1492312
1522189
1527491
1537571
1549079
1555623
1590535
1602520
1605831
1616454
1617895
1626679
1626872
1641640
1644112
1651189
1652607
1661094
1699557
1701627
1702950
1740368
1752788
1756629
1788163
1807171
1810557
1817172
1822061
1823214
1835704
1838781
1839130
1874914
1877498
1887821
1889984
1909208
1935220
1948996
1969480
1982344
1991320
2003085
2004903
2005143
2015474
2028463
2033083
2047210
2059300
2064355
2085410
2093114
2105427
2118845
2119089
2148248
2155550
2168013
2170350
2173852
2185014
2189090
2193478
2198339
2210305
2214927
2223959
2238274
2244915
2245696
2249773
2252043
2253464
2255150
2273187
2278337
2283625
2290197
2294911
2297505
2313257
2315168
2321727
2322953
2324792
2326466
2332463
2339183
2344755
2347012
2368112
2376587
2407955
2410895
2424257
2425649
2433570
2466485
2486316
2504053
2511628
2519468
2525477
2539103
2541122
2547567
2550624
2554114
2558135
2574007
2580019
2582633
2583610
2589184
2594358
2596228
2602825
2606826
2606960
2611822
2614040
2616075
2633265
2635446
2638246
2641892
2647332
2664059
2676410
2685872
2697222
2708514
2715889
2730436
2740685
2742143
2748613
2752117
2759958
2781011
2781555
2783190
2811322
2816270
2820542
2820915
2824573
2844089
2857623
2865851
2876040
2882408
2892572
2902009
2906038
2910511
2914876
2939423
2953664
2965540
2968952
2978966
2981611
2982193
2997575
3023307
3037121
3099791
3108371
3117873
3127412
3138837
3167178
3181999
3185880
3188586
3191342
3194930
3203102
3247413
3251610
3276753
3293364
3295918
3303710
3310992
3311963
3315848
3327574
3332919
3333075
3357831
3373371
3393437
3394951
3405053
3428279
3430532
3431366
3433721
3434732
3439845
3441893
3467634
3468969
3473639
3482412
3483924
3490888
3494573
3502706
3505960
3509082
3520239
3543081
3555861
3560892
3565214
3567802
3569789
3571349
3596021
3619730
3622145
3626960
3634750
3636621
3645794
3648049
3680546
3699387
3703263
3708937
3712548
3724096
3731625
3753250
3765086
3766991
3767710
3782771
3788050
3794122
3809625
3815582
3817752
3832690
3836546
3849116
3860354
3865413
3886639
3891197
3892298
3913219
3917393
3933403
3934664
3942015
3959554
3977455
3984407
3990672
3991313
4008621
4013077
4022448
4034201
4041991
4059674
4062448
4064589
4071332
4073319
4075002
4098789
4100220
4120770
4133429
4139387
4161184
4173957
4178894
4189117
4212444
4216101
4221580
4255800
4277979
4278369
4283688
4308623
4328211
4345673
4346328
4352891
4353234
4364012
4365197
4384679
4390407
4391860
4392343
4392570
4424577
4428167
4429364
4433063
4435555
4448411
4451238
4469260
4471999
4473120
4489308
4522099
4533240
4536122
4540624
4561242
4561376
4567851
4585645
4622628
4623488
4628866
4630415
4632911
4644252
4660449
4661855
4672306
4675727
4697022
4708581
4712108
4739577
4742120
4753900
4760419
4767120
4771852
4789913
4795102
4796973
4822108
4832759
4841492
4857530
4858780
4860232
4860329
4880937
4893424
4897499
4897921
4899111
4903606
4912266
4913611
4916482
4941616
4942603
4947248
4959347
4960098
4965365
4967369
4977512
4977792
4979383
4984018
4987935
4989107
5001775
5012439
5027525
5049071
5050690
5062051
5064073
5074671
5092876
5107260
5148244
5158933
5160567
5176808
5177089
5196302
5196986
5202811
5203176
5206343
5207752
5215132
5217635
5225337
5232314
5247147
5248791
5249206
5255882
5260407
5266299
5274395
5282316
5289998
5293261
5294211
5308796
5314438
5317012
5320131
5321018
5323980
5338238
5347124
5352795
5361587
5370191
5383761
5386780
5390954
5398118
5402117
5406464
5407198
5410586
5443894
5452326
5457553
5465780
5484620
5502862
5503218
5509790
5523259
5526858
5531733
5538143
5552255
5557395
5562939
5567115
5583182
5585066
5594987
5602195
5605822
5611773
5630949
5632700
5654991
5670866
5693436
5695805
5696392
5698201
5698496
5703571
5706472
5725632
5729397
5731980
5732565
5741193
5749055
5762421
5775149
5780689
5786343
5791308
5817827
5830687
5832261
5833569
5850275
5855053
5866310
5866890
5884261
5885608
5889683
5903703
5906757
5919630
5920982
5929692
5932499
5933516
5938787
5958035
5960323
5982418
5993609
6000199
6008995
6014237
6025576
6025774
6025802
6031555
6042826
6058311
6063171
6063544
6065132
6079106
6084971
6090213
6097777
6101129
6104936
6117765
6123437
6127339
6158243
6187612
6199515
6208440
6225917
6236654
6239243
6247185
6254404
6261761
6263589
6264924
6269145
6275189
6289245
6289712
6304430
6323365
6338291
6341176
6348623
6350185
6359419
6371318
6379414
6382048
6382343
6387131
6388435
6407742
6410131
6415819
6437667
6440355
6444019
6451064
6451349
6454781
6467785
6474523
6474994
6478699
6483373
6498563
6512043
6525132
6529298
6536547
6540222
6542888
6544438
6545211
6567868
6572504
6584772
6588850
6596556
6598926
6604463
6610502
6612882
6613124
6613850
6617497
6618500
6624447
6653525
6664660
6665749
6668686
6689838
6690872
6701472
6717211
6717912
6720017
6726874
6734596
6748674
6761491
6771516
6790202
6800541
6804449
6811905
6814265
6819749
6824413
6834062
6843163
6845003
6845325
6853816
6871424
6874110
6881868
6895327
6900817
6904714
6906397
6911225
6912514
6916666
6948885
6960726
6963743
6967863
6998341
7004194
7035238
7046480
7064428
7066126
7072200
7077598
7097211
7102843
7125373
7127601
7130452
7131518
7135620
7136421
7144548
7154437
7172597
7191009
7198829
7199568
7214680
7220592
7229551
7234853
7239992
7255908
7258867
7272333
7275087
7275675
7281591
7287091
7319659
7323621
7327236
7334016
7341833
7344081
7344232
7357644
7360194
7377603
7378470
7381657
7384401
7390198
7392508
7394818
7394917
7418248
7436398
7443199
7456330
7477415
7488878
7502511
7507757
7510430
7518468
7521768
7528385
7549427
7550779
7554073
7557774
7562520
7607740
7610726
7614631
7621642
7634223
7674215
7686732
7689149
7692945
7701137
7706976
7713389
7716959
7717440
7727161
7751121
7760177
7769316
7785045
7796536
7796609
7815258
7820706
7840719
7882716
7894572
7922667
7925141
7933871
7939387
7946667
7951116
7975982
8018386
8020146
8027693
8028221
8028827
8046363
8046526
8061244
8065978
8066992
8067563
8072338
8105798
8106052
8109324
8111601
8113127
8121200
8124891
8126210
8132736
8136072
8170599
8172491
8173088
8180098
8182830
8190587
8192679
8194818
8213945
8217487
8226770
8239865
8246291
8252487
8252489
8257073
8269958
8273281
8278609
8283680
8286055
8289237
8300253
8302389
8312137
8321568
8330399
8333763
8337862
8340198
8353711
8356346
8360194
8369443
8387506
8394465
8402343
8407414
8415756
8428651
8436065
8443114
8443969
8480679
8487880
8494039
8498658
8528169
8560794
8563228
8584991
8614756
8623169
8640608
8655541
8660312
8663614
8667262
8669146
8670204
8687721
8695335
8713186
8715401
8734642
8734971
8754116
8756930
8762697
8769799
8790271
8795054
8795930
8807061
8818462
8832909
8836857
8841996
8876347
8876377
8898785
8909323
8909448
8918173
8921761
8926466
8927401
8940401
8943054
8944458
8948400
8954333
8954896
8956196
8956557
8958589
8969192
8969516
8988440
9000082
9000634
9004790
9006250
9022692
9029659
9030663
9040873
9049459
9054471
9069063
9078386
9084402
9094934
9099437
9140750
9154389
9156208
9161437
9195758
9204448
9204604
9228740
9269521
9274383
9275488
9289517
9294085
9301253
9305543
9315185
9329346
9330476
9334668
9349042
9349107
9371605
9373000
9396571
9399144
9426828
9446649
9477243
9498485
9524917
9535736
9567316
9570678
9572095
9577777
9580037
9582650
9587656
9594482
9597278
9597720
9598852
9602671
9606584
9613544
9620280
9625582
9630260
9633215
9655715
9660101
9664589
9670557
9675045
9677558
9696330
9713948
9716318
9719782
9722684
9771772
9777923
9789618
9809715
9815472
9816748
9819527
9821270
9821325
9832097
9847065
9853856
9872489
9882186
9888246
9889143
9903566
9905530
9942753
9942761
9950020
9955497
9964497
9968287
9968755
9969389
9970025
9970102
9977351
9980183
9984836
