1000
4000000
4000001
4000002
4000003
4000004
4000005
4000006
4000007
4000008
4000009
4000010
4000011
4000012
4000013
4000014
4000015
4000016
4000017
4000018
4000019
4000020
4000021
4000022
4000023
4000024
4000025
4000026
4000027
4000028
4000029
4000030
4000031
4000032
4000033
4000034
4000035
4000036
4000037
4000038
4000039
4000040
4000041
4000042
4000043
4000044
4000045
4000046
4000047
4000048
4000049
4000050
4000051
4000052
4000053
4000054
4000055
4000056
4000057
4000058
4000059
4000060
4000061
4000062
4000063
4000064
4000065
4000066
4000067
4000068
4000069
4000070
4000071
4000072
4000073
4000074
4000075
4000076
4000077
4000078
4000079
4000080
4000081
4000082
4000083
4000084
4000085
4000086
4000087
4000088
4000089
4000090
4000091
4000092
4000093
4000094
4000095
4000096
4000097
4000098
4000099
4000100
4000101
4000102
4000103
4000104
4000105
4000106
4000107
4000108
4000109
4000110
4000111
4000112
4000113
4000114
4000115
4000116
4000117
4000118
4000119
4000120
4000121
4000122
4000123
4000124
4000125
4000126
4000127
4000128
4000129
4000130
4000131
4000132
4000133
4000134
4000135
4000136
4000137
4000138
4000139
4000140
4000141
4000142
4000143
4000144
4000145
4000146
4000147
4000148
4000149
4000150
4000151
4000152
4000153
4000154
4000155
4000156
4000157
4000158
4000159
4000160
4000161
4000162
4000163
4000164
4000165
4000166
4000167
4000168
4000169
4000170
4000171
4000172
4000173
4000174
4000175
4000176
4000177
4000178
4000179
4000180
4000181
4000182
4000183
4000184
4000185
4000186
4000187
4000188
4000189
4000190
4000191
4000192
4000193
4000194
4000195
4000196
4000197
4000198
4000199
4000200
4000201
4000202
4000203
4000204
4000205
4000206
4000207
4000208
4000209
4000210
4000211
4000212
4000213
4000214
4000215
4000216
4000217
4000218
4000219
4000220
4000221
4000222
4000223
4000224
4000225
4000226
4000227
4000228
4000229
4000230
4000231
4000232
4000233
4000234
4000235
4000236
4000237
4000238
4000239
4000240
4000241
4000242
4000243
4000244
4000245
4000246
4000247
4000248
4000249
4000250
4000251
4000252
4000253
4000254
4000255
4000256
4000257
4000258
4000259
4000260
4000261
4000262
4000263
4000264
4000265
4000266
4000267
4000268
4000269
4000270
4000271
4000272
4000273
4000274
4000275
4000276
4000277
4000278
4000279
4000280
4000281
4000282
4000283
4000284
4000285
4000286
4000287
4000288
4000289
4000290
4000291
4000292
4000293
4000294
4000295
4000296
4000297
4000298
4000299
4000300
4000301
4000302
4000303
4000304
4000305
4000306
4000307
4000308
4000309
4000310
4000311
4000312
4000313
4000314
4000315
4000316
4000317
4000318
4000319
4000320
4000321
4000322
4000323
4000324
4000325
4000326
4000327
4000328
4000329
4000330
4000331
4000332
4000333
4000334
4000335
4000336
4000337
4000338
4000339
4000340
4000341
4000342
4000343
4000344
4000345
4000346
4000347
4000348
4000349
4000350
4000351
4000352
4000353
4000354
4000355
4000356
4000357
4000358
4000359
4000360
4000361
4000362
4000363
4000364
4000365
4000366
4000367
4000368
4000369
4000370
4000371
4000372
4000373
4000374
4000375
4000376
4000377
4000378
4000379
4000380
4000381
4000382
4000383
4000384
4000385
4000386
4000387
4000388
4000389
4000390
4000391
4000392
4000393
4000394
4000395
4000396
4000397
4000398
4000399
4000400
4000401
4000402
4000403
4000404
4000405
4000406
4000407
4000408
4000409
4000410
4000411
4000412
4000413
4000414
4000415
4000416
4000417
4000418
4000419
4000420
4000421
4000422
4000423
4000424
4000425
4000426
4000427
4000428
4000429
4000430
4000431
4000432
4000433
4000434
4000435
4000436
4000437
4000438
4000439
4000440
4000441
4000442
4000443
4000444
4000445
4000446
4000447
4000448
4000449
4000450
4000451
4000452
4000453
4000454
4000455
4000456
4000457
4000458
4000459
4000460
4000461
4000462
4000463
4000464
4000465
4000466
4000467
4000468
4000469
4000470
4000471
4000472
4000473
4000474
4000475
4000476
4000477
4000478
4000479
4000480
4000481
4000482
4000483
4000484
4000485
4000486
4000487
4000488
4000489
4000490
4000491
4000492
4000493
4000494
4000495
4000496
4000497
4000498
4000499
4000500
4000501
4000502
4000503
4000504
4000505
4000506
4000507
4000508
4000509
4000510
4000511
4000512
4000513
4000514
4000515
4000516
4000517
4000518
4000519
4000520
4000521
4000522
4000523
4000524
4000525
4000526
4000527
4000528
4000529
4000530
4000531
4000532
4000533
4000534
4000535
4000536
4000537
4000538
4000539
4000540
4000541
4000542
4000543
4000544
4000545
4000546
4000547
4000548
4000549
4000550
4000551
4000552
4000553
4000554
4000555
4000556
4000557
4000558
4000559
4000560
4000561
4000562
4000563
4000564
4000565
4000566
4000567
4000568
4000569
4000570
4000571
4000572
4000573
4000574
4000575
4000576
4000577
4000578
4000579
4000580
4000581
4000582
4000583
4000584
4000585
4000586
4000587
4000588
4000589
4000590
4000591
4000592
4000593
4000594
4000595
4000596
4000597
4000598
4000599
4000600
4000601
4000602
4000603
4000604
4000605
4000606
4000607
4000608
4000609
4000610
4000611
4000612
4000613
4000614
4000615
4000616
4000617
4000618
4000619
4000620
4000621
4000622
4000623
4000624
4000625
4000626
4000627
4000628
4000629
4000630
4000631
4000632
4000633
4000634
4000635
4000636
4000637
4000638
4000639
4000640
4000641
4000642
4000643
4000644
4000645
4000646
4000647
4000648
4000649
4000650
4000651
4000652
4000653
4000654
4000655
4000656
4000657
4000658
4000659
4000660
4000661
4000662
4000663
4000664
4000665
4000666
4000667
4000668
4000669
4000670
4000671
4000672
4000673
4000674
4000675
4000676
4000677
4000678
4000679
4000680
4000681
4000682
4000683
4000684
4000685
4000686
4000687
4000688
4000689
4000690
4000691
4000692
4000693
4000694
4000695
4000696
4000697
4000698
4000699
4000700
4000701
4000702
4000703
4000704
4000705
4000706
4000707
4000708
4000709
4000710
4000711
4000712
4000713
4000714
4000715
4000716
4000717
4000718
4000719
4000720
4000721
4000722
4000723
4000724
4000725
4000726
4000727
4000728
4000729
4000730
4000731
4000732
4000733
4000734
4000735
4000736
4000737
4000738
4000739
4000740
4000741
4000742
4000743
4000744
4000745
4000746
4000747
4000748
4000749
4000750
4000751
4000752
4000753
4000754
4000755
4000756
4000757
4000758
4000759
4000760
4000761
4000762
4000763
4000764
4000765
4000766
4000767
4000768
4000769
4000770
4000771
4000772
4000773
4000774
4000775
4000776
4000777
4000778
4000779
4000780
4000781
4000782
4000783
4000784
4000785
4000786
4000787
4000788
4000789
4000790
4000791
4000792
4000793
4000794
4000795
4000796
4000797
4000798
4000799
4000800
4000801
4000802
4000803
4000804
4000805
4000806
4000807
4000808
4000809
4000810
4000811
4000812
4000813
4000814
4000815
4000816
4000817
4000818
4000819
4000820
4000821
4000822
4000823
4000824
4000825
4000826
4000827
4000828
4000829
4000830
4000831
4000832
4000833
4000834
4000835
4000836
4000837
4000838
4000839
4000840
4000841
4000842
4000843
4000844
4000845
4000846
4000847
4000848
4000849
4000850
4000851
4000852
4000853
4000854
4000855
4000856
4000857
4000858
4000859
4000860
4000861
4000862
4000863
4000864
4000865
4000866
4000867
4000868
4000869
4000870
4000871
4000872
4000873
4000874
4000875
4000876
4000877
4000878
4000879
4000880
4000881
4000882
4000883
4000884
4000885
4000886
4000887
4000888
4000889
4000890
4000891
4000892
4000893
4000894
4000895
4000896
4000897
4000898
4000899
4000900
4000901
4000902
4000903
4000904
4000905
4000906
4000907
4000908
4000909
4000910
4000911
4000912
4000913
4000914
4000915
4000916
4000917
4000918
4000919
4000920
4000921
4000922
4000923
4000924
4000925
4000926
4000927
4000928
4000929
4000930
4000931
4000932
4000933
4000934
4000935
4000936
4000937
4000938
4000939
4000940
4000941
4000942
4000943
4000944
4000945
4000946
4000947
4000948
4000949
4000950
4000951
4000952
4000953
4000954
4000955
4000956
4000957
4000958
4000959
4000960
4000961
4000962
4000963
4000964
4000965
4000966
4000967
4000968
4000969
4000970
4000971
4000972
4000973
4000974
4000975
4000976
4000977
4000978
4000979
4000980
4000981
4000982
4000983
4000984
4000985
4000986
4000987
4000988
4000989
4000990
4000991
4000992
4000993
4000994
4000995
4000996
4000997
4000998
4000999
