100
4000000
4000001
4000002
4000003
4000004
4000005
4000006
4000007
4000008
4000009
4000010
4000011
4000012
4000013
4000014
4000015
4000016
4000017
4000018
4000019
4000020
4000021
4000022
4000023
4000024
4000025
4000026
4000027
4000028
4000029
4000030
4000031
4000032
4000033
4000034
4000035
4000036
4000037
4000038
4000039
4000040
4000041
4000042
4000043
4000044
4000045
4000046
4000047
4000048
4000049
4000050
4000051
4000052
4000053
4000054
4000055
4000056
4000057
4000058
4000059
4000060
4000061
4000062
4000063
4000064
4000065
4000066
4000067
4000068
4000069
4000070
4000071
4000072
4000073
4000074
4000075
4000076
4000077
4000078
4000079
4000080
4000081
4000082
4000083
4000084
4000085
4000086
4000087
4000088
4000089
4000090
4000091
4000092
4000093
4000094
4000095
4000096
4000097
4000098
4000099
