10000
1000487
1002848
1004055
1005649
1005731
1006570
1007538
1009854
1010911
1011105
1011945
1012207
1014895
1015792
1016981
1022604
1026298
1026900
1027108
1027129
1027626
1028178
1029454
1029699
1034340
1034744
1035186
1035617
1036507
1038146
1038929
1038995
1039269
1046441
1046530
1047804
1047903
1048041
1048863
1049984
1050246
1051499
1053993
1055420
1055704
1057350
1057432
1058832
1058949
1059454
1059633
1059743
1059785
1061018
1061911
1062530
1062889
1062893
1063249
1063306
1064759
1065670
1066114
1069440
1069746
1071677
1072083
1072879
1072941
1073981
1076175
1076197
1076569
1076656
1077085
1077137
1077369
1077447
1078985
1079295
1080511
1081556
1081901
1082488
1082627
1082948
1083297
1083362
1083662
1084984
1087493
1087659
1088414
1088586
1090421
1090775
1090867
1091113
1091219
1091586
1091663
1094117
1094282
1094837
1095047
1097548
1099502
1099744
1101671
1102373
1102885
1103157
1105014
1106611
1107011
1107076
1107374
1107882
1109807
1113416
1114358
1115511
1117356
1119051
1119380
1119772
1120255
1121609
1121784
1123087
1125104
1126162
1126362
1128737
1128876
1128978
1129634
1129772
1131064
1131966
1133269
1134318
1135353
1136638
1138262
1138511
1138692
1139525
1140057
1141014
1142868
1144042
1146038
1146086
1146806
1147077
1147182
1148231
1149415
1150338
1153338
1153503
1155920
1157878
1159463
1159657
1161828
1162260
1162386
1162537
1162647
1164241
1165028
1165905
1166563
1167007
1168114
1168646
1170149
1170875
1171038
1172667
1173319
1176116
1176226
1178219
1178604
1178642
1178713
1179961
1181141
1182138
1183765
1184086
1184440
1185871
1185881
1186676
1188847
1189035
1189377
1190816
1192143
1192667
1194190
1194263
1194897
1194960
1196466
1197405
1199670
1201011
1201509
1202010
1202144
1202937
1203201
1204089
1204883
1205054
1205140
1205665
1208122
1208269
1209648
1209773
1209847
1212164
1213321
1213898
1214647
1214829
1214945
1215550
1216169
1216426
1217182
1217343
1218283
1219028
1219075
1220989
1221467
1223491
1223639
1223915
1224588
1228407
1230022
1230654
1231805
1231960
1232459
1233171
1235000
1235032
1235393
1235598
1235625
1236819
1237416
1237659
1238085
1240377
1240994
1241327
1242475
1242567
1242980
1243900
1243911
1245262
1246352
1246645
1246673
1247176
1248673
1248780
1249289
1252467
1253390
1256077
1256184
1256561
1256897
1257605
1260977
1261951
1264178
1264907
1265750
1266553
1268001
1268477
1269660
1270475
1271214
1271778
1272035
1273483
1273870
1274889
1275842
1276244
1277424
1277705
1279076
1279623
1279808
1280631
1280829
1281801
1283495
1283946
1284301
1284786
1286352
1288287
1288499
1290639
1291072
1292460
1292799
1293456
1294063
1294393
1296408
1297423
1298208
1299369
1300049
1300406
1304695
1305947
1306512
1307353
1307698
1307857
1308399
1308894
1311174
1311570
1312789
1312824
1314021
1314460
1316918
1317255
1317541
1317671
1318962
1319116
1319571
1320090
1320332
1321957
1322175
1322459
1322570
1323197
1323244
1325125
1325494
1326273
1326556
1328512
1328872
1330118
1330149
1331330
1333538
1335406
1336158
1337284
1338293
1338904
1340375
1343433
1345129
1345304
1346064
1346374
1346675
1347657
1348292
1348685
1349140
1349201
1349590
1351182
1351427
1351936
1352978
1353036
1353199
1354959
1357180
1357183
1357442
1358365
1359783
1361017
1361452
1362117
1362124
1362545
1363273
1363497
1363851
1364709
1365047
1365756
1367875
1368130
1369785
1369857
1370804
1371216
1371406
1374467
1375301
1376741
1378333
1379100
1379560
1381575
1383459
1383481
1384083
1384559
1384632
1385248
1385357
1386024
1386769
1386885
1387494
1388772
1388787
1389710
1389981
1390096
1394201
1394709
1395120
1395270
1395317
1395658
1396374
1396444
1397141
1399035
1399451
1399958
1401376
1401709
1403138
1406185
1406835
1407621
1408080
1408151
1408377
1408507
1408944
1410181
1412672
1412766
1413605
1414006
1415145
1415607
1416726
1416829
1417388
1417980
1418342
1418518
1418629
1420189
1422476
1422846
1423663
1425247
1425882
1426695
1427033
1427132
1427413
1427579
1428257
1429293
1429933
1431530
1432760
1433396
1436329
1436442
1436515
1436813
1437503
1437828
1438694
1438806
1439690
1439919
1440037
1442570
1443505
1444521
1444902
1445533
1445648
1446042
1446618
1446765
1447519
1447611
1448942
1449600
1450392
1450759
1450898
1451275
1451747
1451895
1452728
1454030
1454540
1454804
1454838
1455949
1456739
1456779
1456991
1457608
1458118
1459971
1461762
1463377
1464150
1465872
1466829
1466830
1467767
1468388
1468899
1469047
1469165
1469775
1471046
1472500
1472630
1472945
1473011
1473232
1473447
1473694
1478686
1479817
1480785
1481220
1482196
1482258
1482467
1483496
1483569
1484200
1484470
1486861
1488123
1488643
1490638
1490908
1491554
1492404
1494208
1494629
1496975
1497403
1498309
1498387
1498730
1499466
1501448
1502048
1502118
1502737
1505398
1506166
1506962
1506969
1509588
1509823
1510562
1511793
1513707
1515492
1515569
1515609
1516408
1516409
1517095
1517289
1517412
1517534
1518441
1518736
1519304
1521271
1521394
1523294
1524547
1528513
1528726
1529107
1530408
1531748
1532893
1534399
1536264
1536686
1537690
1538019
1538636
1540628
1540648
1541307
1542152
1542763
1542789
1543177
1544164
1544245
1545149
1545367
1545782
1546639
1546888
1547816
1548170
1548336
1550028
1550059
1552714
1553578
1554962
1554996
1556071
1557021
1557683
1558509
1559444
1559467
1559893
1559927
1560993
1562581
1564411
1564658
1564775
1564950
1565330
1566133
1568573
1569516
1569721
1570309
1570969
1572230
1572457
1573565
1575246
1577931
1578115
1578696
1579294
1581110
1581168
1581384
1582351
1582478
1583234
1584078
1584386
1585219
1587605
1588925
1590264
1590291
1591121
1591698
1591940
1592369
1592552
1594279
1594630
1594936
1596349
1596722
1597875
1598579
1599193
1599694
1599957
1600187
1600188
1600192
1600285
1600389
1601078
1601173
1601193
1601295
1601455
1603386
1604095
1604649
1604711
1606481
1606758
1606872
1607063
1608094
1608394
1608643
1609359
1609882
1610888
1612606
1613681
1613957
1614542
1616455
1616588
1617641
1617978
1618569
1619588
1619904
1620115
1620246
1620326
1621196
1622221
1622500
1623332
1623545
1624348
1624996
1625193
1625817
1627683
1628968
1629208
1630743
1631283
1632067
1633363
1635473
1635576
1636733
1639752
1640208
1642526
1645046
1645592
1646057
1646584
1646743
1647286
1647296
1650030
1650699
1651684
1651828
1654625
1654931
1655050
1655074
1655375
1655419
1657084
1657280
1658188
1658680
1659338
1659935
1661292
1661725
1662345
1663848
1664038
1664819
1665856
1666399
1666863
1671142
1672896
1673577
1675268
1676438
1676707
1678194
1678620
1680979
1682100
1683425
1683792
1683867
1684081
1686887
1688221
1689015
1689401
1691164
1693175
1695463
1696325
1696422
1696869
1698736
1698754
1700327
1700767
1701317
1701530
1701762
1701842
1701966
1703483
1703704
1704689
1705201
1705279
1706492
1706975
1707821
1708681
1711236
1711292
1715094
1716635
1717513
1717881
1717963
1719939
1720628
1721586
1722016
1722243
1723145
1725180
1725998
1728157
1728742
1728850
1732642
1732731
1734114
1734610
1734716
1735000
1735272
1737179
1737220
1738224
1738964
1740122
1740125
1741188
1741419
1741937
1741940
1742463
1743908
1745919
1747493
1747726
1748363
1748537
1749286
1750089
1750819
1751259
1751513
1753272
1757991
1759056
1759194
1759523
1759680
1762002
1762005
1762086
1763085
1763466
1764411
1765502
1766013
1766756
1766928
1768022
1768790
1769119
1769365
1770745
1770796
1771031
1771108
1772521
1773157
1773270
1774622
1777980
1778258
1778433
1780181
1781381
1781411
1782041
1782807
1784381
1785612
1786028
1789742
1789881
1790609
1791034
1791210
1792015
1792075
1792637
1793556
1794059
1797745
1798089
1799838
1800648
1802871
1802945
1803218
1804978
1805902
1806670
1808027
1809438
1810624
1811402
1812127
1812441
1812560
1813269
1814110
1815287
1815877
1816096
1816684
1819553
1820072
1820994
1821728
1822738
1823845
1825779
1825817
1825861
1826118
1826128
1827380
1828775
1830254
1831680
1832602
1833408
1833415
1833657
1835111
1835495
1836569
1837467
1837849
1840217
1840573
1840607
1841050
1841397
1843471
1843791
1843924
1844377
1845546
1845854
1847746
1848016
1848634
1851509
1852695
1852934
1856897
1857152
1858048
1858305
1858788
1861311
1861591
1863451
1865231
1865728
1865781
1866049
1866263
1869690
1869986
1870604
1871281
1871453
1871691
1872175
1873398
1873705
1873967
1874279
1875714
1877243
1879456
1880036
1880232
1880506
1881494
1882447
1883532
1883618
1884799
1885895
1885960
1887527
1890560
1890987
1891346
1892896
1894150
1896282
1896517
1896766
1897182
1898435
1899415
1899532
1899609
1901967
1902202
1902324
1903557
1903732
1904388
1904479
1904957
1905064
1905704
1906241
1906405
1907635
1907970
1908120
1909539
1909688
1910169
1911373
1911526
1911646
1911914
1911962
1912121
1912955
1914678
1914953
1914995
1915134
1915432
1916862
1916994
1917311
1917990
1919565
1920516
1921986
1922181
1922583
1923424
1923556
1923944
1925579
1927219
1927313
1927899
1928571
1930904
1931826
1934188
1936843
1937102
1938378
1939221
1943599
1944331
1944944
1945207
1945558
1946488
1947529
1948016
1948487
1949391
1949593
1949668
1952450
1955435
1957011
1957555
1958408
1959577
1962478
1962834
1963413
1963462
1963753
1965066
1966084
1966504
1969281
1970171
1970301
1970376
1972281
1973626
1973745
1973863
1976617
1977105
1977347
1977434
1977462
1979599
1983120
1984127
1984287
1984928
1986539
1987712
1989862
1991010
1991111
1991797
1992516
1992847
1994706
1995683
1995773
1996282
1996976
1997586
2001129
2002339
2003465
2004102
2006892
2007340
2007883
2008733
2008854
2009285
2009507
2012344
2013297
2013395
2014667
2015149
2015905
2019303
2019733
2019902
2021768
2022034
2022070
2022406
2023217
2027390
2027456
2029588
2029752
2030016
2030713
2031740
2031879
2033873
2034783
2034962
2035809
2036322
2037188
2037416
2037671
2037905
2038618
2040592
2041927
2043289
2044179
2044280
2044934
2045876
2048589
2048884
2049145
2049732
2049951
2052299
2052781
2052985
2054498
2054513
2054791
2056164
2057180
2058863
2058998
2060847
2061398
2061481
2064144
2064297
2065395
2065514
2066022
2066027
2067669
2067970
2069443
2069747
2070504
2070966
2071607
2071643
2072768
2073785
2074966
2077452
2078706
2079512
2080061
2080629
2081084
2081581
2082089
2083201
2084463
2084715
2086492
2087978
2088505
2089125
2090603
2090767
2091014
2093829
2094085
2094371
2094567
2094837
2094938
2095106
2095806
2095807
2098795
2100655
2102327
2102789
2103275
2103888
2105560
2106684
2108216
2110605
2110734
2110915
2113005
2113504
2114573
2115645
2118102
2118889
2119448
2121074
2121122
2121179
2121434
2121563
2122968
2123108
2125345
2126308
2126875
2127583
2127718
2129952
2131259
2131674
2132247
2135358
2135818
2136004
2136166
2136217
2139224
2139516
2140502
2140608
2140787
2141067
2141215
2141360
2141519
2142592
2143803
2144776
2146186
2147166
2148580
2149186
2149348
2150567
2152193
2152213
2152428
2153462
2153512
2153690
2154130
2155313
2155423
2157004
2158279
2162392
2162690
2162936
2163638
2164608
2165657
2166025
2166411
2166452
2166637
2167183
2167907
2169920
2172672
2172857
2173719
2174478
2177585
2178755
2179125
2180026
2181054
2181535
2181896
2184804
2187346
2187875
2189404
2193055
2193491
2193809
2194075
2195424
2196649
2196715
2197124
2197172
2198079
2198427
2199387
2199826
2199919
2200534
2200997
2202016
2202276
2203573
2204112
2205156
2205619
2206766
2208042
2209067
2212485
2212584
2212938
2213860
2214405
2215874
2216234
2216416
2217529
2219177
2220994
2222672
2222710
2224135
2228035
2229273
2233156
2233333
2233780
2233861
2236645
2237595
2238232
2239107
2239192
2241559
2243200
2244677
2245092
2245510
2245915
2246001
2246005
2246490
2248351
2248370
2250576
2253755
2254309
2255715
2257121
2258257
2259531
2262039
2262186
2262198
2263033
2263848
2264419
2264490
2265518
2266593
2267990
2268400
2268738
2271207
2271254
2271569
2271587
2272706
2275962
2276345
2277326
2278469
2279038
2281010
2281213
2281714
2281944
2282921
2286064
2286209
2287266
2289344
2289894
2289911
2291267
2291439
2292484
2292671
2292743
2293364
2293611
2296129
2297340
2300282
2300727
2301094
2301753
2302613
2303225
2303654
2304309
2306102
2306192
2306361
2307080
2307265
2307872
2308090
2308489
2308582
2308752
2309420
2313236
2316875
2317780
2318142
2319514
2319854
2320202
2320547
2320950
2321466
2322088
2322119
2322333
2322356
2323092
2323099
2324420
2325403
2325517
2325540
2326217
2328369
2329570
2330858
2333326
2333420
2334098
2335459
2336243
2336958
2338059
2339298
2339926
2340067
2341132
2342108
2342602
2342976
2343703
2343953
2344427
2345299
2345615
2346410
2346437
2346995
2347198
2347247
2347465
2348528
2349006
2353116
2353722
2354412
2356214
2357350
2358464
2358659
2359135
2359972
2360646
2360858
2361487
2362794
2363789
2367119
2369497
2369781
2370511
2371142
2371545
2371650
2372133
2372935
2373612
2373850
2373959
2374791
2375054
2375236
2375544
2376376
2377463
2377848
2378747
2380159
2383934
2384130
2385386
2386038
2388027
2388742
2390110
2391086
2392417
2393280
2393559
2396618
2397425
2397616
2399326
2404055
2404242
2405433
2405957
2406495
2407431
2407866
2408067
2408105
2409431
2409736
2410213
2411150
2412817
2413052
2413710
2415688
2415761
2416040
2417118
2417522
2417744
2418742
2421412
2424028
2425696
2425908
2426614
2427246
2428785
2432131
2434419
2437920
2439642
2440617
2441562
2443759
2445158
2447402
2447424
2447617
2448303
2449122
2449966
2451531
2451729
2451843
2451910
2452818
2452866
2453058
2455475
2456269
2456536
2456916
2457661
2458069
2460022
2462812
2465244
2467163
2467427
2467801
2469695
2472111
2472393
2473020
2475943
2477974
2478460
2478820
2479344
2480224
2480328
2480555
2480672
2484258
2484648
2486550
2488430
2489212
2489531
2490050
2490445
2491285
2491289
2492289
2492610
2492755
2493196
2493268
2493498
2493819
2494112
2494643
2496018
2496918
2497048
2498615
2498750
2500963
2503242
2505772
2506271
2506526
2507343
2508633
2509510
2510639
2510685
2514160
2516094
2516572
2518155
2519777
2520294
2523099
2524104
2524223
2524961
2526490
2528595
2530918
2531651
2532317
2533874
2534291
2535677
2535740
2536946
2537390
2538597
2539219
2539225
2539259
2539270
2541265
2542448
2542573
2543675
2550129
2550466
2551563
2552016
2552733
2553116
2553248
2554535
2556523
2556769
2558417
2558740
2560587
2560843
2560976
2562846
2563175
2563468
2566119
2567225
2569383
2570121
2572801
2573549
2576679
2577324
2578427
2578841
2580728
2580940
2581609
2581774
2582061
2583246
2583499
2583770
2583846
2587097
2587307
2588517
2589009
2590057
2592599
2593488
2594587
2597569
2599412
2601361
2601758
2607187
2608886
2609338
2610200
2610389
2610455
2610922
2610944
2611884
2612673
2612944
2613264
2613282
2613955
2614705
2614756
2614913
2614979
2616805
2617216
2617350
2618670
2619741
2621727
2621903
2622545
2625016
2625860
2627165
2628255
2629884
2630706
2632926
2633266
2633830
2634075
2634589
2635532
2635856
2636189
2636823
2637137
2638474
2638988
2638990
2639739
2639867
2642183
2642624
2642771
2644155
2644814
2645938
2646103
2647549
2647672
2650925
2652478
2652533
2654443
2655405
2656475
2656549
2657541
2660392
2660550
2661124
2662435
2662546
2665628
2665794
2667011
2668228
2672001
2672782
2673108
2673185
2673779
2674125
2674844
2675273
2675823
2678284
2680692
2680876
2682742
2682825
2683657
2686079
2686904
2687205
2687429
2687534
2687964
2689003
2689079
2689285
2689411
2689596
2690160
2691036
2691197
2691541
2693618
2693623
2697980
2697980
2699403
2700251
2700332
2703303
2704887
2704976
2704985
2705774
2705812
2710441
2713225
2713758
2714619
2715921
2716414
2716558
2716608
2717691
2717840
2717854
2718462
2719856
2720620
2720712
2721105
2722051
2723359
2724866
2725596
2727821
2727960
2728677
2728780
2729692
2730373
2731041
2732730
2736206
2739125
2740102
2742243
2742395
2746932
2747506
2748831
2749024
2749642
2750074
2751448
2752956
2752986
2754201
2755607
2755880
2755891
2759367
2759982
2760331
2761414
2762281
2762904
2762944
2765884
2766141
2766897
2768561
2769317
2769370
2770174
2772279
2772993
2773905
2774793
2775581
2776083
2776761
2777625
2778599
2778662
2779764
2780290
2780896
2783755
2784452
2790692
2791429
2792382
2793528
2793542
2794158
2794295
2799087
2799784
2802825
2803402
2803704
2808690
2809412
2809484
2810589
2811261
2812139
2813692
2813697
2815497
2815526
2815654
2815961
2816516
2816585
2816691
2817396
2818843
2820132
2821073
2821145
2821204
2826050
2826868
2827126
2827732
2829256
2829283
2830951
2831723
2832717
2833137
2834624
2835830
2836006
2836135
2836695
2836899
2837055
2838524
2839115
2840941
2841757
2842477
2842645
2847194
2847637
2848107
2850045
2850346
2850668
2850728
2851955
2852324
2852968
2854436
2858731
2859630
2859882
2860956
2860987
2863641
2864913
2865223
2866227
2867070
2867261
2867300
2867539
2867622
2867664
2872067
2873623
2873947
2874436
2874556
2874644
2874741
2875952
2876614
2876989
2877602
2877830
2879048
2880452
2881635
2882269
2883207
2883628
2885141
2885176
2887910
2888122
2888641
2889173
2889293
2889417
2893134
2893406
2893475
2894648
2895364
2896964
2897596
2898174
2898704
2901362
2901491
2901717
2902506
2903027
2903081
2903754
2903813
2903966
2904191
2904931
2906010
2906238
2906659
2906782
2907044
2911717
2912601
2913811
2913945
2914444
2915212
2915656
2916557
2916707
2917252
2918396
2919794
2920887
2921016
2921084
2921576
2921707
2925315
2925374
2926633
2926994
2927084
2927527
2927530
2927603
2928269
2928970
2932003
2932234
2933165
2933391
2933720
2933904
2935113
2935563
2936534
2937149
2937395
2938085
2940659
2941439
2941534
2942079
2942213
2942309
2942551
2945636
2946188
2946570
2947356
2947867
2948773
2949373
2949919
2950355
2950767
2950951
2951920
2952060
2952811
2954299
2954679
2955421
2957737
2958597
2958995
2959220
2961073
2961719
2965269
2965534
2965602
2967839
2968657
2969318
2969527
2970762
2970833
2972265
2972273
2972867
2973414
2974637
2975308
2975436
2976870
2977424
2977958
2978253
2979057
2980329
2983619
2983857
2984987
2985401
2986705
2987038
2987585
2988125
2989860
2990571
2991379
2993042
2993103
2993439
2994731
2995089
2995264
2995538
2997583
2998794
2998816
2999382
3001011
3001160
3002150
3002176
3002378
3002397
3002614
3003194
3003972
3004062
3004591
3004719
3006732
3006884
3009655
3010387
3010968
3012384
3013017
3014239
3015141
3017445
3018421
3018529
3018594
3020723
3020840
3021541
3022294
3023087
3025644
3026640
3029061
3029915
3030852
3031111
3031632
3031823
3033689
3033979
3034738
3036573
3037778
3038667
3040837
3041545
3041941
3043908
3045349
3045910
3047584
3049031
3053253
3054455
3058361
3060102
3060757
3061119
3061454
3061642
3062268
3062726
3062824
3063364
3064546
3064913
3067338
3068238
3069684
3070423
3071546
3071962
3072005
3076403
3077903
3079542
3079943
3080111
3080650
3082033
3083875
3086194
3086515
3086546
3089100
3089350
3090555
3091270
3091741
3093096
3094332
3094379
3096458
3097119
3097171
3097475
3098250
3099114
3099495
3100079
3100253
3101336
3102091
3102498
3102594
3104323
3104525
3104837
3105430
3105747
3105775
3106453
3106553
3107445
3107459
3108481
3109012
3111116
3111245
3111360
3112928
3113124
3113413
3113500
3113815
3113832
3115073
3117542
3117625
3117644
3118204
3118389
3119633
3119635
3120974
3122767
3122937
3123790
3127847
3128284
3128339
3128735
3129178
3132028
3132607
3133580
3133792
3134115
3135440
3137184
3139270
3139618
3139796
3139854
3140295
3140636
3141813
3142004
3142362
3142672
3143043
3143728
3144775
3145523
3145605
3147616
3148697
3148737
3149773
3151781
3152546
3152818
3153288
3154124
3154382
3154928
3155503
3155567
3155846
3155905
3156959
3157654
3158900
3160104
3160516
3160725
3161809
3163063
3164854
3165748
3166637
3167291
3167397
3168073
3168706
3168950
3169634
3170462
3171974
3172700
3172765
3173274
3173432
3176569
3176680
3176682
3176852
3177037
3178132
3178344
3178664
3179273
3180243
3181017
3181070
3181318
3184147
3184254
3184289
3184291
3184388
3185860
3185946
3186093
3186838
3187146
3187261
3189078
3191213
3191691
3191992
3192240
3193102
3194877
3195596
3196146
3196510
3196896
3199401
3199658
3201165
3201446
3202617
3203395
3203426
3203628
3203886
3205100
3208714
3208755
3209958
3210580
3211252
3215108
3215601
3216275
3216707
3218172
3218825
3219423
3219439
3219475
3220964
3221193
3223163
3224012
3227864
3228774
3229320
3231771
3232147
3233308
3233331
3233837
3233982
3236143
3236262
3237502
3237732
3237908
3238701
3238732
3239909
3240948
3241300
3241338
3242948
3244337
3244923
3245530
3246453
3247789
3247872
3248834
3248932
3249133
3249511
3249911
3252289
3252804
3253560
3254384
3254619
3254658
3254827
3255933
3258686
3258730
3260653
3263093
3263569
3263734
3264286
3264733
3267025
3267902
3268708
3268759
3269760
3270148
3270217
3273403
3275086
3278064
3278127
3278333
3278628
3282035
3282082
3283449
3283578
3284039
3284185
3284579
3284639
3287305
3287573
3287853
3288245
3290670
3290782
3290967
3291318
3292754
3292897
3293773
3294005
3295170
3295683
3295906
3296404
3296587
3297763
3299006
3299255
3299615
3301317
3303098
3303818
3304111
3304251
3307308
3308337
3308410
3309458
3310023
3310100
3310864
3311422
3311571
3311997
3313590
3313848
3315163
3315305
3315319
3315596
3316346
3317038
3317319
3317399
3317475
3319375
3322390
3323825
3324610
3324892
3329427
3330152
3330187
3332059
3332550
3332614
3333101
3333153
3335627
3335702
3335801
3336435
3337723
3340258
3340825
3341960
3342307
3344585
3345548
3347341
3347785
3349525
3350475
3351263
3352138
3356469
3357308
3357744
3358576
3360342
3360728
3360885
3361269
3363106
3363303
3363366
3363804
3363974
3364464
3364587
3369130
3371065
3371130
3371638
3373574
3374307
3376111
3376530
3377567
3380737
3381462
3381747
3381872
3385441
3385969
3387371
3387777
3388349
3389698
3389874
3390315
3392090
3393767
3394446
3398622
3400373
3400664
3402708
3402766
3404146
3405995
3406012
3407074
3408406
3409113
3410452
3410459
3411358
3411739
3411905
3411972
3412202
3413269
3414792
3416525
3417541
3418009
3420274
3422007
3422408
3422707
3423164
3424028
3425546
3426542
3427412
3428630
3430009
3430564
3431174
3431665
3432835
3433020
3433584
3433997
3434580
3435748
3436136
3436983
3438416
3438682
3438786
3439083
3440493
3443623
3444154
3444161
3444955
3446453
3446773
3447145
3448051
3448322
3448959
3449444
3449556
3450023
3451284
3452851
3454690
3455925
3459701
3460835
3461132
3461578
3463343
3463424
3464103
3465242
3466057
3466315
3467712
3469824
3472285
3472291
3472982
3474283
3475122
3476692
3480865
3481463
3483021
3484255
3486209
3487580
3490478
3490822
3491722
3495215
3495313
3495749
3496485
3496939
3498285
3498573
3498719
3498815
3498963
3500252
3501113
3501215
3502178
3502670
3502839
3502890
3503009
3503436
3504212
3504758
3504789
3505132
3505971
3508830
3509390
3509433
3511104
3511634
3511985
3512752
3514179
3514206
3514239
3514445
3515557
3515783
3517685
3518390
3518740
3519554
3521190
3522310
3523365
3523832
3525305
3525676
3526808
3528014
3528102
3532337
3533211
3535739
3536035
3536416
3537392
3537892
3538378
3544763
3545331
3545703
3546347
3546641
3547074
3547889
3548579
3549053
3550102
3550886
3551477
3551709
3552004
3553057
3553181
3555055
3557734
3559328
3559851
3562586
3563376
3563441
3563543
3565063
3567866
3571156
3571827
3575939
3576057
3576212
3578952
3581587
3581817
3582070
3582728
3582837
3583429
3584732
3585265
3585532
3585930
3586516
3586648
3587007
3589518
3589594
3590147
3590511
3591987
3593753
3595684
3596072
3596265
3596706
3596849
3597453
3597737
3598236
3600078
3601943
3604668
3605097
3605426
3605498
3606245
3607118
3608015
3609576
3611605
3612202
3613207
3613233
3613355
3613790
3614747
3619940
3620215
3620603
3620804
3620859
3621056
3622009
3622708
3622903
3623884
3624692
3624927
3625251
3628588
3629616
3631471
3634978
3635399
3636083
3636462
3637401
3637833
3638032
3638692
3640335
3640570
3641195
3641306
3642564
3642633
3643660
3643827
3643984
3643992
3644598
3645063
3646707
3648624
3648924
3649548
3650666
3651674
3653156
3654088
3654482
3654625
3655629
3655725
3656269
3656715
3656836
3656852
3659565
3660628
3661084
3661707
3661850
3661972
3661992
3662627
3663374
3663535
3664054
3664105
3667465
3667525
3668716
3669197
3670241
3670607
3672909
3674878
3676182
3677065
3677630
3678695
3680447
3682904
3682998
3683272
3683387
3686379
3687028
3687397
3687569
3688481
3688785
3689716
3691986
3692576
3692893
3693511
3694577
3696783
3696939
3698167
3698451
3699191
3699741
3701650
3702514
3704371
3705041
3705739
3707235
3708591
3709648
3710898
3711486
3712304
3714276
3715643
3716196
3716567
3716879
3717124
3719079
3719297
3720008
3721984
3724783
3725185
3725632
3726218
3728223
3728618
3728835
3729215
3729784
3730606
3732118
3732719
3732762
3733218
3734044
3734347
3734506
3735715
3736360
3736704
3738370
3738556
3738595
3738783
3739338
3739559
3740735
3741371
3745170
3747215
3749027
3749280
3749326
3749923
3749957
3753016
3753343
3755325
3755976
3757611
3758048
3758190
3759411
3760441
3760491
3760920
3762786
3764771
3765526
3766024
3766564
3766830
3770251
3770537
3772836
3775307
3780130
3780407
3781866
3781981
3782138
3786307
3786722
3789416
3789904
3792417
3793365
3794397
3795246
3798216
3798957
3800769
3800946
3801267
3801941
3802422
3802778
3803056
3805004
3805661
3805684
3806148
3806589
3807386
3808136
3808838
3809355
3811276
3811333
3814402
3814727
3815179
3816115
3817106
3817444
3818790
3818973
3819320
3819663
3819729
3819880
3821107
3821116
3821676
3822272
3823854
3826569
3828842
3829617
3830988
3832452
3836738
3838213
3839577
3840343
3840527
3840598
3842107
3843387
3845232
3845546
3845864
3846499
3846726
3847838
3848377
3851409
3852270
3852293
3852691
3852819
3853813
3853915
3856450
3856680
3857745
3858529
3858867
3859473
3859856
3860547
3860632
3861813
3863919
3864032
3864926
3867851
3868045
3868653
3869475
3869797
3870780
3871356
3871375
3871735
3872413
3873306
3874605
3875533
3880650
3880702
3880941
3881798
3882275
3882280
3882669
3882874
3884481
3887293
3887396
3889985
3891165
3891377
3891564
3896893
3897314
3900808
3902612
3902735
3902978
3903086
3906552
3906627
3906949
3907186
3907670
3908489
3909105
3910708
3910816
3912221
3912411
3912420
3912502
3913507
3914565
3916544
3916860
3917599
3919959
3920627
3920844
3921184
3927208
3927264
3927421
3928782
3929176
3929988
3930114
3931177
3932093
3933331
3934068
3934127
3934186
3934390
3934649
3938198
3939124
3939724
3941664
3942723
3944635
3945110
3945501
3947959
3948284
3948586
3951331
3953579
3954154
3954261
3954383
3954931
3955057
3955067
3958090
3958919
3959343
3960026
3960699
3960863
3961047
3961555
3961795
3962395
3963029
3964490
3964932
3965313
3965992
3967351
3970419
3970998
3971285
3972523
3972897
3974870
3975336
3976306
3977060
3978413
3978476
3978812
3979216
3979295
3980818
3981003
3984021
3985164
3986597
3986884
3986928
3987047
3988855
3989308
3991442
3992813
3993942
3994271
3994794
3994852
3995072
3995802
3996230
3996264
3996455
3997012
3997099
3997184
3997227
3997473
3998210
4000262
4000659
4001223
4001523
4002099
4002251
4003119
4003629
4004562
4006325
4007488
4007840
4009038
4009797
4009960
4010603
4013836
4014556
4015891
4016301
4016433
4016441
4017458
4017923
4018421
4019038
4019978
4020513
4020643
4022110
4022177
4022489
4022567
4022756
4023344
4025129
4026034
4027265
4027710
4028649
4029229
4029311
4029723
4029785
4032552
4033370
4034699
4034761
4035013
4036060
4036508
4037984
4038093
4038374
4039052
4039261
4041356
4041805
4041926
4043454
4044739
4045545
4049637
4050843
4051587
4052379
4053165
4053336
4056436
4057199
4058392
4058654
4061493
4061500
4061987
4062189
4063395
4065327
4066043
4066291
4066952
4068330
4069000
4069216
4076030
4076915
4078086
4080427
4080842
4082549
4082921
4089311
4095321
4096333
4097817
4097933
4098092
4098432
4099072
4100621
4102256
4102402
4104822
4105303
4105416
4105750
4105873
4106556
4108323
4110812
4111071
4113953
4114595
4114707
4115295
4116068
4117068
4117803
4117831
4117836
4118156
4119284
4120499
4122271
4122494
4122931
4123547
4124169
4124407
4124989
4125840
4126203
4126355
4126968
4127431
4127902
4128199
4128407
4128503
4130026
4130150
4130671
4130783
4130858
4130977
4131780
4131893
4132083
4132302
4133478
4133898
4137353
4138732
4139985
4140467
4140757
4141530
4142197
4142573
4143180
4144654
4145160
4145162
4145479
4146310
4146586
4147756
4147896
4149656
4149695
4149904
4150126
4151575
4151687
4153903
4154831
4155412
4156430
4157221
4157827
4158998
4161087
4161207
4161262
4162230
4162462
4164164
4164498
4166357
4166650
4166712
4167193
4167477
4167789
4170080
4170599
4170923
4171454
4173220
4173589
4173618
4173685
4174002
4175524
4175531
4175923
4177385
4178353
4178754
4180147
4180242
4180673
4183066
4185188
4186891
4186958
4188318
4188385
4188413
4189236
4189904
4190269
4191524
4192204
4192277
4193657
4197663
4197806
4197988
4198336
4198580
4198625
4199243
4199356
4199651
4200232
4201339
4201982
4204172
4204672
4205232
4206989
4207017
4207880
4212686
4213218
4213591
4213750
4214663
4215749
4216038
4216077
4217168
4217386
4220325
4221462
4224924
4226125
4226375
4226516
4226696
4227652
4228183
4228238
4228721
4230752
4230868
4231681
4232257
4232845
4233160
4233189
4235121
4236594
4236969
4237296
4241302
4242431
4243181
4243352
4244876
4245069
4245345
4245629
4246960
4248773
4248846
4250751
4252393
4253575
4253973
4255977
4256116
4259564
4259728
4259956
4260355
4260583
4262044
4262329
4263420
4264256
4264922
4265657
4266200
4266619
4268254
4268854
4269980
4270098
4272521
4273193
4273845
4274219
4274485
4275097
4275374
4275685
4275750
4275951
4277985
4278314
4283838
4283979
4284080
4284154
4284312
4284525
4285254
4285344
4286133
4287109
4287262
4287360
4289047
4289599
4290496
4290937
4293046
4293131
4294444
4296242
4297245
4298983
4299008
4300285
4300713
4303810
4304887
4305359
4306089
4306464
4307377
4307522
4308046
4308314
4308806
4310583
4313419
4313511
4315987
4320787
4320906
4322126
4324193
4324610
4328328
4330514
4330922
4330978
4331249
4331443
4332273
4332688
4334620
4337757
4337797
4338775
4339321
4340103
4340370
4342069
4342404
4344180
4345049
4346750
4348547
4349662
4352588
4352768
4353246
4353783
4355842
4356922
4357051
4357433
4358448
4360026
4360451
4361387
4361870
4363156
4363738
4363739
4364182
4366063
4367511
4369628
4369667
4370342
4370577
4370906
4372380
4372578
4372914
4373685
4373803
4377668
4379407
4379409
4379634
4383475
4384261
4385311
4385719
4386440
4387677
4387940
4388998
4389499
4392443
4393168
4394811
4394947
4395194
4395310
4395817
4399389
4400254
4401636
4402470
4402492
4402997
4403661
4404480
4405272
4405873
4407216
4410249
4411165
4413537
4414590
4416273
4416761
4418508
4418881
4419135
4420068
4422583
4423199
4423224
4424722
4425942
4426541
4426568
4426655
4427020
4428213
4429322
4429736
4430326
4430524
4432174
4433994
4434328
4436585
4436964
4437029
4438360
4438788
4439516
4440950
4441130
4442192
4443960
4445045
4445659
4446501
4446873
4448097
4448908
4449700
4449934
4450092
4450270
4450958
4451007
4451798
4453354
4453913
4455351
4456090
4456587
4457252
4457409
4458233
4458718
4459112
4460112
4461610
4462131
4462310
4463055
4463912
4465182
4467606
4468144
4468196
4469050
4469365
4469438
4469936
4470799
4472483
4472678
4475073
4475420
4478008
4478949
4479640
4479715
4480183
4480582
4482332
4482515
4483173
4484339
4485000
4485511
4488490
4490661
4491376
4494470
4497576
4498211
4498514
4500419
4500876
4501397
4502192
4502250
4502835
4508072
4509620
4509737
4510289
4510428
4511011
4511124
4512502
4515617
4516638
4517559
4519552
4519651
4519831
4520126
4520674
4521301
4521393
4521645
4521802
4522625
4524411
4524685
4525001
4525144
4525921
4527192
4528513
4528961
4529138
4529942
4530317
4531036
4532756
4534407
4538048
4538777
4539827
4540008
4540245
4540246
4540679
4540697
4541734
4541791
4542014
4542194
4542220
4543963
4545110
4545166
4545507
4546567
4546652
4547493
4548702
4548729
4548797
4550403
4550752
4552347
4552930
4553090
4553692
4555799
4557375
4557481
4558238
4558240
4558741
4559589
4562142
4562503
4562717
4563957
4564880
4564984
4565457
4566829
4567548
4567608
4568145
4568331
4568946
4569086
4569147
4571426
4571973
4572109
4572686
4574760
4575675
4575912
4579028
4579242
4581462
4581620
4582545
4583199
4584001
4584723
4584788
4585603
4586746
4588598
4589900
4590513
4590571
4592330
4592668
4593492
4595505
4595979
4596749
4597756
4597982
4598572
4598585
4598617
4598623
4599980
4601259
4601645
4604052
4604338
4604573
4605460
4606858
4607360
4607412
4610183
4612444
4613445
4614408
4615188
4616598
4619271
4619488
4620735
4622408
4622972
4623750
4623900
4624571
4626049
4626499
4627131
4627301
4627535
4630966
4631123
4631942
4633448
4633899
4634585
4635159
4635783
4635932
4638173
4638293
4639425
4640510
4640991
4644247
4645190
4645573
4646224
4647685
4648406
4648409
4649963
4650112
4650242
4652189
4654546
4655571
4655653
4658159
4659694
4662314
4664068
4664618
4665565
4666064
4666494
4666707
4667258
4667565
4668267
4670625
4670948
4672420
4675147
4676241
4676265
4676703
4677561
4677928
4678268
4678805
4679015
4680302
4680824
4681098
4681606
4681618
4682858
4685388
4687339
4688938
4688992
4689384
4690545
4691086
4691123
4691894
4692180
4693137
4693388
4694697
4696015
4696621
4697156
4697931
4698174
4698609
4698764
4698939
4699636
4704703
4705688
4706379
4707356
4707908
4709479
4711014
4712750
4713744
4713903
4715030
4715261
4716539
4717581
4719995
4720284
4720517
4722176
4722868
4723270
4723742
4724189
4725346
4726814
4727066
4728119
4728222
4728801
4728899
4729962
4731185
4732118
4733339
4734988
4735184
4737192
4737647
4737696
4740398
4740656
4740876
4741015
4741677
4741802
4743004
4743963
4745581
4746094
4746624
4746760
4746771
4748557
4748857
4749180
4749544
4750672
4751253
4752378
4752725
4753581
4755075
4755595
4756410
4757138
4757271
4759931
4761236
4762595
4764251
4764272
4764387
4764504
4766013
4766475
4766562
4767667
4767695
4768549
4770271
4770317
4770356
4771208
4771479
4773977
4775025
4775753
4775802
4776117
4776154
4776194
4778612
4782601
4786388
4786748
4787338
4789027
4789278
4794645
4795181
4796238
4796301
4797842
4798795
4799843
4801513
4801918
4801929
4803945
4806199
4807975
4812239
4814127
4815762
4817295
4817802
4819017
4819238
4819251
4821194
4822848
4823418
4824083
4824121
4824133
4824778
4824933
4826165
4826180
4826926
4827898
4827917
4829626
4831468
4833035
4833895
4834330
4837629
4838042
4838638
4840642
4840862
4841314
4842221
4842361
4842419
4844688
4844947
4845003
4845235
4846177
4848217
4848983
4850261
4850264
4851113
4852024
4852405
4856754
4857319
4857423
4859497
4861198
4861570
4862327
4863135
4863464
4864418
4865168
4867403
4867613
4868156
4868461
4870478
4871711
4872907
4873016
4873300
4873616
4875626
4875810
4876583
4877592
4878497
4879236
4879448
4883155
4883934
4887785
4888098
4888554
4888825
4889519
4889564
4891644
4892269
4892700
4892991
4894549
4894552
4895622
4895796
4896337
4896574
4897413
4897563
4897837
4898449
4898587
4901756
4902697
4903754
4904147
4904282
4904393
4906859
4907184
4907312
4907318
4907679
4908579
4909207
4909456
4910501
4910732
4911113
4911251
4912398
4912581
4912967
4913890
4914682
4916403
4917560
4918260
4919158
4920067
4920590
4922479
4922511
4926336
4926641
4927531
4928088
4928328
4931542
4931608
4931984
4933082
4933753
4933915
4934071
4934857
4935571
4935723
4935874
4936274
4936589
4938757
4940566
4942135
4942414
4942690
4943274
4943743
4948093
4950293
4951131
4951776
4952177
4953817
4953829
4954184
4954490
4956111
4957027
4957294
4957932
4957963
4960237
4961375
4961824
4964057
4964529
4965083
4965635
4965742
4965815
4967004
4967121
4967349
4968149
4971735
4972519
4974477
4974802
4975042
4975623
4975734
4975856
4976139
4980576
4982214
4983069
4983142
4983869
4985561
4985678
4986908
4987485
4987637
4988019
4989003
4989402
4989508
4989973
4989977
4990449
4990680
4990759
4990840
4992090
4993840
4994756
4995253
4996659
4997491
4998813
4998823
4998869
4999125
4999519
5005570
5005949
5006434
5007388
5008215
5009559
5011504
5012459
5013636
5013747
5014933
5016246
5020960
5021308
5021524
5022557
5023305
5024670
5026296
5027152
5028179
5028499
5028537
5028565
5029859
5031020
5031842
5035258
5037633
5037667
5039177
5039488
5039526
5039581
5041211
5041483
5041537
5041833
5042544
5042599
5042982
5043003
5043793
5044615
5046813
5047852
5048380
5051543
5052408
5053037
5053771
5054750
5055600
5055862
5056016
5056097
5056426
5056745
5056850
5058502
5060036
5061806
5063583
5067104
5069397
5073277
5073474
5073721
5074301
5074656
5075201
5076051
5076455
5076508
5076677
5076989
5078064
5079802
5080577
5081594
5082297
5083490
5083933
5084250
5084327
5085437
5088019
5089133
5089800
5089947
5090155
5091150
5091752
5092533
5092692
5094424
5095501
5095517
5096272
5097947
5098018
5098511
5099111
5099753
5099929
5101677
5101732
5101779
5102505
5102931
5103408
5103650
5103754
5103789
5104285
5104484
5104974
5105429
5105788
5106412
5107059
5107342
5108336
5108359
5109581
5110070
5110417
5110946
5111486
5112383
5113242
5114815
5116964
5118020
5118795
5119155
5119313
5119487
5123413
5125438
5126055
5126990
5127418
5128732
5129078
5129742
5130878
5131614
5131753
5131755
5132109
5132641
5134747
5135427
5137743
5137848
5139414
5139674
5141214
5141697
5141958
5142080
5142158
5142607
5142963
5144217
5145252
5146133
5146516
5149845
5151023
5151244
5152007
5153128
5153612
5153963
5154438
5154783
5155177
5155482
5156053
5156816
5157297
5158283
5158370
5159040
5160582
5161745
5164445
5164552
5164759
5165556
5165949
5167094
5168039
5168042
5169207
5170053
5170473
5171155
5172218
5172223
5172285
5172335
5172857
5173569
5173939
5175860
5180461
5181378
5182234
5182779
5183618
5183796
5184327
5184945
5186612
5187059
5187729
5188490
5189966
5191217
5191262
5191990
5193098
5194369
5194794
5195363
5195717
5195985
5197741
5198085
5200209
5200912
5203414
5203577
5203858
5206137
5206354
5206610
5206775
5207137
5207706
5208243
5208627
5208701
5209050
5209184
5209325
5209500
5212210
5212856
5214083
5214672
5215386
5218553
5218844
5219269
5219999
5220583
5223061
5223835
5224994
5225016
5228064
5229771
5230335
5230758
5231549
5232897
5233041
5233237
5233327
5233466
5233977
5236240
5237059
5237065
5238178
5239610
5239857
5240160
5240729
5241492
5241784
5245624
5246449
5246749
5248289
5249395
5250299
5251194
5252088
5253552
5254815
5255293
5255384
5255866
5258090
5258327
5258466
5258559
5260227
5260511
5260666
5261192
5261664
5265470
5266577
5268420
5268529
5269006
5269158
5269648
5270031
5270405
5271896
5272202
5272828
5273063
5273291
5273788
5274614
5274635
5275483
5275798
5276525
5276696
5277386
5279298
5280222
5280723
5281029
5281247
5283336
5284613
5284753
5285388
5285863
5286176
5286884
5288323
5289100
5290454
5291272
5291464
5291849
5292227
5294620
5295455
5296775
5296798
5296841
5296981
5297675
5298114
5298116
5298388
5299018
5299379
5301184
5302759
5304528
5305938
5307670
5308740
5309405
5309943
5312038
5313398
5313439
5313803
5313854
5314822
5315323
5317986
5318061
5318072
5318837
5318954
5320534
5320895
5321191
5321607
5322216
5322433
5323045
5324295
5327401
5328779
5329595
5330244
5330285
5331858
5333354
5334514
5335931
5336110
5337329
5338384
5338420
5339552
5340772
5342571
5343268
5343923
5344036
5345160
5346080
5348012
5349247
5349690
5349755
5351117
5351719
5351768
5352722
5352867
5353099
5354225
5355139
5358810
5358822
5360279
5361363
5363123
5363761
5364027
5365189
5365539
5365553
5366103
5369005
5369802
5371138
5372130
5372346
5373083
5374035
5376159
5377290
5379435
5379500
5380811
5381464
5382468
5382528
5382592
5383009
5383111
5385290
5385602
5385757
5385986
5386008
5386112
5386391
5388651
5390777
5392138
5393217
5393543
5393977
5394251
5394306
5395693
5396691
5396985
5397919
5398355
5400978
5401515
5401745
5403007
5403357
5404077
5405525
5407128
5407499
5408305
5408436
5409575
5409686
5410512
5411731
5415901
5417146
5417784
5418336
5419589
5421550
5421920
5423336
5423458
5424239
5426451
5426885
5427284
5427369
5427436
5427555
5430291
5432057
5432661
5432874
5434110
5434884
5437350
5437353
5438012
5438773
5439607
5439784
5440014
5440144
5442965
5443133
5445840
5447238
5447452
5447871
5448360
5448689
5448854
5449050
5450143
5452598
5453260
5453306
5454301
5455280
5455703
5456118
5456215
5457638
5457751
5458151
5458695
5459224
5459882
5461554
5462499
5463852
5465120
5465678
5465947
5466952
5468338
5468490
5468629
5470784
5470966
5471546
5471885
5471894
5473820
5474242
5474755
5476705
5477444
5478478
5478756
5478974
5479394
5480047
5482447
5482596
5484362
5484713
5485254
5485508
5486383
5487437
5488386
5489960
5490819
5490950
5492223
5492228
5493125
5493637
5493757
5493809
5494693
5497097
5497359
5498391
5498494
5499948
5500451
5501576
5501637
5503705
5504188
5506583
5508270
5509773
5511231
5512257
5512858
5512892
5513415
5513665
5515894
5518197
5519180
5520600
5521385
5521716
5522909
5523623
5523691
5524684
5525475
5526970
5527108
5527730
5528593
5529209
5530192
5531454
5533422
5536369
5538054
5538332
5538442
5539149
5539438
5540175
5540288
5540891
5543038
5543250
5543291
5544386
5544747
5545429
5546627
5547135
5547301
5547827
5549323
5549484
5550251
5550780
5551804
5552155
5552262
5552480
5553474
5553552
5554530
5554987
5555759
5558074
5558921
5560244
5561126
5561313
5562155
5563944
5564207
5565970
5566168
5566728
5569327
5569340
5569438
5569871
5570096
5571362
5573052
5573574
5575456
5575483
5575846
5576008
5576445
5578960
5580260
5580809
5582493
5583186
5583365
5584492
5585114
5585169
5586190
5586318
5586507
5586544
5587236
5588925
5590345
5590651
5591823
5592349
5593591
5594038
5594503
5595434
5595436
5598417
5599006
5599718
5600850
5601553
5601636
5603312
5604719
5606006
5607385
5607601
5607698
5608370
5611356
5613293
5613983
5614097
5614712
5614812
5615632
5615794
5616247
5616314
5618599
5619219
5621319
5622931
5624256
5627606
5628076
5629081
5629218
5630014
5630437
5630688
5631597
5632832
5632849
5634614
5636661
5638305
5639356
5642556
5642626
5644222
5645163
5645481
5645581
5646272
5647059
5648126
5648599
5649698
5649710
5653076
5653770
5654513
5654686
5655453
5657383
5658175
5659401
5659497
5660656
5661449
5662732
5663232
5663412
5664086
5664390
5665568
5665654
5665848
5669234
5669265
5669745
5670267
5673011
5673115
5673171
5673596
5673854
5673957
5674510
5675943
5675947
5676307
5677149
5678339
5679073
5679803
5679880
5680069
5681528
5682307
5684053
5685231
5685473
5685673
5686136
5686472
5688189
5689331
5689632
5690438
5691222
5691711
5691771
5693327
5693725
5694364
5695134
5698598
5699058
5700204
5700362
5701677
5702883
5703441
5704085
5705479
5705920
5706272
5706324
5707805
5708218
5708831
5710082
5713423
5713518
5714102
5715924
5716270
5716948
5719240
5719332
5719766
5720189
5721021
5722043
5722115
5722828
5723192
5724176
5725286
5726493
5726991
5729136
5729747
5730324
5731293
5732480
5733613
5734630
5735348
5736783
5736931
5737779
5738301
5738745
5738892
5739022
5739798
5739832
5740614
5741304
5743165
5743363
5744020
5744434
5744756
5747217
5750228
5752859
5754363
5754864
5756061
5756440
5757579
5757974
5759579
5761681
5762811
5762816
5765039
5765825
5767416
5768799
5770117
5771532
5773577
5775317
5775728
5776018
5776707
5776786
5778508
5778764
5779397
5779555
5780219
5781485
5782186
5782567
5782616
5782773
5783479
5784420
5785089
5785534
5787045
5787726
5787939
5788727
5789813
5791633
5791803
5791959
5792857
5793125
5795537
5795852
5797450
5797513
5798313
5799667
5800297
5800643
5801304
5801322
5803511
5806308
5806490
5806582
5808695
5809388
5810709
5810803
5811469
5811724
5813057
5813897
5815575
5817723
5818300
5819251
5819507
5820665
5821492
5824275
5824354
5824950
5826727
5828462
5830026
5831658
5831763
5832383
5833407
5834541
5836049
5837620
5837741
5838398
5838715
5839300
5839967
5840920
5841210
5841336
5841497
5841999
5842215
5843282
5843385
5845283
5846442
5846811
5847732
5849293
5849839
5852927
5855043
5856600
5857339
5857611
5857799
5858738
5860003
5860567
5862908
5863352
5864374
5864657
5864711
5864907
5867901
5869548
5869552
5869580
5869829
5870779
5871312
5872036
5873195
5873706
5873764
5874205
5875912
5877543
5878302
5879276
5880608
5880613
5881346
5881444
5882156
5882493
5882534
5883581
5888498
5888704
5889018
5890034
5891204
5892298
5892873
5893064
5893262
5894267
5895706
5898824
5899543
5900326
5901300
5902696
5907161
5908196
5908318
5908539
5909136
5910604
5912289
5912305
5912579
5912989
5913533
5917502
5917539
5917987
5918345
5919448
5921686
5922369
5923913
5925683
5926293
5927817
5928111
5928441
5928471
5929217
5931426
5931726
5931858
5934366
5935113
5935581
5937132
5938162
5939485
5940124
5940455
5941133
5941350
5942054
5943218
5943484
5944452
5944601
5944701
5944832
5945851
5946048
5946138
5946556
5947051
5947060
5947441
5948876
5949248
5949432
5951647
5952219
5953705
5954180
5957393
5958389
5959009
5960400
5961227
5961364
5961550
5963253
5964234
5964628
5965420
5966020
5966282
5967267
5967539
5968255
5970024
5970531
5971090
5971457
5973721
5974984
5975723
5977778
5977929
5978162
5978778
5980504
5981046
5981327
5984194
5984776
5985087
5985940
5986471
5986641
5988088
5988127
5988690
5988702
5989043
5990046
5990130
5990180
5990294
5990619
5993550
5993981
5995195
5996552
5998376
5998558
5998581
5999662
5999922
6000398
6000768
6003159
6004134
6004575
6005326
6006058
6007858
6007997
6008357
6008760
6008868
6009068
6009103
6010153
6010323
6011263
6011520
6011919
6014040
6014125
6018084
6018362
6019233
6020960
6021319
6021457
6022797
6024709
6027150
6027341
6027525
6029198
6030192
6031065
6034832
6035646
6036351
6036763
6037475
6038268
6038434
6040702
6046984
6049529
6050323
6050792
6050885
6050931
6051818
6052331
6052472
6052795
6053417
6055322
6057484
6058451
6058454
6058531
6058609
6060750
6061493
6061918
6062186
6063193
6063740
6063809
6064154
6064308
6065117
6065839
6066306
6066976
6066988
6067004
6069697
6070144
6073066
6073100
6076348
6077581
6077844
6080301
6082713
6082730
6084877
6085156
6086399
6086684
6086795
6087977
6088542
6088958
6089710
6089956
6090057
6090171
6090547
6092230
6092565
6094795
6095214
6096260
6096425
6097978
6099217
6099693
6100631
6101682
6102183
6102333
6102602
6102986
6104847
6105609
6106191
6106544
6107404
6108416
6108526
6109754
6109838
6110327
6110781
6113113
6113327
6115139
6117024
6118054
6118177
6119414
6120206
6120577
6123135
6123360
6123615
6124276
6125278
6125778
6128162
6128483
6128988
6129210
6129396
6130594
6131656
6132588
6133830
6133902
6135080
6135244
6135263
6137636
6137648
6137906
6138292
6138316
6138448
6138521
6138803
6139388
6139864
6140235
6140413
6140962
6141714
6142796
6142878
6145692
6145994
6146988
6147094
6147894
6148959
6151220
6153491
6153867
6154479
6155186
6155253
6156496
6156621
6157456
6157651
6157709
6158316
6160436
6160958
6161148
6164496
6165835
6166957
6167215
6168805
6170586
6170695
6170950
6171616
6172989
6175054
6175940
6176124
6176883
6177337
6177428
6178448
6178508
6180683
6180948
6181634
6184470
6185788
6191369
6191882
6194852
6195864
6197199
6198526
6201366
6202940
6203820
6204542
6204557
6206126
6206845
6207500
6208025
6208563
6208798
6210378
6210488
6211455
6212016
6214379
6214562
6215862
6216150
6216328
6216379
6217189
6218907
6219461
6219462
6219628
6220729
6220794
6221587
6222204
6224712
6225323
6225851
6226295
6226759
6226764
6227815
6228598
6233447
6234057
6234288
6235011
6236236
6239012
6239312
6239329
6240272
6240404
6240726
6241383
6243147
6243628
6244934
6246156
6247746
6247926
6247988
6249105
6249246
6249248
6249517
6249862
6250854
6250936
6251143
6251420
6252483
6252501
6252516
6254137
6254143
6254975
6255041
6256376
6257400
6258380
6258787
6259098
6262934
6263297
6264413
6269130
6269275
6269482
6269969
6272483
6274106
6275343
6276115
6277208
6277455
6278632
6278894
6279113
6279227
6281209
6281277
6282069
6284037
6287961
6288223
6288358
6290417
6291603
6295762
6297228
6297881
6299667
6302629
6303892
6304461
6304985
6306487
6308049
6308347
6308939
6309028
6309402
6309414
6309536
6310482
6310772
6312717
6313594
6313997
6314010
6314537
6314836
6318736
6319057
6319131
6320668
6320686
6320803
6322429
6322592
6323051
6325339
6326034
6326118
6326189
6326734
6329005
6330469
6331126
6331228
6331464
6335239
6335740
6335871
6337190
6337772
6338074
6338433
6338556
6339098
6339229
6340697
6341762
6343241
6344002
6344178
6345277
6345751
6346388
6346413
6348692
6349117
6349960
6350465
6350711
6351205
6351641
6352641
6353039
6353285
6353352
6353697
6354600
6354939
6355587
6357182
6358129
6359486
6360596
6362077
6362294
6363281
6363854
6364621
6365431
6366253
6366283
6366378
6367473
6369756
6371004
6371589
6372563
6376234
6376584
6378739
6378768
6380379
6381707
6382437
6382532
6382939
6384635
6384651
6385754
6385944
6386367
6386574
6389836
6392454
6394676
6396316
6398172
6399043
6399083
6399115
6404627
6405716
6406060
6406194
6406831
6407176
6407559
6408050
6409775
6411256
6412771
6413186
6414007
6414669
6416039
6416637
6416752
6416765
6419732
6420333
6420550
6421399
6421432
6421442
6427150
6427641
6427682
6428907
6429208
6429380
6429396
6429430
6429774
6430064
6430578
6430656
6431003
6433189
6433497
6434729
6435877
6436927
6437730
6438133
6438149
6439007
6441433
6441723
6442226
6442232
6442904
6443233
6444677
6445283
6445807
6447075
6450442
6453341
6453944
6456845
6457136
6458551
6459522
6460823
6461565
6462005
6462231
6462350
6465054
6465627
6466804
6467751
6468280
6468755
6469994
6470159
6470494
6470601
6471819
6472515
6472778
6472860
6473257
6474429
6474478
6475682
6476900
6477417
6479090
6479694
6481247
6481878
6482425
6484039
6484239
6486734
6486907
6488713
6489978
6489978
6490572
6490704
6490913
6491820
6492613
6493657
6494651
6494765
6495469
6495653
6496013
6496059
6496482
6497984
6498616
6499252
6499256
6499539
6500437
6503070
6503177
6503197
6503600
6504277
6505417
6506314
6506493
6507268
6507341
6507569
6508130
6510122
6510260
6510874
6511123
6511359
6513145
6513884
6513922
6516232
6517355
6518294
6518469
6518913
6519717
6520162
6520245
6522598
6522799
6523057
6523299
6523361
6525054
6526261
6527262
6527294
6528701
6532040
6534125
6534696
6534926
6536715
6536785
6537504
6537507
6537637
6538600
6538781
6541055
6541585
6542206
6545213
6545586
6546091
6546453
6548276
6549731
6552434
6552828
6553738
6553798
6556536
6556732
6557157
6558602
6558805
6558816
6563157
6564093
6565068
6565137
6565209
6565455
6565657
6565834
6566178
6566554
6566554
6567206
6569817
6570507
6570954
6571598
6571605
6571880
6572107
6573629
6574924
6574969
6575599
6577056
6578569
6580003
6580026
6580311
6582923
6583703
6584547
6584637
6585101
6586492
6586572
6586575
6586769
6587860
6588046
6588616
6591282
6591744
6591917
6593419
6593650
6595137
6595388
6595932
6596394
6596831
6599477
6600193
6601087
6601334
6601586
6601688
6601819
6602245
6603260
6605422
6605561
6606702
6607904
6608766
6610894
6611446
6611593
6611993
6612540
6612818
6613507
6614645
6615601
6618378
6619079
6619348
6619545
6620698
6620949
6621666
6622433
6623118
6623723
6624592
6625089
6627561
6628512
6628545
6629404
6629443
6629739
6629790
6630154
6631357
6631572
6631842
6634192
6634282
6634902
6636920
6637630
6637687
6638439
6639989
6640983
6641809
6643205
6644481
6645065
6646938
6647338
6647994
6648386
6648465
6649334
6650644
6651452
6651810
6653055
6653980
6654167
6654414
6654781
6659589
6660749
6661109
6661599
6661682
6661954
6664105
6667770
6669003
6670595
6670639
6671081
6671469
6671472
6672184
6673313
6673378
6673853
6674060
6674686
6675785
6676461
6677596
6677611
6677625
6677816
6678445
6679719
6682072
6684707
6684801
6685529
6686014
6689615
6690201
6691675
6692250
6692303
6693982
6694392
6694963
6695199
6696092
6697167
6698374
6698950
6699166
6704048
6704484
6704516
6704654
6705010
6705466
6705721
6706488
6707680
6708009
6708348
6710339
6710514
6711073
6712185
6714895
6715330
6715344
6716193
6716235
6717554
6718216
6718483
6718735
6720855
6721046
6722539
6723226
6724472
6724727
6724969
6726326
6729417
6729734
6730580
6731157
6731157
6731257
6732692
6733023
6734145
6735258
6735323
6736426
6736805
6737013
6737194
6738621
6739273
6740226
6742200
6742470
6742869
6744082
6744555
6745455
6746215
6746220
6747924
6747944
6748941
6748965
6749111
6750495
6750899
6751622
6751884
6752190
6752207
6755013
6755285
6755590
6757490
6757992
6758744
6759200
6760314
6760379
6760486
6760515
6761362
6762455
6762591
6762804
6763200
6763307
6764854
6766216
6766721
6767876
6768570
6769110
6772086
6772388
6774199
6774817
6777196
6777279
6777493
6778119
6779161
6779633
6779874
6780267
6783088
6783876
6785060
6785314
6787223
6787384
6787534
6789368
6789896
6794640
6795145
6795738
6796335
6797947
6798200
6798389
6798599
6799221
6799857
6799923
6801489
6801684
6801982
6802427
6803230
6804476
6805331
6806681
6806884
6807392
6807611
6808243
6808528
6809251
6812630
6817715
6819680
6821268
6823450
6824808
6825242
6826778
6827516
6827593
6828411
6828954
6831946
6831988
6832049
6832323
6832582
6832795
6833924
6834799
6835226
6835288
6835306
6836374
6838631
6838876
6839508
6839602
6839746
6841108
6842003
6842375
6842680
6843718
6845032
6845574
6847018
6847345
6847376
6848053
6849219
6849911
6851592
6852081
6852410
6853336
6854182
6855182
6855373
6856601
6857311
6857324
6857877
6861872
6862326
6864398
6866899
6869436
6871079
6871281
6871865
6872013
6872542
6874286
6876335
6876539
6876963
6877248
6877649
6880483
6881867
6881867
6883941
6884224
6884562
6886638
6886751
6887562
6889877
6890131
6890761
6891020
6892214
6892496
6893475
6893952
6894110
6894179
6899052
6899690
6900846
6903231
6906078
6906539
6906739
6907589
6908069
6908441
6908467
6908896
6911255
6911876
6913059
6914082
6915721
6917128
6917301
6917428
6918123
6920405
6921201
6921482
6923906
6923912
6924573
6925013
6925647
6926113
6926829
6929805
6930377
6930475
6931077
6931370
6932956
6933531
6934322
6934399
6935158
6935944
6937404
6939644
6939649
6940628
6943354
6945060
6945521
6946363
6946685
6950617
6950959
6952743
6953795
6955422
6957684
6958785
6959010
6959283
6959414
6960332
6960336
6961853
6962555
6966091
6966881
6968385
6968451
6968523
6969124
6969134
6969291
6970367
6971256
6974619
6974762
6974836
6977102
6978212
6979181
6979932
6980198
6980304
6981277
6981355
6981423
6982061
6982442
6983191
6983602
6983920
6984352
6984641
6985146
6985623
6987394
6988667
6988732
6989954
6991961
6992871
6993170
6993580
6994219
6995859
6996551
6998093
6998347
7000538
7000663
7001494
7002246
7002735
7004564
7006087
7006355
7006597
7006941
7007868
7007992
7010005
7010463
7011108
7013436
7013560
7013564
7015121
7015301
7017095
7017115
7017481
7018287
7018615
7020694
7020703
7021986
7022354
7022568
7023021
7023080
7024321
7024356
7025064
7025354
7026613
7026615
7026975
7027486
7029504
7029589
7029909
7030524
7030557
7031732
7032457
7035819
7037535
7038129
7038273
7038667
7041179
7042403
7042621
7044127
7044207
7044411
7044476
7044910
7048185
7054169
7054457
7055634
7057152
7058963
7058976
7059151
7059851
7060244
7060638
7060733
7062786
7063548
7063973
7064763
7065912
7066365
7066448
7066996
7067363
7067558
7069672
7069733
7069870
7072771
7073585
7074359
7074888
7076479
7077619
7078062
7083879
7085480
7086299
7089863
7089925
7090219
7092115
7093658
7095521
7095954
7096399
7096781
7097115
7099896
7103851
7104207
7104968
7105282
7105524
7105737
7106125
7107102
7107855
7108321
7108558
7110712
7111345
7114057
7114686
7115237
7116326
7118504
7119912
7120832
7121457
7122767
7123233
7124017
7125435
7125446
7125686
7127274
7128303
7128628
7132118
7132541
7132576
7132778
7133233
7133264
7133790
7135983
7136015
7136385
7137630
7138442
7138642
7141036
7141260
7141821
7141895
7142079
7142208
7142285
7142418
7142515
7145010
7145379
7146339
7146493
7147484
7147859
7149485
7149793
7150425
7151089
7152659
7153023
7153648
7153763
7154247
7156732
7158668
7159574
7160680
7162623
7163178
7165796
7165987
7166050
7166871
7169872
7170808
7172430
7173420
7178913
7179160
7179316
7180575
7181297
7181448
7182427
7182435
7185045
7186631
7186680
7186893
7187191
7187278
7187423
7188195
7188218
7192255
7192815
7197374
7197966
7199068
7201432
7201870
7203738
7203861
7204465
7205130
7205251
7206017
7208336
7208359
7208579
7209625
7209875
7210090
7210785
7211415
7211617
7211781
7212272
7213232
7213553
7215104
7215886
7216132
7219253
7220168
7220603
7222719
7223209
7227733
7228213
7229872
7231160
7232490
7232834
7232936
7233768
7234407
7234519
7235648
7236283
7236726
7237359
7237498
7238541
7238722
7240302
7240679
7241815
7244764
7244920
7244935
7246187
7246402
7247555
7252714
7252939
7253514
7254428
7254628
7256139
7256319
7256851
7257418
7257853
7258928
7259071
7259122
7261588
7261615
7261954
7262189
7262508
7262807
7263091
7263133
7263367
7263373
7265274
7265339
7266170
7268297
7270574
7271368
7272281
7272801
7272805
7274638
7275650
7275769
7275919
7276327
7277052
7278156
7278350
7280879
7283648
7284334
7286964
7287323
7287492
7288426
7290188
7290333
7291273
7293068
7293443
7293645
7293783
7294756
7297923
7298765
7299179
7300744
7301151
7302123
7302166
7303849
7304297
7304818
7306263
7306746
7308110
7310539
7310657
7311600
7312674
7312872
7313268
7315067
7317369
7318690
7318728
7320049
7320183
7322368
7324573
7326525
7327677
7329673
7330197
7330224
7331169
7331749
7331847
7332698
7332843
7333592
7334006
7335201
7336871
7337874
7338684
7338725
7338753
7340489
7340597
7340652
7341303
7342278
7343098
7343312
7345179
7345214
7345713
7346546
7348182
7348397
7349617
7351858
7352013
7352339
7353412
7354327
7354383
7355337
7355463
7356407
7356659
7356873
7358699
7359268
7359748
7360878
7362024
7363112
7365124
7365543
7367103
7367297
7367461
7367886
7368364
7370445
7370560
7370800
7371571
7373451
7374357
7377853
7378729
7380573
7380808
7380980
7381190
7381614
7381806
7384726
7387432
7387661
7388353
7389708
7390196
7390956
7399507
7400570
7400935
7401197
7402570
7405994
7408142
7408300
7409051
7409067
7409100
7409735
7410104
7411360
7411550
7412341
7412469
7413174
7413893
7413981
7414034
7414437
7417528
7419384
7420379
7420610
7423807
7424186
7426054
7426439
7427306
7427904
7428294
7428824
7429063
7429130
7429666
7431176
7432215
7433343
7433908
7434391
7434803
7435296
7435856
7437502
7437708
7440335
7441716
7441963
7442771
7443573
7443675
7444443
7445210
7446113
7446378
7447547
7450140
7450219
7452958
7453771
7453778
7454775
7456477
7456485
7456677
7457029
7457318
7458368
7459170
7461569
7462700
7463097
7465826
7466750
7466869
7467531
7468012
7470086
7470113
7470751
7470925
7470930
7471530
7472112
7472346
7472476
7473843
7474087
7474617
7474629
7474915
7475640
7475725
7478213
7479196
7479315
7479486
7480129
7480324
7480753
7480760
7482301
7482386
7483249
7483829
7483869
7484626
7484749
7485888
7487440
7490101
7490962
7492276
7492438
7492490
7492520
7493194
7493259
7494162
7495966
7499350
7502567
7502700
7503417
7503543
7504276
7505667
7505741
7506044
7506273
7507195
7507479
7507721
7509733
7510187
7510806
7511668
7512409
7514620
7514658
7516063
7516974
7517864
7520606
7521801
7522680
7523062
7523254
7523472
7525390
7525776
7526040
7526298
7527622
7528103
7528674
7529146
7530687
7530869
7530945
7531520
7531705
7532562
7532704
7532800
7533032
7533080
7534058
7534148
7534482
7536075
7537194
7537693
7537806
7538324
7539743
7541199
7541410
7544442
7544861
7545123
7547278
7549108
7549691
7550409
7550452
7550983
7550998
7553402
7553429
7555661
7556868
7557260
7557470
7557577
7558339
7558721
7559177
7560191
7561697
7562085
7563913
7564373
7566106
7567467
7567564
7569772
7569784
7570333
7570675
7572915
7573264
7573387
7573608
7574006
7574609
7576195
7576305
7576633
7576663
7576977
7577474
7579125
7579919
7579955
7580412
7582513
7582528
7582837
7583465
7584955
7586267
7587070
7588131
7590078
7590715
7591662
7592631
7594296
7594868
7595956
7596000
7597315
7597694
7598090
7599860
7602307
7603408
7604991
7606003
7606164
7606633
7607750
7607890
7608550
7609588
7609740
7611609
7614037
7615423
7615433
7616139
7617827
7618646
7618731
7619326
7619344
7620279
7621442
7621712
7622369
7623111
7623120
7623259
7624324
7625017
7625048
7625436
7625615
7625815
7626401
7627062
7627131
7632372
7633066
7633286
7634313
7634897
7635110
7635175
7635265
7636140
7637031
7637575
7638307
7638801
7640132
7640376
7640881
7642353
7642772
7642859
7643634
7643808
7644347
7645053
7646430
7647467
7647648
7647672
7648360
7648589
7649173
7651689
7652063
7652397
7653616
7653817
7653913
7655921
7656277
7656767
7656824
7657532
7657857
7658288
7659920
7660237
7660551
7660624
7660851
7661317
7661805
7663012
7666542
7667152
7668169
7668865
7669452
7669829
7669968
7671917
7673562
7674412
7675314
7675772
7678757
7680658
7681119
7682987
7683221
7684364
7684522
7686096
7690430
7690860
7691141
7694193
7695914
7697026
7697629
7699365
7699775
7702025
7703370
7705333
7705715
7707154
7707358
7707552
7708939
7709426
7711347
7712773
7713651
7713684
7715667
7715849
7715982
7716525
7717814
7718050
7718920
7720683
7721068
7721154
7722568
7722740
7723349
7725516
7726299
7727164
7727485
7727722
7727847
7728133
7728568
7729135
7729478
7730495
7731747
7734577
7735167
7736388
7736691
7738139
7738595
7739749
7740572
7741056
7741940
7742026
7742639
7743248
7744803
7745915
7746789
7747150
7747664
7747697
7748839
7748865
7748869
7751101
7751345
7751353
7752606
7752660
7754775
7754972
7755302
7757698
7758879
7759265
7760102
7760291
7761591
7763861
7765656
7765754
7766271
7767084
7769849
7770050
7770937
7774190
7774387
7774506
7774722
7775554
7776726
7779023
7779397
7779698
7779927
7780341
7780947
7781143
7782374
7783055
7784499
7785219
7785419
7785982
7786738
7790896
7792553
7793161
7793284
7796165
7799496
7800475
7800523
7800607
7802439
7802567
7803183
7805377
7806683
7807964
7808145
7809520
7811164
7812466
7812832
7814327
7814643
7814797
7816272
7816543
7818190
7818866
7819668
7820002
7821883
7822047
7822190
7822384
7823124
7824285
7825821
7827150
7827809
7830116
7830520
7832008
7833345
7834325
7834389
7834445
7834479
7834762
7835661
7836688
7836933
7837448
7838459
7838629
7839084
7841369
7841474
7843118
7844443
7845016
7845263
7845712
7848969
7849230
7852869
7853743
7855814
7856564
7857509
7860651
7860992
7861265
7861890
7861961
7862553
7863470
7863593
7863888
7865023
7865164
7865210
7865873
7865991
7866273
7867182
7867985
7868433
7869940
7870972
7871598
7871959
7872389
7874077
7874132
7874186
7875483
7875647
7876084
7878605
7879598
7883348
7884005
7884093
7885608
7886360
7886909
7887453
7888716
7890745
7890936
7893852
7894277
7894768
7897783
7898359
7899246
7899958
7900050
7902707
7903186
7903454
7904374
7907738
7908792
7909546
7909983
7910869
7911790
7912540
7912553
7912644
7913972
7914434
7916290
7916504
7916571
7916601
7917047
7917715
7918012
7921284
7922847
7923194
7924152
7924274
7924682
7926308
7927454
7927770
7928276
7929997
7930029
7930355
7933524
7934799
7936376
7936603
7937286
7938634
7939924
7941291
7945728
7950746
7950961
7954931
7956073
7956424
7957168
7957250
7957551
7958577
7959065
7959579
7959869
7960484
7960591
7960900
7964143
7964166
7964379
7966080
7966249
7966580
7966827
7967661
7967848
7968218
7968740
7969957
7970365
7970456
7971915
7972220
7973185
7973810
7974168
7974496
7975681
7976625
7979966
7980183
7981526
7982553
7982602
7983686
7983856
7984250
7984524
7985741
7986237
7986471
7987331
7987849
7988749
7988903
7989036
7990590
7990983
7991974
7992074
7992624
7994311
7994419
7995114
7995336
7996368
7999278
8000300
8002717
8003446
8005839
8006106
8008048
8008570
8009665
8010354
8011581
8011626
8014896
8015136
8018169
8019375
8019449
8019454
8019975
8020351
8021666
8023302
8023951
8024733
8025262
8026973
8027554
8027763
8029626
8029780
8030811
8032140
8033435
8033507
8033862
8037758
8040156
8040597
8040663
8040687
8041803
8042354
8043760
8044297
8044614
8044685
8046121
8046178
8046352
8046857
8046999
8049119
8049671
8051064
8051564
8052522
8052723
8053022
8053109
8053683
8054910
8057323
8058392
8059382
8059566
8060140
8060924
8061088
8061347
8063514
8063817
8064106
8065580
8065589
8066533
8066789
8067288
8068804
8069593
8069683
8070072
8071366
8072352
8072882
8073038
8073392
8073958
8074060
8074298
8075172
8075317
8076464
8076497
8076577
8077011
8077026
8077331
8077931
8078306
8079929
8081464
8082142
8082197
8082469
8083140
8083240
8086483
8086778
8087092
8088143
8090671
8091457
8091612
8092619
8095349
8096628
8098179
8099108
8100181
8100796
8101349
8102824
8103427
8104019
8105555
8105682
8106762
8108660
8108766
8109386
8109833
8110430
8110824
8111059
8111580
8113214
8113351
8113478
8114842
8117380
8117408
8117932
8121006
8124118
8124538
8124555
8126868
8128168
8128892
8130138
8131558
8132388
8132707
8134054
8134468
8134799
8136120
8136905
8138052
8139594
8139828
8140034
8141328
8142703
8143316
8145938
8147986
8148452
8151320
8151776
8152801
8154918
8156048
8157642
8157654
8158418
8158448
8158848
8159858
8161638
8164829
8166138
8166381
8166584
8166838
8166994
8167215
8167829
8167956
8168010
8168195
8168932
8170697
8171909
8171923
8173941
8175327
8175338
8175499
8177052
8178007
8180242
8180598
8180602
8180867
8180957
8182403
8183467
8183609
8183911
8184878
8184901
8184985
8185702
8186203
8186391
8187627
8187979
8189105
8190824
8191049
8191995
8192566
8193056
8193686
8194258
8194895
8195133
8197335
8197609
8198242
8198655
8199712
8201156
8201392
8202601
8202657
8203275
8203279
8203492
8204159
8205712
8205756
8206423
8206460
8207245
8207544
8207659
8207679
8208297
8208389
8209289
8209681
8210436
8210765
8213254
8213465
8213682
8213875
8215227
8215299
8215660
8215945
8216507
8216810
8217120
8218365
8218394
8219546
8220247
8220485
8221269
8222911
8222927
8224009
8224716
8225095
8225321
8225741
8228368
8229154
8230368
8231499
8240159
8240953
8241066
8241139
8242128
8242728
8242954
8245165
8245821
8246084
8246176
8246441
8246479
8246503
8247473
8248636
8249404
8250947
8251436
8252241
8253074
8253480
8255651
8257726
8257936
8258360
8258733
8258940
8259287
8260109
8260342
8260679
8263312
8264362
8264787
8265370
8267419
8268104
8269078
8271366
8271873
8277536
8278210
8278849
8281094
8281102
8282791
8283021
8283685
8284091
8284793
8285160
8285481
8287939
8288249
8288519
8289328
8290774
8291404
8294079
8294444
8295355
8295422
8295429
8295933
8296049
8296530
8297808
8298071
8298216
8298405
8300598
8300630
8302234
8303105
8303973
8304090
8304653
8304997
8306725
8306929
8308416
8309750
8311564
8311654
8311772
8311813
8312001
8312180
8312244
8312478
8314205
8315855
8318143
8318630
8319957
8321492
8322676
8322753
8324139
8324896
8325516
8326945
8327546
8327568
8329171
8329981
8330028
8330901
8333748
8334536
8335002
8337522
8338028
8338209
8339855
8340654
8341166
8341465
8341683
8342425
8342451
8342461
8342580
8345196
8346956
8351498
8351642
8352520
8353385
8354548
8354696
8354833
8354955
8355548
8356108
8356441
8358520
8358846
8359111
8359567
8360920
8360936
8361063
8361992
8362406
8362723
8364530
8365011
8365386
8365791
8366712
8367014
8367643
8369324
8371842
8373362
8374035
8374336
8374637
8374903
8375070
8376553
8376616
8377961
8377983
8378396
8378990
8379320
8382464
8382946
8384596
8385260
8385820
8386228
8386756
8388022
8388193
8391301
8391546
8391995
8394355
8396324
8397399
8398847
8399461
8399669
8402180
8402256
8402708
8403126
8403933
8405180
8405666
8405731
8406463
8407459
8407838
8410132
8411197
8412267
8412566
8412646
8412716
8413240
8415574
8415993
8416496
8417620
8418266
8418445
8419049
8419589
8421108
8421920
8424283
8425752
8426422
8427485
8427557
8429240
8429270
8429303
8429496
8429913
8429960
8431502
8432064
8432455
8434109
8436573
8437910
8437930
8438962
8439929
8441100
8442495
8442574
8444503
8445952
8446851
8447262
8447547
8448170
8449418
8450190
8450799
8451708
8452189
8453276
8453627
8454142
8454415
8454424
8454988
8455434
8459063
8460755
8461121
8461614
8462093
8462700
8463880
8464051
8464994
8466841
8467804
8469625
8470861
8471613
8472187
8474190
8474874
8476137
8476251
8476633
8476673
8476689
8477313
8477588
8478145
8479131
8480917
8482255
8483174
8484420
8484968
8485367
8486685
8487538
8487579
8487996
8488312
8489591
8491748
8492499
8492550
8494115
8496261
8496376
8497089
8498329
8498430
8499707
8500508
8500722
8500776
8500908
8503121
8503866
8504107
8505842
8506379
8506527
8508757
8509814
8510200
8510289
8510997
8512107
8512738
8512869
8513389
8516900
8516909
8516935
8517038
8517791
8517908
8518587
8520875
8521155
8521388
8522578
8523349
8523864
8524709
8525295
8525528
8526102
8526145
8527109
8528070
8530002
8533014
8533149
8533291
8533444
8535266
8535498
8536474
8537262
8537285
8537354
8538786
8539766
8540009
8540828
8541730
8541772
8543165
8544531
8544538
8546117
8549168
8549376
8549840
8550527
8550964
8553266
8553467
8553653
8554145
8554545
8555781
8556649
8559459
8561247
8561806
8562403
8563493
8564999
8565951
8566006
8566128
8566774
8568151
8568339
8568520
8569111
8569882
8569936
8573086
8573124
8573481
8575278
8577673
8578052
8578929
8578990
8579195
8579818
8580984
8583153
8585618
8587268
8588851
8590727
8592778
8593055
8593057
8597530
8597728
8598769
8600263
8604308
8605225
8605781
8608623
8610359
8612022
8612123
8613010
8613391
8614013
8614961
8614980
8618622
8620584
8623137
8623179
8623787
8624018
8625793
8626055
8626156
8626733
8626919
8627726
8628714
8630335
8631107
8631404
8633149
8633375
8633518
8633634
8634644
8636120
8636415
8637690
8637759
8638067
8639626
8641766
8644242
8644452
8644624
8644771
8644777
8646579
8647333
8650087
8650628
8652130
8652191
8653291
8653894
8654674
8656859
8657979
8658679
8659289
8659740
8659780
8661348
8661853
8662400
8663132
8664438
8664539
8665315
8665657
8666115
8668468
8668702
8668960
8670169
8670804
8671274
8672425
8674489
8674704
8675175
8675992
8676267
8676468
8676572
8676696
8677856
8677882
8678458
8679214
8679282
8680136
8681912
8682826
8682975
8686199
8686813
8687660
8688220
8688869
8689422
8689894
8693352
8693461
8698273
8698722
8699617
8699671
8700093
8701449
8702363
8703041
8703715
8705079
8708950
8709196
8709204
8710364
8711228
8712926
8713769
8714324
8715162
8715221
8715957
8718055
8718262
8718561
8720185
8723421
8724082
8724512
8725090
8725548
8725588
8726197
8727437
8727440
8727589
8728061
8731457
8732104
8732121
8732806
8733664
8735527
8737850
8738194
8740702
8741257
8742550
8742777
8743932
8743967
8744265
8744796
8746484
8748770
8749358
8752624
8752755
8753625
8754116
8754204
8757055
8757631
8759489
8760163
8762155
8762826
8765720
8766956
8767650
8768100
8768183
8768571
8769169
8769321
8769705
8769861
8771030
8771944
8772286
8772512
8773342
8774143
8775096
8775435
8775635
8776711
8777005
8779644
8780297
8782080
8782230
8782281
8783874
8785613
8786440
8788966
8789446
8790832
8792149
8793872
8794405
8795101
8797960
8798390
8799092
8802993
8805361
8806077
8807504
8807877
8808006
8808269
8808696
8809960
8810086
8810734
8812060
8812302
8812476
8812569
8813505
8814630
8814955
8818887
8819270
8819361
8819439
8820131
8820412
8822148
8822561
8822690
8824556
8825257
8826210
8826722
8826933
8829611
8829780
8829791
8831559
8832083
8832108
8834717
8835489
8836241
8836986
8837197
8837345
8838038
8840157
8840180
8841901
8842655
8843192
8844185
8844418
8845968
8847103
8847719
8849464
8849639
8850748
8851968
8853247
8855383
8856751
8857451
8858410
8859055
8859760
8859874
8860567
8861486
8862040
8862577
8863082
8864532
8864984
8867147
8868003
8869181
8870524
8871105
8871292
8871384
8873004
8874646
8874805
8874811
8875085
8875118
8875865
8876004
8877388
8877447
8877814
8877838
8878278
8880423
8880445
8880675
8882590
8883293
8884327
8888068
8889434
8891096
8891777
8892049
8892426
8895176
8895438
8895737
8895775
8899588
8899640
8899650
8900015
8900240
8900306
8901504
8902437
8904509
8905090
8905314
8905705
8906595
8907321
8908353
8909468
8909969
8910055
8911110
8911514
8912785
8913048
8913648
8914004
8914256
8914424
8915586
8915744
8916727
8916789
8918153
8918433
8918789
8919265
8919922
8920094
8920178
8920451
8921756
8924693
8925001
8925029
8925156
8925357
8926731
8927227
8928327
8928456
8928915
8930219
8932158
8933565
8934254
8934273
8934791
8935631
8935995
8936361
8936842
8937011
8937430
8938725
8941655
8942662
8942839
8943349
8945773
8945945
8946611
8947235
8947291
8947858
8948051
8948551
8948747
8951019
8951159
8951675
8951920
8952440
8953064
8957019
8957334
8960938
8962217
8964257
8964336
8966551
8966971
8967228
8967337
8968554
8969073
8969207
8971558
8971964
8972550
8975329
8975573
8975766
8975827
8975895
8976710
8978008
8978521
8980403
8981584
8982099
8982849
8983909
8986284
8986700
8986884
8987106
8987369
8987481
8988721
8988932
8989621
8990911
8990958
8991950
8992657
8992719
8995284
8995334
8997540
8997787
8998102
8999429
8999529
9000069
9001097
9004634
9005869
9008154
9008574
9010447
9010649
9011836
9012500
9012713
9013071
9013085
9013918
9014517
9014903
9016340
9016985
9017400
9018285
9018475
9019021
9021112
9021418
9022221
9023241
9023504
9025411
9025721
9026356
9026631
9028071
9031752
9034307
9035529
9037021
9037880
9039308
9039930
9040315
9040816
9040829
9040958
9042575
9044241
9044848
9046477
9046588
9047921
9047972
9049197
9051933
9052108
9052399
9053130
9053433
9055209
9055957
9057280
9057495
9058026
9058298
9058559
9058843
9059830
9060308
9061813
9061868
9062357
9063579
9063683
9066512
9067177
9069771
9071658
9072678
9075441
9076402
9076896
9078832
9082069
9082473
9082501
9083106
9086279
9087022
9088196
9088220
9088563
9088772
9088925
9089156
9089838
9089875
9091325
9092946
9093739
9094312
9094501
9095130
9095937
9097271
9098054
9098260
9099196
9099263
9101093
9101955
9102156
9103449
9104501
9104967
9107124
9110654
9110662
9112057
9112532
9114221
9115566
9117197
9118233
9118454
9118551
9120013
9120187
9120921
9121812
9123100
9127205
9127390
9128062
9129687
9129801
9130162
9131238
9132911
9133068
9134563
9135299
9135402
9135436
9135909
9137048
9138616
9141094
9141521
9142392
9143348
9143423
9143826
9144715
9145458
9147361
9147490
9149112
9150532
9150940
9153690
9154110
9158467
9158564
9161756
9161866
9162729
9164171
9168430
9168630
9172025
9173272
9176946
9177304
9177533
9178242
9178768
9179949
9181047
9181143
9181416
9183080
9183193
9183556
9183793
9184326
9184739
9184930
9185762
9186207
9186901
9188006
9188265
9188796
9188975
9192266
9193505
9195235
9195584
9197353
9199133
9200798
9202010
9204114
9205549
9207827
9208940
9209429
9209490
9211824
9211901
9212984
9213971
9214869
9214902
9215421
9215457
9215497
9215864
9216021
9216271
9217734
9217760
9222668
9223172
9225054
9225508
9225556
9225856
9226328
9226932
9228627
9229159
9230066
9231385
9232135
9234835
9235037
9237389
9239846
9242062
9242128
9244254
9245172
9245460
9246378
9246621
9247048
9250402
9252815
9253432
9255366
9256769
9258783
9259299
9261750
9261828
9263245
9263450
9263833
9264580
9267089
9268181
9270820
9272931
9274455
9275249
9275313
9275317
9275594
9277220
9278207
9280427
9280922
9281244
9283069
9283470
9284186
9284362
9284503
9284538
9286296
9286360
9286884
9286996
9288406
9289446
9289822
9289824
9293107
9293561
9294992
9296408
9297054
9300940
9302839
9303501
9303633
9304410
9304576
9306457
9307077
9307204
9307856
9308636
9308784
9309276
9310086
9310254
9310259
9311548
9313721
9317385
9317487
9318269
9318458
9318926
9320813
9327294
9327667
9329226
9329295
9329381
9330246
9330253
9330759
9333416
9333468
9334378
9334561
9336201
9336683
9338740
9338851
9339467
9344463
9346784
9349994
9351407
9351482
9352091
9355515
9356216
9356303
9356860
9358435
9358472
9362279
9362869
9363856
9364180
9365360
9366476
9366551
9366796
9367214
9367261
9367309
9368042
9368572
9372032
9372204
9373176
9374541
9374699
9375175
9375666
9376738
9378138
9378510
9379100
9379213
9379743
9380210
9380957
9382726
9383555
9385004
9385164
9385322
9385994
9388469
9388680
9389956
9390023
9391687
9391700
9392249
9392397
9395176
9395792
9396171
9397638
9399034
9401040
9402480
9402656
9403252
9404287
9404764
9405661
9405662
9405854
9406718
9407338
9407371
9407613
9408331
9408601
9410265
9410471
9410578
9410729
9411496
9411824
9413936
9416105
9416330
9417146
9418135
9418281
9419970
9420093
9420507
9421393
9421555
9423038
9424468
9425575
9426824
9427474
9427604
9427758
9429672
9430100
9430612
9430661
9431197
9431837
9432379
9433201
9433729
9434719
9437606
9438617
9439025
9439565
9440770
9442031
9443111
9443401
9443717
9443819
9444869
9445334
9445481
9445538
9446619
9449768
9449805
9450952
9454812
9456264
9458871
9459761
9460300
9460595
9460714
9462727
9463082
9463093
9463423
9464157
9464364
9465338
9465534
9465787
9470689
9471228
9472748
9473084
9473564
9474011
9475054
9475166
9475299
9476890
9478871
9479405
9479429
9480998
9481152
9481201
9484681
9484844
9485669
9487047
9487578
9487856
9488203
9494412
9494668
9495876
9496839
9498915
9500483
9500664
9502018
9502287
9503852
9505141
9505715
9507650
9509200
9511404
9512685
9514142
9514816
9517716
9518248
9518294
9518314
9518532
9520163
9527413
9529259
9531710
9531780
9531812
9532614
9536085
9538099
9541318
9542156
9543148
9543659
9549103
9549799
9550001
9552735
9553300
9553697
9555903
9556017
9556126
9556771
9556954
9562007
9562594
9563954
9565578
9565963
9566865
9568903
9568953
9568978
9569980
9570192
9570547
9571071
9571475
9573298
9574857
9575236
9575786
9576091
9576222
9576790
9579192
9579252
9579850
9580419
9585490
9585872
9586761
9587434
9587500
9588370
9590953
9593266
9593321
9594878
9595403
9597037
9597082
9600299
9600885
9601035
9601214
9603368
9605425
9605508
9607514
9607867
9610922
9611929
9613239
9613699
9614825
9616836
9617212
9618732
9619031
9619183
9620131
9620547
9622854
9624847
9624997
9625686
9626592
9627601
9627750
9629209
9629498
9629731
9629912
9630027
9631665
9631666
9632274
9633341
9635538
9635826
9636226
9636413
9636711
9637075
9637124
9637739
9638124
9638163
9638507
9641642
9642304
9644735
9647210
9649386
9651359
9652475
9653949
9654429
9654735
9655275
9655461
9658412
9658461
9661380
9663255
9663562
9663590
9663830
9664129
9664183
9664507
9664808
9664838
9665317
9667028
9667079
9668634
9669321
9670673
9670974
9671444
9671863
9672512
9674081
9676582
9676831
9677134
9678083
9678152
9678823
9679138
9681419
9681932
9685709
9685933
9687005
9687178
9689097
9691713
9692769
9692894
9694987
9695463
9695844
9696526
9696619
9696780
9696992
9697458
9698628
9698636
9698977
9699017
9699238
9700208
9702734
9703260
9703985
9705108
9707126
9707273
9707670
9708115
9711065
9711168
9714002
9714923
9716180
9717360
9718059
9718805
9719125
9720882
9721803
9725626
9726058
9726158
9726332
9726674
9727100
9728163
9728225
9731334
9732194
9732485
9732527
9734171
9735873
9735986
9736049
9740776
9741404
9741671
9742521
9742807
9743446
9744410
9744763
9745676
9746789
9747237
9747504
9748532
9748860
9749227
9751457
9751470
9753121
9753784
9754326
9755859
9756394
9756993
9757118
9757256
9757891
9760071
9761829
9762743
9762783
9765088
9765642
9765716
9766218
9767350
9767657
9768004
9768336
9768486
9769978
9770219
9771217
9772945
9773746
9774036
9774331
9774676
9775560
9777461
9778883
9779960
9780107
9780213
9782268
9782271
9784134
9784221
9784647
9785230
9786028
9787217
9787247
9789013
9789562
9790332
9794293
9795327
9795358
9797224
9797627
9798898
9799246
9799475
9800021
9800677
9801247
9802073
9802126
9802149
9803407
9806340
9807892
9809448
9809753
9812515
9815225
9815577
9816090
9817390
9817750
9818495
9818749
9818896
9820113
9820699
9821131
9821528
9822432
9822508
9822650
9823598
9826636
9826891
9827264
9828799
9829011
9829396
9829460
9830302
9830350
9833645
9835559
9837419
9837488
9838744
9839614
9840157
9840461
9841359
9841763
9843436
9844704
9849136
9849395
9849944
9850737
9851613
9851714
9854002
9854133
9855203
9855994
9856176
9856207
9858214
9859326
9862301
9864494
9864878
9864971
9865222
9865895
9867006
9868690
9868886
9869400
9869426
9873605
9874439
9875725
9876424
9877614
9877722
9878674
9879170
9880318
9880671
9880847
9882348
9882986
9883456
9884453
9884854
9885442
9887920
9887982
9888893
9889043
9889652
9889898
9890635
9891110
9891680
9891861
9892358
9893130
9894233
9894602
9895299
9896115
9896190
9896546
9898842
9899416
9899958
9900468
9902310
9903859
9904216
9905248
9905598
9905632
9906881
9907529
9909676
9912990
9913293
9913343
9914331
9914566
9915759
9917066
9917542
9919621
9920331
9921497
9922608
9923454
9923472
9924427
9924986
9925600
9925924
9926065
9926955
9928199
9931161
9931242
9932528
9932606
9933008
9933826
9934557
9935912
9936076
9936360
9938553
9938867
9939911
9941829
9941968
9942154
9942357
9943131
9946660
9947755
9948087
9948115
9948317
9949870
9950010
9950365
9950697
9950935
9951506
9951576
9952914
9954659
9954776
9954938
9955120
9957666
9958047
9958423
9958685
9960334
9960722
9962639
9964246
9964381
9964644
9965896
9966607
9966773
9967011
9967797
9968943
9969441
9969456
9970850
9971305
9973000
9973303
9975226
9975244
9975419
9975799
9976605
9976971
9982792
9983383
9983943
9984883
9985539
9988333
9992376
9992505
9994405
9995226
9997135
9998641
