100
1178672
1268944
1309475
1378724
1567511
1720902
1754178
1814263
1976290
2127795
2254707
2318490
2329134
2344450
2507441
2514552
2590384
2847298
2871454
3172157
3185833
3211671
3316807
3424583
3427185
3575325
3661428
3784211
3784482
3809754
3815743
3859887
3895596
3981146
4109732
4183170
4241043
4403556
4627757
4633520
4736158
4736721
4886322
4913976
4922341
5012713
5050670
5108302
5164710
5182820
5282386
5294874
5514634
5525026
5618361
5678806
5720476
5737396
5752564
5837799
5913189
5928151
5930827
5942395
6195379
6462998
6511046
6541081
6576832
6607008
6806138
6837448
6944983
6947378
7051631
7644140
7765367
7824969
7862710
8027860
8055177
8295077
8337949
8442425
8574613
8732677
9042243
9063513
9090239
9200512
9257463
9324561
9326830
9367737
9412869
9419001
9558940
9627236
9944888
9971174
