1000
1051192
1093960
1097420
1102820
1109186
1120335
1131993
1137219
1144272
1162091
1168514
1169011
1188038
1196881
1217905
1220011
1220700
1222313
1229219
1241476
1246304
1250640
1251978
1254525
1269700
1279810
1288271
1309754
1310842
1316016
1320264
1326372
1331928
1332780
1338288
1354328
1368288
1384452
1392718
1415923
1416423
1417825
1420281
1423523
1425628
1427075
1430370
1435531
1436190
1444327
1445125
1448400
1476236
1476747
1480313
1480922
1481645
1491052
1530714
1543592
1544024
1562172
1566023
1569076
1595256
1609754
1611614
1626407
1633332
1647652
1671570
1673085
1675474
1681495
1681886
1686926
1692932
1701195
1703100
1724983
1730128
1731090
1732404
1733536
1738384
1747474
1747691
1757345
1761731
1767393
1770589
1771599
1786111
1787109
1788764
1800144
1817960
1834560
1839715
1851931
1866236
1866884
1871329
1873726
1891321
1896029
1904506
1910622
1934261
1948805
1950580
1951757
1952523
1963960
1976119
2015432
2021457
2028138
2030085
2040205
2057251
2064837
2108714
2119684
2121865
2130139
2162568
2167907
2173498
2181330
2183650
2194769
2277170
2278759
2283845
2302155
2311953
2313033
2313283
2325841
2327340
2347703
2349766
2355851
2355985
2358359
2366319
2370300
2387649
2393917
2394876
2402142
2404745
2419782
2431455
2431942
2432070
2435736
2445816
2457057
2465609
2467747
2469104
2475753
2476429
2481927
2493831
2497463
2499461
2509282
2516331
2519742
2521145
2527498
2546903
2549846
2554618
2574252
2586144
2587790
2593129
2593773
2594144
2613558
2628858
2634774
2638382
2643156
2658813
2666132
2669469
2676240
2697914
2701802
2702031
2706446
2708026
2709271
2712302
2719606
2730161
2732928
2749314
2751990
2794010
2794422
2805204
2824399
2824449
2844400
2853899
2878329
2884212
2894335
2911141
2915794
2923423
2923972
2935400
2937511
2945647
2961291
2971941
3005313
3009622
3011990
3019510
3044904
3050248
3051103
3065197
3084275
3097249
3102205
3105417
3129264
3129298
3129901
3131579
3134719
3136476
3136955
3137337
3154686
3161170
3161649
3166518
3167120
3183107
3194291
3200448
3204195
3207721
3207825
3224339
3242880
3246953
3248999
3269886
3274911
3277288
3292077
3311901
3316424
3316529
3337343
3339239
3343642
3343781
3392524
3394868
3394907
3402660
3417006
3420087
3420658
3422278
3424645
3431817
3433041
3438634
3449108
3457472
3464940
3474323
3477985
3487790
3509975
3518164
3529439
3555038
3572617
3591402
3599283
3616578
3617992
3618486
3624761
3633062
3653656
3660401
3671929
3673881
3691134
3691575
3698077
3709044
3718391
3720138
3722621
3725650
3734020
3736738
3761464
3764349
3777494
3798698
3809273
3810945
3829021
3839255
3839802
3855746
3866914
3881226
3885746
3906604
3909970
3913402
3917463
3920787
3923448
3937862
3937994
3940087
3947003
3950764
3960569
3969460
3976754
3981037
3984780
3991762
3991913
3992477
4006967
4008691
4023839
4024210
4036160
4036469
4052755
4062454
4062887
4076764
4080787
4080932
4082593
4084253
4101381
4115879
4120437
4130035
4135492
4154350
4168532
4198788
4216556
4217769
4221553
4225639
4226778
4242870
4272482
4298906
4308587
4327763
4328253
4331277
4338550
4340682
4362536
4377408
4379921
4393436
4457241
4457332
4461480
4461559
4463004
4463079
4475345
4475901
4479856
4489582
4491737
4493004
4497090
4501635
4518970
4531087
4542382
4545736
4549320
4557035
4564023
4578315
4584413
4590456
4593126
4595513
4603189
4610531
4618970
4624482
4634675
4654757
4665615
4669731
4681746
4683374
4711662
4717511
4717640
4720167
4722394
4731855
4739315
4757802
4764116
4777247
4789403
4813134
4829140
4829468
4837234
4847485
4864014
4872529
4900806
4904544
4911983
4925448
4939088
4950445
4966813
4977632
4978635
4984428
4997595
5017995
5023242
5029282
5037048
5049593
5087601
5094401
5097727
5101082
5101525
5120186
5126523
5128153
5128599
5148105
5158011
5161378
5166006
5167993
5171074
5187606
5193935
5200080
5210597
5238803
5241454
5245736
5252664
5261507
5271311
5274850
5279671
5282665
5284909
5290205
5295226
5304955
5308385
5317364
5319739
5320078
5328185
5328617
5329727
5354602
5359040
5367274
5371686
5380101
5382809
5397933
5398755
5402840
5412096
5420134
5432851
5437492
5484493
5493122
5495744
5508252
5514980
5529410
5529554
5540060
5547054
5550404
5551165
5575171
5589965
5592395
5594152
5597453
5598802
5613140
5614408
5626488
5630570
5630719
5637052
5642393
5645780
5648841
5660850
5661176
5667039
5686846
5693214
5693969
5703405
5714856
5716250
5731763
5737664
5769759
5796275
5806126
5807542
5814622
5823468
5828419
5831665
5837611
5848225
5852680
5862167
5862248
5864663
5868292
5876536
5876901
5877335
5877969
5881556
5883691
5883762
5886505
5894607
5915788
5945994
5951096
5957106
5997938
6000629
6004847
6042655
6046313
6053658
6061393
6064988
6067570
6072134
6072777
6075447
6080472
6109073
6110521
6112185
6112460
6112773
6113215
6135970
6147751
6149082
6150719
6157441
6161753
6168883
6172715
6181182
6197182
6206882
6207138
6208371
6225784
6255239
6259672
6271404
6272588
6278257
6278947
6286338
6298844
6313076
6349724
6354503
6360696
6361795
6379822
6384729
6396073
6400278
6406945
6412910
6414888
6442624
6448065
6464964
6491701
6494069
6513287
6518494
6525436
6543542
6547728
6553743
6559086
6583513
6584687
6595307
6601509
6602682
6622927
6624100
6631905
6635232
6643344
6645375
6677955
6681909
6691452
6697956
6703951
6710340
6711725
6712445
6722456
6743535
6749742
6762891
6770946
6773180
6773607
6778828
6779044
6780055
6796518
6802647
6819582
6838612
6842290
6863749
6867114
6872815
6876286
6878467
6880234
6880358
6889235
6892247
6893144
6910589
6921644
6940035
6963447
6971743
6994808
7004288
7016521
7026545
7032770
7046390
7070648
7075260
7083770
7087711
7090507
7090884
7092380
7106264
7145888
7157906
7165494
7173826
7179778
7181676
7183897
7185616
7191619
7191827
7192939
7197964
7201268
7221930
7271233
7275830
7279714
7291804
7322893
7349349
7366198
7368709
7371420
7371958
7372371
7376215
7382114
7382568
7394365
7398934
7400110
7414918
7427042
7427190
7456620
7471792
7475747
7479122
7492605
7495201
7498624
7503032
7518985
7531601
7548436
7556608
7562217
7565556
7579930
7583362
7601113
7605827
7624554
7626991
7635607
7638724
7643017
7645122
7646429
7664815
7677393
7679550
7687500
7704608
7709056
7717675
7718914
7719794
7720463
7767806
7771028
7783602
7790289
7826445
7831082
7833565
7853902
7864746
7907055
7936126
7939996
7950173
7968581
7973962
7980642
7985307
7996347
8002482
8011082
8014675
8032289
8046771
8049756
8055456
8062425
8063951
8069611
8070234
8071414
8072955
8074248
8077020
8078432
8086697
8087056
8089801
8101741
8116535
8119468
8123996
8168724
8172626
8190346
8195588
8209052
8212688
8229953
8244657
8249200
8274731
8278009
8280772
8317261
8333974
8340292
8362477
8368924
8397929
8419677
8423394
8445782
8452733
8453947
8455743
8459594
8466620
8474783
8474981
8482289
8485541
8509758
8520375
8527367
8527458
8530872
8535185
8552085
8572803
8581481
8587320
8587793
8587986
8603107
8605459
8606221
8615307
8620564
8622666
8642755
8680094
8682648
8702709
8705943
8716018
8720079
8722903
8726421
8734314
8752964
8787008
8799967
8811430
8817117
8832472
8857789
8882311
8912960
8919221
8922837
8924869
8927453
8931235
8933908
8956624
8962080
8966069
8976620
8977841
8995819
9017448
9030627
9035159
9036158
9042689
9057537
9059622
9070704
9097193
9113253
9125898
9137143
9147362
9164987
9173380
9184124
9190755
9205104
9206948
9218633
9230771
9233468
9252711
9260032
9260869
9273995
9278058
9281778
9289837
9303364
9311208
9312053
9316892
9317449
9322982
9339256
9341566
9349405
9366085
9369368
9385409
9396890
9415662
9416874
9417890
9421870
9434421
9443743
9453514
9456298
9464504
9472409
9485010
9485569
9485765
9495563
9500018
9504729
9508680
9523083
9543742
9547365
9552629
9564687
9566895
9601435
9603141
9604615
9612763
9622514
9629046
9639392
9639504
9643337
9646156
9669732
9675457
9681815
9696600
9708217
9729279
9734104
9742352
9746315
9757004
9759598
9785990
9794373
9795147
9812417
9820646
9845181
9845200
9850488
9851015
9854953
9880669
9892016
9898143
9905433
9905512
9910137
9914753
9915658
9921405
9922623
9923988
9931873
9935435
9940449
9948046
