1000
1322392490
9000000
8999999
8999998
8999997
8999996
8999995
8999994
8999993
8999992
8999991
8999990
8999989
8999988
8999987
8999986
8999985
8999984
8999983
8999982
8999981
8999980
8999979
8999978
8999977
8999976
8999975
8999974
8999973
8999972
8999971
8999970
8999969
8999968
8999967
8999966
8999965
8999964
8999963
8999962
8999961
8999960
8999959
8999958
8999957
8999956
8999955
8999954
8999953
8999952
8999951
8999950
8999949
8999948
8999947
8999946
8999945
8999944
8999943
8999942
8999941
8999940
8999939
8999938
8999937
8999936
8999935
8999934
8999933
8999932
8999931
8999930
8999929
8999928
8999927
8999926
8999925
8999924
8999923
8999922
8999921
8999920
8999919
8999918
8999917
8999916
8999915
8999914
8999913
8999912
8999911
8999910
8999909
8999908
8999907
8999906
8999905
8999904
8999903
8999902
8999901
8999900
8999899
8999898
8999897
8999896
8999895
8999894
8999893
8999892
8999891
8999890
8999889
8999888
8999887
8999886
8999885
8999884
8999883
8999882
8999881
8999880
8999879
8999878
8999877
8999876
8999875
8999874
8999873
8999872
8999871
8999870
8999869
8999868
8999867
8999866
8999865
8999864
8999863
8999862
8999861
8999860
8999859
8999858
8999857
8999856
8999855
8999854
8999853
8999852
8999851
8999850
8999849
8999848
8999847
8999846
8999845
8999844
8999843
8999842
8999841
8999840
8999839
8999838
8999837
8999836
8999835
8999834
8999833
8999832
8999831
8999830
8999829
8999828
8999827
8999826
8999825
8999824
8999823
8999822
8999821
8999820
8999819
8999818
8999817
8999816
8999815
8999814
8999813
8999812
8999811
8999810
8999809
8999808
8999807
8999806
8999805
8999804
8999803
8999802
8999801
8999800
8999799
8999798
8999797
8999796
8999795
8999794
8999793
8999792
8999791
8999790
8999789
8999788
8999787
8999786
8999785
8999784
8999783
8999782
8999781
8999780
8999779
8999778
8999777
8999776
8999775
8999774
8999773
8999772
8999771
8999770
8999769
8999768
8999767
8999766
8999765
8999764
8999763
8999762
8999761
8999760
8999759
8999758
8999757
8999756
8999755
8999754
8999753
8999752
8999751
8999750
8999749
8999748
8999747
8999746
8999745
8999744
8999743
8999742
8999741
8999740
8999739
8999738
8999737
8999736
8999735
8999734
8999733
8999732
8999731
8999730
8999729
8999728
8999727
8999726
8999725
8999724
8999723
8999722
8999721
8999720
8999719
8999718
8999717
8999716
8999715
8999714
8999713
8999712
8999711
8999710
8999709
8999708
8999707
8999706
8999705
8999704
8999703
8999702
8999701
8999700
8999699
8999698
8999697
8999696
8999695
8999694
8999693
8999692
8999691
8999690
8999689
8999688
8999687
8999686
8999685
8999684
8999683
8999682
8999681
8999680
8999679
8999678
8999677
8999676
8999675
8999674
8999673
8999672
8999671
8999670
8999669
8999668
8999667
8999666
8999665
8999664
8999663
8999662
8999661
8999660
8999659
8999658
8999657
8999656
8999655
8999654
8999653
8999652
8999651
8999650
8999649
8999648
8999647
8999646
8999645
8999644
8999643
8999642
8999641
8999640
8999639
8999638
8999637
8999636
8999635
8999634
8999633
8999632
8999631
8999630
8999629
8999628
8999627
8999626
8999625
8999624
8999623
8999622
8999621
8999620
8999619
8999618
8999617
8999616
8999615
8999614
8999613
8999612
8999611
8999610
8999609
8999608
8999607
8999606
8999605
8999604
8999603
8999602
8999601
8999600
8999599
8999598
8999597
8999596
8999595
8999594
8999593
8999592
8999591
8999590
8999589
8999588
8999587
8999586
8999585
8999584
8999583
8999582
8999581
8999580
8999579
8999578
8999577
8999576
8999575
8999574
8999573
8999572
8999571
8999570
8999569
8999568
8999567
8999566
8999565
8999564
8999563
8999562
8999561
8999560
8999559
8999558
8999557
8999556
8999555
8999554
8999553
8999552
8999551
8999550
8999549
8999548
8999547
8999546
8999545
8999544
8999543
8999542
8999541
8999540
8999539
8999538
8999537
8999536
8999535
8999534
8999533
8999532
8999531
8999530
8999529
8999528
8999527
8999526
8999525
8999524
8999523
8999522
8999521
8999520
8999519
8999518
8999517
8999516
8999515
8999514
8999513
8999512
8999511
8999510
8999509
8999508
8999507
8999506
8999505
8999504
8999503
8999502
8999501
8999500
8999499
8999498
8999497
8999496
8999495
8999494
8999493
8999492
8999491
