1000
7358473
5178810
5266432
5642822
1194269
5646846
2028095
8102600
5436249
8810537
3870647
6701449
4362842
9614822
9566911
3071562
9992089
3352131
8861897
7535429
2901345
1718195
2541877
8927358
9538367
8272117
9287886
7576431
7556306
7379662
3929238
2656890
5035188
4512062
4407630
7508770
2538631
8903609
5808937
5433042
8441931
1359379
2948450
9942689
2161495
8304145
4708523
2277582
3879271
1626909
7146856
5265512
2700645
3239865
9194756
4554401
3980443
3790215
3192434
9583115
7149105
5419840
1323167
3436146
4097850
1836523
4929830
5301035
4039508
4573944
3276396
5913652
6149287
4110973
1261453
1411142
4690693
2515200
8240407
6125392
1491276
4829285
1039118
9342093
4084001
8767225
8834712
6958008
7481717
6124903
7127546
4135038
4444588
7815610
2118690
2263884
9545412
4508155
4480895
1484498
3695315
6765093
2440791
2327032
8401141
1344751
3169152
4172191
5310861
9183218
4169648
7832225
7085841
5968203
4421921
9165941
7420955
7639073
7207784
1595781
3289181
6352746
9301709
1312394
5018693
3650146
4675464
9249882
6194930
1256886
6867906
6697815
6940798
3578880
8083578
4873012
7924421
2708882
6191562
7393835
7115285
6693551
3744777
9103705
1803343
4419343
2332954
8310902
5740380
6406331
4135773
6481014
6309236
9154978
4314628
8672685
6254219
1145210
8666817
3994146
2980869
2105914
4131927
9219490
6477188
1250783
8302510
1081816
5263231
9451733
3008843
5954083
5475974
8949440
8829080
1200152
9911100
1160890
6972120
6529832
7116405
4605270
8987150
1888397
8564152
1812406
5230990
5112960
7736454
4279218
1843300
3122078
5496331
3678641
4937933
9972035
1211741
2541404
7273939
9269670
9617548
9580712
2301908
7839023
5958497
4766940
7527749
1645814
2793770
7996763
1005772
5446437
2125180
2915283
7211916
4416080
9663146
9899038
8272164
1704579
5784942
8242936
1965674
7049772
7149830
2201738
4643420
5515810
6853505
5428926
1180816
7247117
6306522
8776964
9603885
7441519
8634908
7409763
9792737
8213634
1415183
3034618
7022245
6557964
1542115
3073649
7799438
2849608
3332306
6362851
5825502
6160446
5223787
6674254
2410922
1215484
1003285
5727382
8305797
9352182
3547784
1799190
1286390
6614236
7234714
8015831
6685349
6790282
1849057
3125742
3118132
4008717
7171349
3744384
4008556
4302436
6415408
6422464
3750149
4836524
2957593
7742860
7506803
9369776
7148581
2664412
9560933
7317168
6243487
1146948
5909224
7092368
1709906
1525619
7169044
2458964
7962021
9104468
5706557
8327802
6147583
8147291
5314621
8085095
5500379
2966420
3411704
7761958
4761053
9595249
9449849
2975462
6506677
7114049
4321851
3321098
8088476
6052536
7112427
2841702
2636406
8178852
5829772
2981128
5724223
4695525
6715227
6962701
4633817
3683688
3521517
3669877
7110845
4154485
2964421
5830728
3267560
1301126
4375906
5886946
7867761
6904874
7288865
4659052
8297336
1452907
7438344
4953484
3609345
2357876
2074419
4764664
4070881
2375942
6675266
4212766
7015880
7380340
4053450
8264006
5279048
4762885
2915684
7766084
8756301
3739977
7500883
8882040
6455822
1253639
3668826
5037591
7989571
3876797
4203430
9841087
3308753
6028889
6027727
7538550
9249154
3548263
9533293
5623020
9857928
8887643
5213745
4617129
4207275
4565081
4463594
8291905
1053137
6642882
8368498
2516615
5140126
2014545
6361656
7369846
5096732
9389830
7521575
4519935
8887013
6488130
5978071
9959751
4635751
3179723
6110899
1827760
8816592
7344186
6819035
6744203
1358435
5701274
8372394
3365379
2426833
9218419
9464603
6531580
4689843
4998775
3520312
4453669
6055520
3770620
4837292
8283660
9183266
1574307
2863250
4202792
6058174
9699336
6405149
4479228
1188564
7913106
6945737
8139585
8317372
5378715
9106690
2409804
6820698
7631500
2007453
4870522
1306003
8522378
3890788
3193608
5350336
5332629
7171230
4523760
7260475
4784219
9758334
7032920
3986808
9575951
4014394
2672523
8501094
4686767
4355391
4656093
1537063
2461237
2178804
1508811
4264996
1034581
1651605
1225345
9380189
4326111
1976073
7350807
9679023
3877335
6651758
9043565
1009727
9444779
4352803
9541710
5019775
1279476
6965998
2121227
6204382
6457073
5990536
8151800
9953677
8536823
7013054
1001316
6137296
9728820
8153106
2837300
8209762
1911325
7950794
5823040
6757484
7033013
7453086
6499330
3183623
7365321
1436720
8874419
5764464
2271762
9256264
3731888
6100924
2696881
3682029
9540876
8650884
9116793
1503115
3969143
6885547
1858865
4339066
6052863
6493183
8681527
9144403
1670461
5368684
2753917
7115801
3325266
3095335
6832006
5383078
2351963
9892090
4815952
6013483
8734298
8134939
5581920
5699132
2725742
8008754
6154346
3372539
9842629
4726155
7815199
2425092
7396544
5505585
5172068
3141114
2136095
7532052
8585303
8118673
3959246
6998340
6593908
5265771
1410095
5586134
3869928
5102614
9880657
1149199
6742965
9158686
5928561
8920416
1437263
7265304
9563495
4750585
9294062
9581935
1068100
1951905
2114580
1555339
9346378
3293765
4517728
7235255
9837300
2302103
4608523
8202033
1296150
6859097
2911202
1601680
6014295
4079914
4886357
1874409
9936141
6803520
2640983
2030034
8086193
6113567
8272839
2930195
4157453
3767762
5668181
6163530
8280906
2733255
7174799
6390479
2370030
2698248
8309261
4516376
2763693
9435480
7445140
8453125
7449519
7677043
2330128
3636335
3097257
9773881
9227605
8658693
8774992
1669412
6685214
6263599
2562642
4057472
4349430
6062134
7827926
2073187
4043671
4519164
5336287
6601966
2523385
7586049
6428196
1135290
7253204
5193198
2314956
4452199
8392537
2623805
7058703
9150593
9531293
2656912
4411607
4756116
7069718
7344378
7058791
8299723
8806523
3103748
7266516
6912083
4765326
6028969
1533843
3886485
5939853
3593276
7882715
7666204
6216904
5495104
3351652
5828404
4501981
5250272
3146159
1224684
7346602
7856609
5403135
9013885
5338265
4029117
3428359
2469340
6651250
7978825
2556205
5518093
6610357
3575217
9368655
9263297
9679782
4821459
8179908
4926609
6789934
4640906
4520054
1696011
4446894
6396613
2917950
6202820
5117062
5751519
6171303
7512231
9803727
3295519
2940559
7739614
7558429
7901555
6716762
6703216
1583256
5537914
6516209
1116954
3155052
4247343
1058986
8045344
2156791
4129117
7005369
3111997
2241778
6766159
9944095
2812369
9468395
6731527
8005185
5648636
2915881
7304154
8629852
7658313
2554809
5941042
5765494
5999732
4215288
7262597
7331688
8906743
2766993
6229436
5986554
1392458
4014296
5766990
4554438
4546169
8020384
6336598
5427786
2171347
4694297
6545739
1108095
8485368
5371182
1634247
4904070
5366130
4930685
1828762
2480429
6664808
3992943
2259592
8615542
7505752
4782466
8881281
3818472
5111635
9474524
7117631
3494305
1375085
9677666
4326926
6863868
4711821
5462257
4985847
1038798
7034449
4229060
2170181
7451702
2307271
6843535
5938156
2844557
7989680
7640075
6789455
1709820
8650702
5109497
9407802
1632845
4937904
5947708
6070639
7815612
5237707
4811809
1499493
6672374
9603571
8848321
6429445
1481521
3531754
6507682
8550719
9764054
8130281
9374987
9145390
2973260
1527749
5635470
3635319
2394678
3420381
9741073
9961016
2626503
1782689
3727576
1937287
2602092
7480981
4613644
1221144
8684530
1556950
9713920
9597459
8560681
5579140
6447078
7124214
1696344
2190834
3778132
5965287
2247282
3629146
6640652
4214029
5698809
8976580
2867971
7876784
3298009
4067889
1611986
2433990
6033423
6190803
6505787
2099343
3947819
1285031
8901493
8270492
1807347
6461230
1946058
7260420
9375690
7079113
8608336
2003495
3820976
8689331
5964046
6559375
4229290
3970140
8987681
1736435
8906780
8838715
2725295
1047814
3940206
3539116
4375843
5068056
3216380
4817251
5161474
5835252
5269802
6776895
3610588
7464818
1898879
5230818
7113998
5104478
1435712
1848760
7918151
2737080
2957216
6683391
9120673
7588718
8864894
2026311
7128889
9849703
3901071
6185282
6222202
2154354
9881700
7714765
5612190
9580191
5561942
3960416
2552950
1251740
9038664
2114899
3293155
9597019
6619566
6962394
1644717
4832953
4469604
7133915
3943395
4312899
5699793
6644565
3831691
4003036
1479989
1476035
2151141
6999834
2011504
2978513
1745650
3670331
4551236
3211262
5111762
7687506
9402764
1570020
5061029
2145519
2904343
3194933
5182769
2771126
4964079
5174278
8340925
3150382
2382998
2686432
1700597
5718477
6430899
