10000
1835298
1353591
2484199
4198954
6065310
8564586
6066574
7378876
5844639
2789924
5744672
9123475
5638811
2126852
1139908
1860898
3167308
9966118
1491081
3824737
7366899
8163766
2567339
6438364
6383932
2281294
2455986
1835780
8751025
2334045
5299289
1855621
5086266
1046162
5474884
7339256
3373261
4444018
6821117
6490905
2809274
1282863
5805104
7224963
1640698
8850666
4219420
1112379
9585208
5381435
2231500
9226251
5456079
4987527
7163807
3107593
5906109
7947849
3561780
9478279
1638535
4061620
9323081
5515940
1710783
3725975
1626308
6479308
6237499
7602314
8777139
2059459
2993719
5703201
8970401
2592616
4210237
2121751
6225953
9603799
8916403
7090894
4649087
7053751
3034189
3316988
9292892
7838519
7988748
8145976
6199130
4049715
9242854
7386756
8085521
7163779
5290135
8422509
9163376
4224558
7927624
3965034
4996719
5869299
7850414
2252770
4399267
3412225
5094934
2091618
9526442
8445471
4599454
4573253
4808922
2570718
4731911
1639261
8201429
5877047
5787409
1212401
4216766
4773295
9356950
8943439
7754449
6989138
3050227
7905573
3062575
9262751
9668700
7581306
2145977
1096632
5014575
6170731
7627527
6644182
8363219
2337187
3089328
4142619
5642537
7119066
9756204
2120464
7202619
3331098
1203519
6633224
2105499
6755646
3909608
9647060
6026487
5179292
2866674
9578001
6622739
7143461
9442050
5595999
4012950
5619971
7718465
2147651
9988497
4664962
5246356
2096712
4809453
5482554
3179250
8893218
9532372
9215908
5758485
4361132
9593154
8585891
5209236
4210618
1917204
8118021
3093622
8986881
7325056
8967347
1484971
6746030
4277127
9143262
1640527
6765477
7232760
7598739
7275544
7056764
6147790
1447672
8457050
3584335
3783460
5574687
6963424
5827157
6863454
4853610
2758669
5955930
3607515
4015905
2732154
9872943
4071018
5614096
3961666
1645767
3118642
6761508
5273156
3469644
1697462
4882320
6280624
2094730
8926744
1695731
2514237
1549290
1581068
3734789
8516562
6003474
9895919
9245962
5138730
4536307
3866361
4761798
9683085
6183435
2436096
3055114
2347588
2810661
5822982
6594694
7992484
2791254
4523461
3140623
1264478
6650169
2434826
8374772
2825309
7516829
8184143
9900708
2656145
7587070
1481796
5709570
5590891
4795314
5544280
7784627
1768321
6236525
8950211
1172119
7910108
4565055
8064287
5561831
7463583
1914220
8068216
8842431
6811402
7673477
5918353
2797877
1554992
7354453
4982377
4302776
1563668
3207519
3884661
6095836
5295299
9218855
2215750
6060989
1064693
9478710
4619845
7830875
2748852
1607346
9161437
8285709
8567538
1237029
8035105
7203313
3856461
2998981
8112384
5950715
8794406
3547405
9005390
8318164
1070186
6341490
3710052
9383749
6695679
7193536
4932697
5048693
8623003
3489150
9487713
5212583
4769745
6348511
8798383
2839000
4271948
7257291
1188247
8573032
8925760
8111430
8613262
3543918
3597741
6807056
7666925
7943674
5532295
4981373
1210035
1102485
9573588
1067557
9858634
2843132
7101902
8041751
9719508
3877189
5128297
4842906
2249319
4092145
2522941
5783237
2322590
2460243
2200503
3721559
6127465
2475040
7776509
7874393
1087166
9261720
9359216
6245700
3314129
3116532
3066526
1158782
1516449
5973017
6423927
6916313
7378917
2104924
3181783
7862405
3196119
7056718
4897190
9947524
7021742
4132258
8354532
5398167
9383857
3924949
7624383
4928104
1715154
5703709
6825713
7599191
9303385
6155358
5181645
1679225
7048290
4270465
2115674
8968095
8395489
6340574
5043970
3664699
5559771
9633844
5245892
8849729
2341944
6177543
8386729
2565619
1499935
1197761
6746883
6728485
5502970
2815868
3838188
5806787
8094459
7169039
8528580
7062392
5366182
3379184
6632828
1871089
9268321
1403977
9920667
6449145
3879400
1498846
2993686
9782574
9631381
1323406
1360916
8202396
6153792
3486799
2348394
7992024
4787698
9725752
5858252
6246672
4221407
5374698
3363788
4907226
8049836
9058591
1788975
8191931
9637215
1204421
9183229
1043961
1783142
8326061
4400785
6650595
2488129
5327463
6131546
8975008
1700707
6880681
9268360
2737837
1120470
8049800
1135474
7611019
3862375
7823422
4137710
4040808
9805577
3656469
2623025
3246717
3773053
7057643
4958649
3386273
2034370
4791703
9067657
2580268
2271752
4508499
9156197
6395174
9301315
4596931
9375526
5035825
7508557
5207460
9697687
6277853
4290412
8585729
8698456
5808635
7874085
4400379
7408521
5278036
9847584
4373391
7105475
3233075
9097654
9054036
2605171
1894553
6735695
6651301
5651047
8794344
4821161
4231100
7076190
6124978
1657525
3960393
6781338
8754994
7745747
3713097
8056641
1959843
8967512
5399714
3286564
9357049
4616030
9802863
9782998
4367869
6961460
4358079
8130984
9970493
6492495
7978867
8282532
6044899
9402632
4648895
6136680
8692509
9162991
5974929
8191940
2052398
4145720
1659400
6470431
5084003
8202404
1309199
1505390
1232736
6479827
1681219
4282062
3195724
5521952
7180298
2748340
6797115
8485628
4794021
2617138
1026915
7840279
5188254
3453772
3636113
1797620
7534805
2786498
2444068
9196643
2489072
8517904
3940963
2918324
6822682
6625756
1904251
4078273
7107398
7883687
4622132
1715341
9514188
8367647
4490501
8195676
8119436
4849403
6134485
1314746
9217648
8086488
8361036
2196951
5852111
5101891
5622753
6631954
4182991
6232256
8912469
5469061
3497179
7287265
2860496
2616457
2927838
1567001
8023659
2751803
6027118
9015171
5665390
3281502
4023365
8820286
8570507
4584033
9242285
2006860
6723451
9904860
7820498
9587323
2863928
6720535
4339836
9122402
5426283
4176931
5815590
1171135
5889447
3627268
4221384
3181023
6196422
2671094
9577340
8912823
4409058
1932591
1422272
4637067
9979239
6810381
6530975
7522452
6922783
3342705
7373877
1659038
7220622
2662715
8377746
9302738
8115952
9980135
6288391
4397776
4087464
2495471
4546608
8362361
8327651
1800066
6389617
2094763
6644228
8540749
4489372
4875917
8262265
2813712
7915330
8772789
1490006
5030284
7938112
3185584
3732353
5767146
2840268
3159081
1592670
5558983
1787280
7015725
6862380
7720630
4539991
7022301
3655656
9374958
4069462
5470125
5642944
5683333
9929061
9907724
8675539
6933252
1273454
3505947
5406775
8922853
2635253
5588267
2904316
2854905
6271745
4584626
3110456
1258894
9244770
1146558
8353098
8815495
5599324
3271620
8080467
1556214
5973876
2308386
1024514
4924167
2970208
9918355
7642175
8916494
2810156
4412034
2843274
7124204
6352282
5681546
4128606
7963245
4909329
5238389
2003928
1752405
5906787
4096026
2097013
3159259
4384024
9870620
5557011
6985549
7415279
9286656
6601918
7744389
4901542
4480558
7867598
7745876
4953079
4035251
3598639
4778285
3967438
1152406
9010954
6871597
1342728
2884153
5878147
4280129
1337799
8090089
6116131
6990567
6874020
8928201
3660927
1454401
6332388
9864539
3109576
8572599
1258183
2803872
9721420
6716436
9211812
9282001
9168766
5461947
9840945
9909982
2943081
7191986
3841395
2887671
2049931
2728582
5140001
1425104
7798616
6625361
8023229
2495729
9882349
3087177
6791102
5889070
7465318
7999722
4897248
9347476
4689098
3641798
3272717
1935044
4432342
6312483
3223232
2137948
6686471
8489245
1577784
7531452
8269229
3250421
6839075
5290013
6680388
4270777
1065251
6681080
9961069
9623805
7272445
8950021
4255837
5586409
8626399
4850289
7334988
5594236
2622546
6749942
1752409
8510690
8418506
7857149
1653268
9708433
5994138
3685054
1567468
9267026
7924515
5190835
2400490
3387261
6409014
3785040
1934342
9560724
1326039
3396424
7599849
4072172
5195293
3470491
7961379
8057601
3538385
3052019
5021255
5375737
7787716
4486801
5372708
6060283
9311508
6346434
2929533
2561504
7851888
9783559
9657411
6492009
3599697
7541509
4551793
5515419
8431076
8243409
4853408
9760128
2409030
9377520
8639749
4413184
4568647
5288861
6041433
9323319
7199939
3031923
8972583
2190559
9945980
5887805
2627027
2659744
7687860
5777651
9572617
8861222
7859099
1503360
5189484
8884308
4604300
7305889
2868441
4880191
1058845
6521199
1323803
2213621
9764062
7265720
7707776
1495407
4207634
3779666
5383980
2768524
6242348
8690865
8795189
6759887
1847588
2032827
2910231
6700706
4867875
3823289
2982521
4010892
9817715
9364400
3171240
1956497
7595163
6265592
7957027
5907345
3713465
7154307
9777271
7359299
4887385
1067881
9817851
8804186
4665942
2608099
2883839
2032335
6882774
7997214
8564969
3442144
1517043
7680090
2925248
1365193
3594200
4524035
8326693
5350666
3261864
1103815
3154063
1242777
1114534
3342504
4051054
4660264
5253337
2127052
2423227
6126881
2464118
6856826
6682414
1702409
7230746
6351167
8980192
7011874
8919552
9753377
1973338
6008140
6947409
4343706
9456141
4096925
9428194
5983385
7630492
9563472
4999539
1671325
8004400
2768116
4523069
3519251
9382011
7612878
9572115
7944802
3316079
7234089
8697788
5535420
1710352
1491579
4692784
8567534
1732823
5393883
1809658
9894962
8952857
7863153
8402470
8215372
8295271
7123550
4050091
1904036
5380799
1271781
7808218
2469003
7127300
6117570
7837832
1845425
1270834
2873121
9536784
7020885
2058140
3427497
4513333
6841725
6236234
3349674
1813511
8033752
8433277
2890035
7129476
9115314
6587837
5825312
2882106
7702671
6313598
2936876
2027994
7360187
7761942
8972915
2431871
6112808
2780410
4128194
6425759
8736889
1570442
5197546
3513817
4987142
5255786
4169914
5889096
8878311
2990379
3859284
8624943
9436422
3460770
4238234
2038262
1017280
9895271
9348825
7121381
7660308
2927913
7046174
4815951
6415774
2117696
7337968
5652024
2433821
6995443
9667437
3541426
7671243
3995435
3510249
4605172
2462604
9900224
2789308
6688525
8277250
6162787
5013546
1126888
2985799
7268045
9197472
8353680
4264212
2819902
8298140
1825455
7698105
3633840
7525877
3918882
6341238
7184053
7142581
1224999
4480472
4812478
5389676
5259353
4731055
2186398
5846566
3886675
5741887
8225495
7797342
5126012
8806580
9105676
3907372
2821643
4335796
8323446
7016276
5472571
4815430
2001387
5945321
9969976
9103240
9703604
3164113
4265115
4632753
4697454
5875474
6402835
7516083
5422124
5206981
9843932
4595934
7780131
7947984
6236565
3103496
6542006
3570073
3075589
9834847
9635244
3581985
4951526
2823371
6935455
5037264
9686645
6998759
5471134
8435207
9265384
8844777
2721261
5549402
9903850
6459466
7785323
7592142
8410899
7718326
1490125
1054120
6836196
1472687
1508345
8127232
1965946
7045286
5706694
1669022
9224160
2489867
3727371
3715459
9260650
7768142
8194542
1558050
4400255
3510294
1494998
8319183
6162376
4945362
8582698
7055728
7697999
5748326
4504299
5829163
2744817
8781224
2529824
7892487
4742583
7473626
2329041
6177350
5891409
1743233
9423399
4980635
6916805
2802886
5751690
5629872
1459919
3475077
1498083
4201643
6376930
4343332
7958283
7557713
4379670
5269301
2727868
3082002
5934810
2100951
2606935
6458423
5869932
4850457
5824326
8707704
8113942
1007799
2898595
2993458
7101036
4124433
7867488
5649521
8848244
4638962
2073977
9283617
4300190
7160030
1560287
4312978
3725068
6320904
3983279
6980037
3068547
7505249
7908090
2750065
4254707
6874996
1003070
7295819
3752452
3748289
9746638
8504556
2390994
7082527
5496438
1111452
2884002
4028103
9599930
6610983
3835838
9389582
5686527
8813166
6967413
8022443
9635657
2793689
6983247
6634082
6081951
7134243
1190008
4716447
3189285
3276917
5881986
2798853
8303921
1260863
8866305
6052872
2206833
3084755
7132634
2537330
1635610
6475308
7031203
4048811
5955828
3289255
3813353
2350507
1278085
5227999
4917030
9246412
5525834
4574334
4503913
8773138
4459254
3130194
9136843
7487558
3178901
5594254
8696888
5434651
4041224
5217074
1882675
8018943
7427582
6735941
6019397
9813998
4219208
6973545
3374327
1224243
4046047
7669495
1070966
7881000
9233610
1710212
7109271
4927383
7876754
3838635
3756924
3592849
9254122
4025531
2338406
7314830
7794753
4201700
2162523
7939253
4146162
2135286
6280074
2117662
2946622
3537450
3852461
7645061
1848704
1293228
9409086
3811745
2833586
5990024
5015726
2407293
2863975
7548908
9471394
3682390
2345720
1329774
3870543
1011494
2298635
5745510
2197768
1444631
6735025
4081806
1167645
8540027
4314367
6924409
5972502
3806771
8307520
8595777
2781409
6138782
5817857
8139733
9673449
9514708
5053742
9747626
7711855
9952123
9871339
9974504
2203374
3271888
7436333
4743328
5789674
6551089
1047394
7931395
5384560
4805218
5311430
1547054
2648412
6059078
7561689
6370900
8375751
7988600
1902213
1035347
2081464
9995162
9815340
5015748
7205174
6484716
8288714
7998245
1038451
2907960
1426007
7325728
8706051
2973918
4893328
6103568
2114860
6332387
1957679
6791762
9235904
7542662
3075816
6093618
4428626
7384245
9670957
6895991
8176334
5248900
3667933
5779049
7909260
3217471
8762809
5370272
8245046
1394402
8595463
1822752
3533784
9425014
5624802
1647388
7652448
2980639
1843738
8227464
6564823
2769875
4107753
3709034
4199479
5551460
6658326
9849067
8755030
2540640
2819918
4333762
2800625
8921776
2617047
7465160
2779068
6171951
2434598
6058315
1306106
2060821
6181085
5019948
6547000
7329533
8721694
5326531
5447687
5005563
6656195
3651142
6676386
6647545
9042329
5014877
9851989
2871458
1006705
3125200
8158935
4079808
8110833
4690068
2869954
3792915
2778452
5063659
4786568
8290810
1607030
4040267
1867952
1049614
7728739
9950098
3624650
2204196
8437400
2921823
1005375
1904626
7778162
2701659
7641317
4813893
1235566
2600569
6807858
8063858
9373297
4563443
6588135
3920100
9576881
3312079
6049439
7860429
1252411
5027681
9987080
8374063
3216407
5989993
2449674
3609307
1530418
8765087
9588462
5538187
1883626
2631470
4205376
7052045
3738703
6498767
8307256
4252384
4315609
2077631
1723606
4367212
8792509
8290450
7349989
3048068
4945988
9254273
5972762
3574478
6687789
6607825
8180332
2518390
9591946
9911205
5002382
9742014
8892713
6873038
8224268
8114194
9636988
2834689
9432882
8738995
5072947
9418378
1802252
8939985
7613049
8923431
6152241
6469494
9375349
3993270
9097337
9582536
3872994
1444907
7772785
4598415
6045514
4074852
3896925
9419047
6290614
9760927
4752982
8357735
8966049
2938462
3363308
1548178
8664085
3009080
8572805
9233700
2395622
6629099
4679991
9291169
1384463
7028880
8453027
9812498
5778426
5082879
2145123
6403297
3407492
5450852
9323006
6579407
9365344
9724450
6708633
3604955
1266060
9359726
1426632
5121356
1912449
2417798
5958766
7826530
9399966
7812715
9483850
6794041
2637055
7020467
4841338
7484607
7043339
4919204
9723020
6514904
4201644
1292717
3388931
2295646
3596754
8248222
9232872
9310510
7926642
8109235
9850873
8738841
8934147
3939947
6721286
6143351
4505234
3788951
4384394
2225914
7433431
4307281
7525511
3357481
2500871
7573179
5081493
8061011
4703916
5764937
4024069
7680510
8691274
7615384
6075753
5337848
8344803
2454207
6612623
7638365
8393830
1805518
2137470
6476865
5104492
9374551
5604151
8986080
5994091
4557985
4065192
8628499
9053423
4662476
1561541
2305373
3769062
9762393
3005369
7167061
4172882
3906392
9926740
9325470
4538421
3067407
2877989
2209205
4787344
2860545
5310522
4788035
4670469
5948773
8273886
7915459
4046622
8711503
1243995
6192253
7012541
1482660
6849192
5280187
7941406
1757842
1423949
9006955
5540451
9313661
6415516
8241174
3418910
9563193
3501467
3986055
4876252
6152475
7050447
5192992
4221296
9362818
6910627
8503400
8509878
2162166
9083227
4375328
9425282
8102318
2311538
5985704
1197936
2117360
9401442
9960853
9007525
2809468
8215533
5814053
7916694
1284233
5159360
2092805
2336584
8126275
4555096
7646658
9385536
5702509
8434808
7862678
4869028
2800618
6268713
1440997
2669050
9863026
4742003
6383608
1369968
9875355
2518596
2574152
4269459
7036700
8040559
6346870
5324140
4976217
6010887
3990610
2619512
8682051
1971963
6359075
3984472
7859656
5634573
7970326
3059409
8806050
3294158
7930313
5885660
2118851
2441652
4775945
7760736
9955145
5546368
2692705
2166319
2766749
5011473
6151670
4726895
6305994
4206565
1646888
1356826
6291035
1383857
5785691
1375761
7074989
4245335
8747910
6416124
2434358
7018096
8837387
4433302
5038109
1245995
2637608
9347223
5205500
1756036
5827020
3932057
9670938
7680880
6957301
9568495
3151949
7971497
4051913
9142091
6083176
3924430
2670522
2566376
3194176
6878549
1429247
7761592
4590541
2420355
1560208
1545775
3163254
5489891
3648129
2586711
4303621
2255453
5127083
7800733
7819556
2510250
5437815
9882733
3729055
4679509
2667507
7182106
6278483
6016788
9363961
7407496
7482647
2105224
9823125
6275030
5534905
3079626
2066814
4593990
4309971
1361775
7701833
7979639
7535456
5569669
3179657
4447037
5994681
7413310
2071691
9412192
3362860
6502700
4124576
4618315
1874302
3431094
8605708
9386438
9340119
2801955
2158246
3415158
9174966
9013429
1347784
4804011
9797870
9003471
9825585
8303306
2871401
5283058
6906455
2557381
2140228
5281237
2725426
8720976
7293082
6926748
9741655
3814509
8408796
8804051
7857906
3459651
2643184
2712883
7924790
7410531
8631241
4486396
4189785
9910420
3855159
5569931
8314859
2327455
6345191
6474566
3817334
2098725
5708182
6754774
6208412
3209112
7515537
2618125
2263317
3885055
4874776
1122129
1778471
8800351
1407292
2688528
2355522
4271726
1826829
2651300
4375379
4486106
8856008
4664072
1656249
2182762
6709640
9508260
5396678
1020019
1481604
5514342
8836728
9500958
2740289
4231130
3543079
6629696
3837736
8611884
9752792
1269635
2735179
7450148
7118067
1392827
4213355
2931609
9019034
2460588
7241133
2031873
2007835
6704866
5432893
7734664
7510662
9061193
3248290
7222351
1560074
3453271
6148852
3885559
9655012
1571390
7679931
1520510
7606569
4138143
4384185
5956090
1601902
8746444
5366866
7709444
6064644
6703500
9860002
7044264
4464633
1747116
4495079
6685538
4468253
9615196
7805680
9296410
7615401
8229857
3472381
2688548
6910614
8121762
9396296
3618465
2733092
3456933
8494476
1552938
4766729
4520746
6382324
6926647
4433884
7730273
3278342
9587299
7217138
1381376
9715098
4811787
9523631
5700791
3451652
1636175
1005465
5466000
2441465
5455272
1357497
5836729
6637881
1537530
2847602
7447029
3984769
5714100
1507991
1843866
6479220
9372079
9383143
9951484
3693369
7223643
6321796
4718978
7774272
7892400
1312755
7393751
5090048
7985732
8476229
4359157
9231228
9724768
7699343
7434557
7370584
6818072
6029798
4419082
7328454
1753227
5139615
8088287
3776716
5675528
8636549
6195766
3115386
2382003
2720899
8302243
1591616
5593262
2321045
7214552
8416550
2017539
4614905
9245531
2705039
4285137
8586746
5147125
3282879
2677941
3693192
9087436
8802524
8961052
9146577
9521323
5615923
1904134
6617428
9788201
4276132
6511070
6454031
7058576
3979127
8405423
4873590
6911967
4451672
6212945
3168463
8569051
2787696
9241220
3290499
9527905
8152870
4239372
6566087
3498903
8540837
6576263
8500819
8689116
7352015
7965315
5202921
2536389
4828809
2983924
5946089
6290418
3700552
6430836
2817284
4054073
1901524
7545459
8235239
1504209
9592154
4295850
2350466
6681826
8495464
9733819
1269954
1832747
4663580
7807060
1343042
1154068
2197798
2388404
6463072
7967062
8508095
3181685
6141806
7094120
5621024
7797675
6157383
5500803
5600055
5679195
3958044
9816864
7202119
3099640
8798215
4738577
3976294
6794002
5268823
3988134
9708228
6475817
6383188
1144377
8414290
4222313
8294293
5172028
5237617
4201446
5223999
3043954
5933885
4625778
9124097
3444883
4372712
1811340
6579061
3480436
7936570
2474308
3397400
2056390
1299080
6178364
6689781
2965822
9202332
9397146
9074958
4243526
9546598
9878172
9527323
2375099
6685200
9683571
5010336
6919254
2204311
4920643
1556385
6963151
2933048
3657002
5758241
1842415
9015177
8839047
7907915
1527308
5844033
7535357
4333791
3261691
9791041
2782673
2029473
3696681
9510820
4529280
9368877
7742155
2457572
4931181
6662751
9132431
2396518
7431994
6068089
9541819
7594592
1872125
9533286
1240533
1683026
8302253
7637574
9160283
9744882
5051333
1902938
4561932
8332460
8551016
5183313
1537870
7141560
6800317
8610867
3908873
6548157
1117966
5428710
8861469
9146079
9748316
3579598
3953576
2179300
6137070
1956058
2028394
8463636
7505426
3594956
5777357
9071105
2855451
9030784
7742887
5006988
2503836
3156624
3198267
1817410
5481283
6042415
6226400
2999127
8471618
5519972
9738031
1372984
2057786
8825472
4519819
8339278
3560690
8207730
8532484
7003609
1513007
8681866
5382484
9428243
4084724
2013461
3944167
3321350
3349076
2963680
2315693
2808583
8369373
1396976
9750954
3121989
6253648
8527664
2753048
2108388
6619607
3444299
6712771
6678790
3286582
3501532
6413853
1557955
8951053
4537283
3030020
7778127
4471341
6163490
7449889
4055676
2528602
4123296
9500418
6066905
2551096
5604957
9848299
4184683
5411401
7110495
5688848
9709147
9067622
8165212
7854183
2468455
1725420
8138864
7127692
5571604
8171449
8152144
1087052
2577820
3930567
7090359
9999799
5754772
5964328
8308329
9085312
2473360
1109284
5095462
7900319
2880690
6501039
3177896
4157601
5885232
7813550
4924119
7181326
3686845
5324740
6701100
5577540
9799834
6620368
7721188
4366074
3257773
6120811
3460150
7861496
6661586
8552567
5826264
3454885
8889313
8143785
7465831
4764218
5603415
5987169
8231229
9297989
2676169
1207154
3513432
2602328
2759869
8805558
3291591
5325140
9563355
2464332
2631022
1977152
1685492
5024405
9608990
9047183
9425416
7741811
2246510
1367096
8939285
4761492
9696646
6573792
2017061
6433014
4741101
3196974
4851889
1675995
8363071
6003301
6311189
3414015
4500085
5087576
9606396
6813336
7734855
7376561
7491796
5357749
9594261
7496882
2662324
4009122
9584798
5944960
3564964
8451155
1089839
8317829
7953485
1158192
1556279
1458782
4376642
6224416
4382361
7175244
2187990
2037209
9692500
1025575
6511535
9369687
8171495
7827272
3554307
7309204
5139128
8286309
6032530
6453063
6519678
7276731
7058851
8232287
2496572
1298104
3408466
4329034
9314337
2662807
5113377
4389690
8792285
7910263
8848686
4182576
6156421
2571294
9298622
8823899
3250227
1533346
5413911
4056027
3542191
9352872
8756259
3419585
9458361
5934554
7153763
5095210
2245563
2614227
1993361
8540773
5329777
4973220
9262674
7496968
6628556
7739437
9778083
9297114
1921215
8889396
5952210
2171637
3744513
1033450
3431384
9907258
2900468
3389830
4330493
5732146
4076052
4732506
2314836
3393849
8476475
1129677
8461248
4204310
8061787
3814033
4075230
5062394
1826917
4065671
3375492
4807429
1253473
7124727
7403649
4767768
1530358
8282325
1616470
7093302
6346916
8520176
9628037
5512652
8339943
7618997
7909305
1316947
4990078
7352828
2965085
9062771
4809660
1607281
9670281
6898811
1006342
6955342
9241601
8116071
3868158
9293263
2866295
9854218
5093879
4241518
6166356
4113132
2033041
2443105
3408802
4822997
5305334
3306465
7416501
8982626
5094109
3708492
5509146
9072592
5179390
1371862
3862448
9915695
8208078
7800412
3971237
9035418
1801109
5735249
1913243
4608668
8167710
3610252
8798077
5733621
3805454
5290482
1266340
3230022
3678024
1346776
9072854
3197937
6486823
7437677
5115160
3550828
8294157
9771718
3596898
4696032
6220227
2567929
3019059
6790213
8186393
2532870
9892270
6975857
4149319
3624379
1005853
4562922
7498284
4897879
2805836
5741255
6957999
4550122
8695200
8903198
2314643
4968364
1992049
5099361
5664024
9810771
3301557
6031083
7898783
7918984
4809751
8621474
4208181
7954716
1405983
8882254
4390771
5090600
7905610
1581649
8972324
9871723
5523589
8353975
3006792
4655832
5766421
7981456
9100896
8078311
1237002
7498292
6621363
5909034
2656892
1607303
4600232
1329003
7574702
6129853
3699651
7655589
1660906
5551920
2688732
2397512
3085980
6268920
8533350
7460066
1818034
7453803
8331829
9340106
6965771
3013844
9130187
8623014
8361456
9757585
4235956
7778448
2396664
2273112
9110759
2697245
5496199
4073050
4037863
4514231
9094457
8901244
7089466
5644043
8837410
4156393
5116945
4536133
9306201
7150188
5694769
8480411
8152862
3159117
5116193
7903416
1849881
7390722
7447620
9464778
3750876
1110792
9113568
4794838
3236339
2372106
1894304
4091363
7584562
2354378
3400150
4125676
9509455
5058766
2523364
1014306
1668857
8614637
2467540
4859298
6411032
5311210
3250173
5759763
7297726
7540417
8823824
6511908
1953861
3757208
3060516
7233459
3429931
4583023
1167478
9118081
1614339
1522595
1148508
7477740
2401885
5736159
7561516
8001861
5260184
9128573
3289519
4053556
2353381
2604260
1397355
7326024
5234711
4959011
2945441
5760164
4286802
8171317
6699091
3125670
3612585
4200541
5442265
4451074
9606411
8992477
3509085
7821608
4104439
2339073
8649389
2933177
4297151
7549753
2143201
7063136
8273363
4296224
6045309
7744950
9804431
4543054
8548048
4816158
3166247
8351557
5586421
4181939
5328113
7132923
5977641
5089088
3418315
4698067
8665765
8566855
5057653
2354841
8770606
3217451
3611041
3023678
5004163
8004690
8033889
6857009
6450565
3239989
1805874
4329686
4508917
1233562
7501767
5813908
7237930
8146149
9319736
6166922
1814465
9108795
2733692
8935130
6801546
5987911
7219779
8112841
2864648
9186553
2038841
6420133
8494448
5464475
8760007
8199952
6654316
6858510
2778636
4227869
2003857
9305437
1833755
6651801
8233192
1358216
1404461
2304196
9003433
9284045
5133042
4436584
5868198
2095722
8759651
6669089
2834230
3483262
1654635
5892791
9007816
6383528
6142399
5750856
8746299
1267376
8501130
2074081
2639074
6894550
8338309
1195998
4306908
7813632
3659511
9271584
6370020
5888184
4273593
1176551
7132342
7438189
9000652
4778665
3589211
7852856
7532878
5086282
9884470
9017019
1158698
4605484
5431143
3852197
9903366
1801074
8734039
9641681
4508362
1440888
7294396
4138241
6699071
4265084
1311975
1394253
5309806
1315923
7903027
9519185
8885090
5555166
3824560
8896061
5944984
5231228
5880065
8019854
4822340
5512372
7280161
1644198
2648479
5476898
6768468
7755888
4730328
7371570
7649365
4148287
5011119
9281836
3859747
8612928
1412161
7518376
5880129
5689885
2365999
6570114
3649805
2107691
6046193
8539255
4264880
3257438
9637916
2651672
5710126
5166284
1339319
2941655
8262856
7661416
4837419
9544416
4249904
5714912
8672875
6159458
9436860
9890154
4268977
8398103
2871558
4429938
1044898
1697608
6936562
6954407
4669844
5865629
5488985
5203319
6814150
6496756
3084676
4666464
5615489
9783343
7951428
8323465
4901869
1172075
7821922
2212585
3461886
2505295
3939066
9210494
4719680
2434570
3182996
9053537
9789671
8711664
3162301
6237280
8965611
9818310
2541122
6453764
5084555
3226276
7435631
2824205
4579057
5296699
1899446
2580810
3670902
3257224
8234043
9380398
6499127
9670976
1630615
2985216
7512944
8639965
8270538
4954378
7201262
6902064
5496062
8130596
6112402
1258743
8236113
1771714
7486940
7634265
1208474
7762035
6497277
7724343
3571615
6842932
8143554
6781838
5774342
7228053
6083589
1292171
4095546
5991066
6229773
5473886
9344079
9443653
4774280
5115731
9969409
9820987
3389151
2770357
1898001
6628556
4564298
8969364
5123472
8001447
2791373
6400816
6736705
2304365
2358082
4623687
1039242
9129765
8481824
4527484
2452330
7461832
4460604
1221216
2831944
4669134
5899799
2055893
7836275
2132842
1056583
1988073
9132733
9374729
7194417
1286353
4659877
4130937
4729879
7355799
8458757
3053135
9776405
8340029
1301951
9745730
7066202
3236106
2584087
3181719
1440365
5148436
7198036
1598852
1362469
5038031
3410824
3157018
2653972
8160342
8890586
9674556
8420166
4131112
1152840
2345693
3170981
8131516
1732339
1299394
2215360
4585888
1703381
6752652
2137614
9950295
3833541
3595937
3349565
5762809
8549462
6726259
3278983
1926288
2187436
5574417
8446630
7550696
5559431
7361045
9347910
8267135
5809212
5702406
5724570
7070606
4021562
8157183
1508540
1488567
5052690
8577648
7654191
6409415
2154266
6082083
5050350
7463494
3242850
7143395
4959026
3058109
9111183
7115528
6890031
6716655
3348392
6638662
1086927
8453164
9143055
2343063
9173235
8592898
5810778
7928598
8846966
5919956
7866162
6394254
2576331
6814784
9003818
3714018
5470674
5469036
3709299
5955735
8563582
9079298
3584446
3757343
6368370
9794260
4510803
6933423
7580404
7039945
3521818
7278092
1220202
6332329
3858184
2632833
2267188
5855813
6628723
9840868
9692753
1214739
5576712
2336107
9614445
5763401
9419499
1006121
7343578
9757816
9861104
9746590
2364982
6268635
2204178
4116854
2145077
1532392
3585610
8156288
8292312
2222286
4065585
5366506
1807149
8354424
4927112
1148331
1637248
5745089
4143375
7541625
8885954
1305402
2407252
4190229
4270976
5801512
4882630
8831477
8977599
5383993
4637578
8457152
5782142
8472457
4589085
8678831
8808787
4951039
1008858
9224682
7146809
8561134
9484382
1245304
5526930
1808626
9246337
8043284
6468745
2221191
7757415
2376573
4913594
3666568
9982791
7093253
7600870
5056399
7888458
4340133
3333593
5582912
2962816
8318070
8319125
1634508
4980791
9441779
1974300
7084147
7053613
6969846
5598192
1320201
1804247
9413952
8387399
6636749
8240322
7092333
2046549
3211374
2780178
5537711
7983554
6424735
5221608
6341795
6532077
4926668
2686352
8996737
4697647
4703094
9295954
4722512
9352076
6434788
4065273
5022265
2979647
2618763
2589602
3150771
8584837
7036455
7726879
8068048
4421573
6600250
2933804
6769101
2605309
2684381
2276584
9224944
1561175
2524038
8877719
6462454
9938630
9085953
6204799
6576538
7310706
3988698
7226097
2221557
4202451
3057089
3747162
3277458
2952253
8289647
7251130
1528898
5144432
7212657
3941091
1027488
8148627
3884762
2948789
8776429
6015289
4502286
5222441
4253471
3438268
3565325
3302877
7608742
2794872
8172373
1353407
8936848
6509715
6491523
7411084
4598038
7523250
5190460
9147674
1141126
3043470
1794663
1109163
4951346
8191977
3393589
6047517
5418769
6880971
1950252
8206720
8906605
3254993
6876880
4114374
8448325
7894495
3499244
1447337
3626692
6485693
2564376
9726904
9940346
8348007
9159779
7571491
4495698
5149553
5722971
7064913
5864332
5430114
3108082
1227712
4499756
5579479
2321292
5396212
9377219
2953867
9992167
8530306
4719364
3008005
4211515
2359198
2712674
3233522
7399690
3097323
5061480
9801291
8372362
8434371
7763009
9677081
2357849
6562935
4550802
6087448
4043487
1283336
8004277
3543393
2863586
1574750
1180911
4806331
2710367
3557816
3119997
2727348
4481293
8273533
3630195
2071988
8885799
7117314
9726213
5783635
4455130
7331331
2385569
2944411
9212827
5734775
3431949
1367664
8967684
3767463
5028525
4448870
4587361
1572286
1130456
5608210
6579495
3182759
3393884
9238397
7848132
5546090
2173095
2586302
4778821
9619048
2289033
2642383
8313364
7462705
9250238
5665587
1446737
1366826
3462336
9752341
1972219
2633436
4206805
4313875
5828486
4707627
7425028
8754532
6218271
5610460
9194734
7872399
5593767
4146722
2540123
2189157
5917469
9826913
9379875
9939081
3898887
3887075
4734727
9097943
9344634
8983011
6356646
4253057
9337024
6481544
8388604
8939217
6741082
4820795
8969585
3669531
7829022
4197019
1860919
5468458
1070619
9829904
1851270
8607718
8896307
9163591
2875363
4073867
3679281
7846053
4353759
8216965
2441195
6693271
2238644
1683193
2400521
2419992
6892165
6948887
1378215
5789419
2418182
3391183
1342448
8734411
3608898
4146376
4049772
6422432
1687557
4622752
1017596
9111556
4911825
8340856
1601355
6296823
2119485
7484326
2325495
1733631
6023467
9874161
5591697
8023563
1929601
1290048
3572497
8792529
9785354
4175379
7008638
8002661
3970862
9406230
7872837
5265732
5090416
5944314
7616320
9398393
7648447
1728293
8434185
8781240
2420295
3161197
5634327
5138609
7919120
9885416
3320529
9136350
2628392
7858806
9493145
9386383
9935861
3213123
9985291
8502317
3740606
3380694
6483798
2895445
4154115
3919591
2929865
7210255
7697642
4055945
5546658
4436703
6184612
6634275
1666860
4386595
3507335
2877284
7117048
2416877
3853117
8683327
9863126
1078338
1722685
9206196
1802003
5201364
3775905
5156417
9969653
5470476
4541681
6805528
2948301
2613755
3011862
7970882
8547869
1659435
5483681
8727564
4744418
4984129
2431757
6132432
3560652
4683917
6844970
5624358
5754212
8923596
3191772
3624260
6890750
5872076
4399867
6912323
1367607
3177409
6899661
5232939
4659360
6832479
6284098
6944665
5666469
9595472
1277006
4079959
7566743
3844776
1817700
6536628
6465177
2323943
1149033
3886581
5700081
5651854
9183591
9259820
7831461
9283164
9598828
3395262
1842425
1510627
3068290
3294643
7619470
9861158
3217808
6655777
5087213
9635149
8841049
9551889
3253724
8418283
9847436
5101526
5025105
6516439
7915004
6242521
9318845
1261153
5097113
3200314
4943227
1712174
9052119
8964996
5526305
3951488
5202245
6092927
7125199
5431943
6681905
9162235
3878974
4163987
8498939
8354563
3630034
9680198
3395023
1936839
8214900
5953845
3547951
2302062
7236897
6340166
5233425
5701323
3565279
1277504
7661044
9555302
5111426
2042998
1290609
9412678
9439362
7751509
2291200
5147389
8190608
6060096
1501729
5347644
3816144
6059545
1277629
7825472
5095673
9214691
1211340
4669156
3404235
6905316
9895568
7122360
3479321
7964360
5306394
4026506
3056976
7380779
8687163
7069763
1999270
5194870
2282646
3299052
4448727
7805837
7849621
6472866
4914748
1500047
6338609
8241575
1458181
8127679
5484903
2045530
8794001
8934042
5562919
5573104
2031843
6346594
2804822
3871292
7538832
1251002
5751711
2815005
3759302
6410426
2184486
3503455
3436143
2008612
4260486
9346997
4091831
6830887
4019811
3316580
8219739
3376571
5078994
8956425
4483923
9236510
8437536
9092999
9544145
5287094
7333745
2264179
1728779
6411311
5418394
4270738
6166677
9745198
5192241
8997454
5760803
8341934
4856708
1258219
9224222
3771242
2464376
2831088
7791052
4917044
7642595
4101371
4224189
2687869
8154700
5932757
9387084
5396125
4457217
7688760
6359795
6866500
7423169
7150501
8174203
7068601
9040948
2447426
9155130
9511707
9101680
2221107
2037661
6912526
6566814
6908671
1898169
3452591
4214468
8523294
1557869
9680658
6718244
3892321
7857267
1722955
5774302
9097826
1859087
1911116
5256618
5495701
4834894
6551038
6271840
1127421
2705451
7654338
1368363
2403627
2495486
6989337
1494555
5461685
2918470
8529930
5644395
7903275
1498441
1002148
6373211
4447047
5516706
1103892
8711247
7161124
3711395
3448504
2993280
2403583
6866923
8221347
4706626
2515789
2454874
4365371
8932541
6651453
2777731
8801129
6096736
5544623
7452297
3674089
8931995
6183371
9081693
8129843
8040868
9866734
5569751
5822752
7350421
7954170
1684091
3771335
6245540
3021486
3185022
6050537
9645643
2826373
9800298
7293115
4143041
7459306
6749263
2085284
4471585
2898499
3199195
8508087
9545610
9223076
5489907
4439546
9515960
8642439
6096202
3015463
2939024
1292602
3622369
1296363
6634977
3115489
2197728
4564317
6103274
7454421
5111621
2392432
2872071
1902236
6173019
5231987
4830720
8142306
1518541
5934143
8496188
6604464
5130331
6072059
5731978
7593659
2879916
4444876
8663473
1581695
1650813
3020729
9685872
6087973
2905057
4255525
9486360
3564146
2008729
6497973
2535585
6926793
5362455
1089220
7131467
1887140
2082070
9436803
3193895
7790158
4994748
1353207
8695325
4298875
7155339
1925397
7366583
4820588
9324484
5224672
6639694
6538036
5016909
8647078
8549708
4794024
4171365
3211207
9021346
8188590
8260310
9115871
6179523
1700476
1777507
2206749
7422176
3597980
5742843
2908836
1350781
3034310
4447948
8229617
6068877
7762958
5672523
7794422
6553850
4874158
7035723
8603109
6179080
6376590
3121588
5161688
9733435
4133707
8211103
9197192
8126614
5899357
7146632
6865852
9908885
4751885
4468859
1022524
9057301
9105118
3026602
6246165
5582579
8914985
4352997
4667103
7158019
1269631
6203363
3775724
5862187
5434978
3489609
8086251
8171919
3143645
1245817
9961470
5363246
2696517
3713870
9157688
4464372
4633679
8280493
1956955
4217690
9929051
5980310
2266168
3659315
2273536
8389019
7115302
3864169
1574489
2450704
9755512
3054528
5652207
2156212
8261098
3787913
9052665
7136839
3625747
2206866
8447953
3020973
4280841
7264012
6483264
8942290
7018952
8316429
2118020
3097798
6499028
9836096
9257015
6664219
8881889
3630290
4455683
3639406
6778800
9102414
3870900
3223971
6492348
7156243
8765230
2290828
4012373
9217869
7151449
7927363
5155900
7029642
5456889
8735070
9878951
5188054
6134602
6360243
6693663
8202729
9570699
5450932
7903120
3115319
9863361
5072668
7028551
7448593
8793167
1008483
5100410
1894626
6762379
4886191
7630932
7176141
1490636
2253381
8619583
4039806
2869570
2782462
6293598
2088030
7058295
7261533
6186690
9511443
3697196
9938400
9238085
5026207
3765269
5013613
5176781
5640720
2051753
5028832
7315835
8138729
7993291
7545146
7240156
9233335
1850862
9159317
4138471
7138958
1961289
4277677
6739799
4999997
3213118
3894137
4406618
3983719
7701705
1591426
8397682
9376396
3628022
5377691
1460371
2163704
7735442
8577203
3157534
1385411
2533934
5325839
4565844
4804497
5478057
1185860
3959567
9807282
2679133
7731251
5664061
2073101
7340516
6482702
2164525
4303089
4295420
6422946
6311087
7322157
9321279
4835454
1838590
2321184
5256367
7887836
9151792
8607891
6768858
6358773
3518936
8022415
5661889
4490145
1587035
4325529
5231087
7216335
1153602
4000429
8895752
1329763
1071614
2863507
3346270
6877774
6213074
3089787
6171651
1030475
6503789
8488159
7415643
7995495
6670742
3272688
5315065
5643041
7784436
5356505
6712621
3620962
5533749
2153508
5659219
5324463
7868679
4127595
3958006
9583621
6709029
2355648
5323822
6113804
4208235
3698711
7419735
3054927
8806957
2187706
4074068
5655563
8231556
1715909
5965884
8655535
4348042
8390844
5950026
8861611
9047584
1491882
2904690
3284892
7767236
5304148
9695530
8362759
5881008
2712757
2458294
8277404
4955816
4114099
5660760
9516421
9603308
2547850
1559255
6955296
6232422
7821143
8802935
8896305
9423413
1545120
9284713
6053268
2465827
3995963
3714939
8190034
2075098
3172421
1470026
4390786
6463166
1701308
1041510
9340794
7777766
1897143
6251663
7482086
5213972
1675085
9544830
6240152
6535407
4457355
4790102
1950193
3843222
1681914
5868827
6929359
2222199
6531872
2637539
8247496
6909935
3566878
4029572
8317126
5757197
9566658
8332981
1560740
6083273
3726111
8145393
3570352
1461658
8042786
2417752
1967633
8704168
1367430
5489768
2424556
6196926
3486795
9624475
8222338
3054380
5845746
5656402
9130404
6525875
2840076
9614698
6717657
8167713
6817868
4961469
9899728
2892214
7155891
1896603
7308562
6763336
3923659
5864489
7261474
5748203
3282246
3524363
7851727
2951653
9750103
2109693
9473985
3531680
1072801
9133504
7612555
6418120
1627888
4959090
7612608
3371055
7114245
8297222
2757137
2095238
9850894
2285253
3326934
6265375
9497317
5364100
2033164
9936792
9070040
1924888
8660990
3975810
4835682
8700222
2374687
9072105
5471592
8502735
6069279
4932766
2128838
4413779
3775844
1782171
7729499
4975636
2990699
6321173
2143187
3093070
9553655
4079096
3930667
9344094
1264098
8876255
3929203
8958911
2488866
9402659
3566023
8463220
2287758
2390469
6763086
1561754
6201169
5787246
3716296
5867100
5555606
8238238
7414202
6048749
5559381
1595531
4784956
4778864
7153661
1614085
5193077
2593596
4176875
2636838
5553348
9196470
7345898
8172318
9635875
8160334
5239396
2488152
4810592
9255966
4095888
6456830
6835820
7748543
1275077
9113228
7987136
9044541
5852854
8506202
7234788
9182861
3860910
3136635
9119850
4614374
9420734
8707461
3142691
8255150
3283869
1585289
5606545
5000638
8703736
2585613
4039797
4241895
5816354
2427223
7291946
9254381
2075518
8390661
8971306
6227636
9732114
1202009
1557943
5281586
5078703
1008418
9972325
6216725
8463423
7518952
2992990
4837310
3383718
9504863
4878334
9022941
4417813
2108240
3907849
7092701
9444571
3228843
4180194
2265283
4795284
7978329
2265502
7283267
8187343
3319544
6331032
3919474
4524466
5269751
8090534
9001379
4860857
3230765
6787604
9572339
5039480
4453924
5585168
4510663
8906670
2892203
3603214
6326640
7242827
5453987
5734765
3448541
2943850
3197529
3875961
1248881
4639603
8038661
2612891
8573270
3360546
6124721
5922855
5073426
2724421
7595118
1178404
5502303
4787813
5879939
2384554
5467704
9844354
2484030
6243087
5568202
3286900
1975815
5363834
3927617
5774367
1469562
7760084
9916116
3313351
5035845
9253756
8070467
4700597
1798915
3907426
6998279
9328337
7597319
3297462
1423090
1827673
7827508
9340570
1720360
1725321
3337828
4547398
3606676
6559651
3220414
9774435
1053007
2626281
1771317
6216531
6073398
1382137
2068734
4353743
6056396
7401033
2503089
4216136
7331279
8914499
7819524
9656938
4605566
3030947
8281051
4017606
7499691
9146559
7678827
4793192
3997556
7273390
1973137
9372193
9483111
5143925
2404029
7146886
8716934
4694942
8581748
6528008
8572673
8857873
4297542
2809661
4764195
6791488
5577141
1284191
4655487
8338414
1957654
3289636
6546875
1367168
3936980
6024639
3083916
8343823
4459482
3682181
6318212
1767589
9138689
3963595
1388721
4749598
8541026
3023021
2181455
7835265
8856037
8748266
3952824
4039792
9733227
5119743
8880873
6572260
3679535
3219377
7690417
3915620
2435748
6703784
6149333
6053744
2235826
2502512
7521847
9740850
2083314
4309666
9611495
1280740
3329196
6807859
9864217
5879040
3038830
8460947
3480049
6592428
4026391
5099673
2069468
7193748
4319299
3437805
4349568
4566917
8452161
8859214
9412861
4709503
6309907
2650021
9150542
5231283
3602662
4717242
6644026
7777198
4990738
6442686
8140047
4387925
2329490
6098305
1711936
1855185
9136831
4210910
6517741
9477397
2739978
5119428
4268308
6166702
8064008
9841414
6289799
6336587
9750258
8125357
1214237
7369622
1237349
8881508
2157484
3318577
2676678
5243444
3308926
5476532
3523834
4475570
2114658
5400783
8067220
9178854
3288678
6188451
4602695
8489910
1372403
4275862
1092782
8422795
7915282
2927559
5343338
6340354
9461021
3711654
6414955
3713222
1886191
5197713
6400649
5542084
7954152
6464514
4778421
6202799
3160179
2519461
7091490
3030021
8843593
6136209
2222226
3632722
7445171
8975589
7342054
3673932
2998451
4041838
5933676
3633639
2939252
7098861
7597007
1637322
9802611
6493758
9427731
8863362
2869301
6084079
6889496
1471806
3197849
6559703
8211552
9024355
9106113
5402463
2165563
8892032
4585964
1377589
4691162
1123797
3589303
2895063
1089274
3530872
2289077
9263828
1253883
5224656
8989011
6353026
6865777
2598766
2351185
7449332
5294954
5663929
2236765
8803506
7086240
3669713
3719193
2763310
6960393
3685223
1609983
4043660
2050108
3773507
1234195
5182402
4818574
8861189
6616889
7052673
1413229
7291841
5246785
5702130
3564748
5443909
5271511
4787877
9485072
1549581
4323903
3387598
9198577
5208370
6009784
2252649
7975508
7600526
6454110
6667760
3297079
4707115
7853206
1180347
1953990
8081565
3792718
8804080
8626357
8364453
3446211
6135395
3178062
9653704
4046926
6853063
5060733
4849991
5019400
8081413
4694354
1212880
1576540
6084502
4076438
6676966
6774181
6910036
1373657
9119181
7051538
1671502
5101634
3457808
1583663
1205460
7075040
7384310
4970812
6309383
2891527
3697667
1327939
8718845
1919350
6401004
5735093
2716971
2378192
8084630
6720021
9570276
3494593
8233991
2604113
6051314
1543499
3785132
3370246
5682371
8928785
5548597
4495027
5143006
5772203
3078678
1797623
4860038
9519058
1409528
1583302
5424327
6607989
5772512
6460442
1963583
5165708
2852734
2539726
6027686
8913293
3794849
4885880
6406209
7789724
2493689
1081719
2072796
8896608
8336813
7660193
6287766
2655259
7597374
2713674
3652770
3927281
3491700
9288825
8011603
3687116
6886984
5857325
1686416
2676998
3741499
7371783
6918737
4348720
8417869
9552577
4259600
5503394
7476040
6820639
1166668
9011652
2495966
6318299
4132266
4719660
3136088
5534399
1565438
7331879
7443097
1272582
3573313
8630020
5232915
9104164
4873010
3344023
5629665
4191790
3597482
6522163
6604204
4309420
1518147
6195475
8735602
3280405
4619898
2668137
7402660
6316427
7472445
4726088
2441263
8731272
3718766
1971743
1611102
9671936
1780313
1171254
8422798
7846473
7482946
6624157
7844962
1318463
8319291
7092322
2222001
3089460
2632613
5482746
5136109
2851271
6283525
4802795
3373573
7401820
2588482
8681354
1155533
6261300
8375812
8569176
6225772
3448669
6358895
1901761
2423063
2007036
3245656
7384959
2566492
1818305
5227703
1174547
6953546
7792243
1035350
8059061
6875104
7231334
8532385
4643597
7194451
1827417
1853224
1562243
5292637
9469204
1612817
7494691
8401010
7959705
4040841
3002100
5136828
8701297
4013277
5668275
6317314
6734394
7159907
5313538
6066108
7443423
1625711
6224398
9725971
1880184
6600036
9812488
3723375
1937795
9779703
9774684
6946609
8559634
6757538
6003880
9684098
6907790
7877623
5042686
1810116
4346324
1453316
1321477
8694056
4898277
8145791
9649196
2885728
8372868
8378915
6135808
1044094
9851643
9227818
8165575
6873908
4260662
7243299
9912660
7133358
5935468
6356957
6859093
3336021
5693090
5874101
8948276
8133246
1851050
9071181
1710530
3135098
7542227
9253430
8424498
8043223
9087809
4493111
2435020
7191544
2393472
9807166
6090551
3082809
3113629
7858664
7373293
5189558
9566981
9246500
9055833
3330348
2593825
8447333
7865802
7852959
2367185
2204255
5054198
8918046
4541071
8384721
3329696
4440413
4763183
8432477
4268251
9558850
4957101
2758932
4603436
7682371
1365687
5541790
9785594
2157365
8173124
1077913
7905120
5009488
3292604
2080175
8000765
3538785
2920114
2277501
9441139
6597296
5739710
4868914
6113454
5249221
8857951
3746573
1484079
9333741
4945888
5871930
2952633
2777673
4602441
4382206
7177411
1816576
1576385
4492322
8892190
1941555
6383114
9644485
3337744
8445098
7352461
1497965
6107186
9837935
7098894
8037463
4218014
1917736
8531922
8337468
6443821
5492401
5623864
8285551
5671695
6733433
3816198
1801134
3329275
2626339
6991196
4076141
2860337
1359432
7339669
3693705
3917869
8033619
6735197
7127860
3156742
6456390
6521870
7442220
7569863
4074900
3184039
8423705
3277533
5002814
1182701
5971183
2967810
3480738
1767299
6935729
2137680
5105369
5897432
2574375
8162545
5266248
3037976
5753042
3341958
3392738
5292037
3063757
3193662
6963084
6861982
3527006
8299809
1547658
4063848
3442862
6410533
7955072
1875731
5868741
2914847
8821899
2692927
5019426
2739205
2205529
4393288
5834506
7810755
3225798
6194071
6895815
4273012
5784017
2290235
4595163
6291907
7307199
1029911
6874701
2195802
7185087
1338157
4883683
5453458
3766566
7498106
3145753
4485899
7878060
1809699
2771106
1871765
2653958
4317104
9007277
9576223
5586822
1478639
9389770
4603759
9413568
9277523
4587484
8550819
7894942
7408510
8292553
2063631
1271047
1236412
5286937
5921328
6852283
8076721
3204676
6523623
1705379
8906750
9320935
2251937
3476615
2732447
7572896
8879446
3860792
8105663
5194688
8429887
4473880
3940775
1209664
4876957
8069286
1200124
4898360
2482774
5306302
8221576
8732285
5224235
9534881
2787588
5812201
3971944
3508313
3932452
8232023
4325595
3804657
4855114
9622783
5227127
3469010
5562094
5679927
2880402
4808265
7360038
5881483
1083189
1408415
7804361
7173662
4436892
8137001
6581906
1357058
6157958
8126594
8739059
4073989
7559942
7654366
9184647
2315709
6546394
7929961
2635204
9217558
9658243
8742559
1473927
3523616
8302150
2344197
6093770
8237807
5731801
7714608
3410747
7494198
9385858
5096357
4735678
3897187
2612068
1336521
1522829
7147066
2494722
9616226
5073125
9213019
1299096
2200997
3349492
5548781
2910695
1282762
2319610
7143135
1306865
3817845
3144845
8152628
7428189
6447879
7292913
6125936
1039164
3570885
6375311
9344705
6784124
5937080
1107244
1269759
1339269
2467020
1921012
6108047
4478850
8273893
7510023
5552517
4429857
4356407
8297725
3614609
4694758
1432701
2530918
1496100
3502572
2099109
8740220
6523186
9156468
1120673
4767276
2728970
9629594
5448457
1864641
5864052
3559422
9491408
2634427
6842851
3378472
2410509
3697504
8129539
7692166
5752203
1980241
1456421
2845578
7082755
4299336
6273561
6363607
5403745
5218847
7270891
9158364
1205005
3230564
1703530
6334644
9564178
3998691
6701589
7004852
7196820
9043579
3604695
1591757
6781686
2203909
4743029
7633700
6285058
4794049
2752253
5553463
7103213
4818651
9567153
2426658
2881570
7885782
7333949
7908395
1147310
4673735
8889134
2937130
1598557
3532852
4177308
1948644
4747443
9641229
9132497
2421816
5973765
6105659
8934962
9056803
1457169
6109912
6069582
4455169
1828876
2180855
4644773
7845804
1836731
4464365
5725467
3501921
1571444
7142678
2563654
8226081
3848494
4662692
4815316
7952340
1984854
7664221
4019576
1043364
7725268
6760580
4149422
5048720
9020221
4731114
4646590
6265503
7165331
3754669
8347590
6717143
1318930
3079217
8818860
1647454
4160012
1838574
3040066
6149008
9278568
4110570
5242498
2044129
6314143
5289143
9786109
5763357
5681583
4824967
7724262
4502741
8785596
3291206
1849885
9804380
3122644
5391568
9650489
6363538
3178089
4481796
7449158
9202543
1044861
5507201
8412912
4871948
1443993
2428783
7130750
9595982
2443735
4693696
5842178
6619204
7048321
5602824
6201280
8145890
1018497
8078082
3836471
3802910
9376891
4346884
9831892
4289802
7836625
7351573
2676677
3021090
9231885
9274149
1911180
3679641
3142836
7504493
9449970
7798790
5213129
7666808
1578271
9814491
2281032
8515226
8188335
2111473
5483005
4520015
3501087
2626773
5403948
9440254
3788945
5490743
8411298
7141934
3431245
6857812
9805052
2361913
8876112
5048849
9454071
5757432
7542273
5363595
9292392
7134246
6769946
4540524
4693021
5625473
9705709
7767768
9858684
6224718
7455480
6207608
5747923
1605307
7629577
2111957
8556655
7256098
7899837
5476152
5191945
8604756
1722534
7769354
1212414
7735763
3216092
5851703
4437446
8194124
9885382
4687151
2254592
3949772
6637233
3504127
6572021
7247218
8101168
6558004
8476210
8261732
5939996
8731017
6128250
6592838
9497518
1792283
7741099
9357623
9610172
5736482
3719871
5000526
3047841
6276490
7320799
4272460
8322392
5367810
6934795
5257787
8220938
5298940
9795174
4597079
9668021
2467078
7395696
1189258
7329472
4578903
4825731
4320686
2825445
4573845
1842378
7858822
7753543
2308174
1765431
5366301
6175380
8311117
2154405
6767499
3182036
7607406
8170358
2332804
8402355
2435068
3391886
5026755
1100932
8061483
3997399
2911102
8062215
4805665
3704294
8444587
4450773
6363594
9063967
4890458
6648794
6682739
5800149
7417484
7318234
2444942
3749564
5165532
3044071
3377175
5119251
9522708
8480785
3909941
8882612
4763523
8086039
7425877
4184166
5221445
9043846
6288114
9786133
2585170
5444128
4956073
6435817
8410811
2034479
9203092
2734933
1948626
3528650
4149084
1843384
6694664
1311736
7807483
3893546
8657876
1713955
4173746
7399399
9218265
8188471
5308216
4584376
6973505
7056603
9302835
6851531
3434816
4308183
4506596
7867304
6269076
3485639
1963061
7222174
4665546
2080255
7063229
7392013
3564924
2778495
8588999
3739590
5985209
5892681
2846886
9637488
3306588
5332922
6004421
2938756
1749826
6898806
2916542
8251835
7090565
3647383
7404352
9623631
8970374
2652007
1692734
3719743
6401306
7281875
3160053
9855032
5423722
8164555
6666725
2900192
4996017
9756752
5751108
8416021
4531281
6422262
1833518
3805102
3296854
3407266
4542528
2144440
8421590
2098758
2295583
4172468
3338753
6316355
6131268
7891559
1467933
6573638
5805530
1440275
1983740
6049302
8020282
4592500
4774578
7295628
7410421
4665750
7826496
2481949
7455539
3498613
7674350
4532925
1415404
9460165
6139784
2329925
6521668
7353788
3641607
3085551
6914355
4644660
9893971
9870135
9714461
5280326
7743390
6070884
5486799
6132396
2501724
9052791
9310947
6079373
2749665
8520443
6911508
4176334
1896651
8318558
9348621
9536751
4936969
6822144
1992454
6515821
6068651
1843938
9048640
1060119
3992163
2890201
1303227
1809555
5259588
6469747
8450245
6038225
1020649
6112113
4894245
3213128
1469992
6514390
8703984
8892961
2715848
7319295
5002603
7465657
9605928
5757155
9909953
5780571
8475930
9165413
6414934
8659509
2873727
3044057
9753516
1690202
8468395
7746748
3598990
3355432
7428667
2697623
1771507
6109467
7628462
2938717
4334693
4409098
7422977
7939251
4094833
8841488
4522999
8213967
4963600
6107031
7305472
7405493
7219871
1636888
2093640
2400254
3742692
1657806
5603603
7684674
3405105
6364484
9932751
7924488
2223485
3748636
4185666
4187067
4172800
5364242
1373124
1524112
4862318
9528528
4920575
8024702
4588903
7125931
5585838
9457037
7825589
3760831
5675587
4990194
5957216
6441503
7764053
4871210
8491230
9824815
9331641
4331285
7603182
5127398
8424455
5896509
3281974
4298342
3336271
1994560
3213946
5140422
7865941
9814202
3213416
3620243
4083306
4280247
3280105
7103178
4264629
8275336
7765706
6854569
8653041
3593595
9100563
5458895
8338895
7891616
4922406
3015545
6919591
3978562
4012563
3958359
3088274
9174923
9324307
9863095
4946027
2758452
8591276
6629632
3191599
9025219
6107404
2347594
9751386
9876958
6635392
2600868
8559947
6164487
2478278
8134054
9966993
7181601
1223456
6649529
8070207
4811530
5214963
7629996
8256902
6432585
8895497
6992464
6780594
5471099
3657452
3305502
4104246
7472504
2762619
7791176
4775027
9340884
4249585
7919070
2324494
4795155
2485378
8600322
6110145
5586140
3109217
5656158
3830301
6074058
7271712
9900084
1856109
2415103
8757230
2683607
8951950
8390842
6349039
2060025
8460037
7002427
3264031
1872236
5224328
4319653
1853241
8442573
6753001
6447939
3487847
5318222
6690703
8445726
9189954
7551843
8733423
8280198
9713019
6788656
4253747
5713456
6484650
1260689
1000265
2296439
5695422
6665346
1707502
6203158
9301445
2691337
3496308
4487861
6576718
7286105
4908673
3763937
2521445
6862560
8596304
2771154
7420734
5841203
4297781
3050736
7244045
8524952
4349989
9411357
2635836
7442085
4036044
9657921
2469022
8473920
1446882
7244738
5085875
8447247
6947560
3503835
9280476
9573609
9897422
9383839
7778840
9650212
3083840
3925574
6254039
7026856
5723338
4007855
7633607
9863996
1849656
1491655
7209477
9824617
1820899
7725569
6131941
7841884
3465600
6586991
7362620
8211104
8314482
4789152
6735278
2372243
2657282
1882282
4878859
6322800
3845941
7881827
7733382
5307494
9469550
1044187
7674032
5535094
5419509
9283092
4390713
7306419
8074720
5999364
3477417
5148253
2115752
7397810
4672958
8986022
3389750
5533840
3973741
6074482
5060359
5963393
7132437
6170801
9076989
1213548
7286594
5481319
3397503
8677311
1522607
2450254
6505219
5480735
5472703
9989890
5149770
7536703
3402957
1632885
3725524
3926848
2271697
3886493
3147157
2340849
1714629
5725603
9912456
4185822
6867880
5589277
1620194
1069965
1981051
4575751
5468233
2327855
5528185
6292557
6250989
5204573
1440971
5047860
4193191
8946428
4630068
8844611
4713689
8901322
1133058
4850108
9576782
3745801
5184190
6358720
1930338
9272708
3627052
8914794
1627444
7278160
4983574
9213698
7266139
8843093
6970397
7636757
2353422
7104301
9998337
8921819
2042663
9861916
8000515
9378282
2788506
2273041
1269112
9324001
1159074
6786836
9961856
8816168
9197436
3511489
4336735
9814462
9658295
5579204
1064978
6025827
1220299
6741950
8855790
3330632
3447425
9061327
3233645
3945548
6811963
4545157
7845025
7697161
6287797
3856132
3930398
2802318
4338595
1413526
7572858
2740093
2336812
3032157
2011615
8394744
2642055
3472655
6750676
7196769
6161108
2453409
6060512
4769304
7101069
6085768
2083536
4788416
1249598
7236708
1589082
2942452
4178889
7305566
9896730
5876086
2368207
8061573
8869900
2689832
9147588
8206243
4324530
7638831
7802873
7053989
3861648
1295813
2993902
8157378
1746093
8610599
8449097
7516420
5165573
5475886
6469498
3174990
3868556
5291906
2169280
4615069
4372116
8842628
9814465
6392850
7733362
5945314
5844324
8389847
3746421
4253057
2543075
5077424
8372625
6720910
7990999
1700524
2303154
7473719
3656707
9517684
7478803
6086432
1865733
6202355
6611273
7711608
6779953
5760472
2474331
4310333
9576336
4414264
4063740
2638604
9335577
9166200
5844411
4250015
7453053
9487354
6632714
9255521
4879041
7337477
8165606
6155707
1741479
7322514
2577989
5262636
3761588
4624468
1463894
1352893
3464193
1607128
1615076
9893796
4049804
5716406
9764308
2175985
4012246
7890407
2429369
7170206
1917577
8108984
4246029
6365570
6266683
8972982
1352186
8462655
8065629
7883450
6750441
7502046
8533912
5545199
6370058
4007807
8459595
6366034
6752884
1298357
1408037
7633906
2609263
2981146
7014041
7497696
2203975
3676527
9431498
8730633
8382467
9822087
8225515
7585674
2091406
5027582
4531507
7499179
2409061
9796652
6966217
5802031
4472834
6019270
8256748
6192379
3122456
8364838
6230470
7288326
8295103
3507418
2032833
3154112
7936769
7247419
5506353
1983582
6318253
7534143
7888195
3430637
6820923
1290274
1713829
7550686
6826472
4900864
1672368
1156649
6060220
4879839
3775339
5462317
2043994
8120099
3437441
1359110
1954327
6532634
3738653
7053696
6340846
6490345
5312228
7778500
6692418
2738974
4308355
7871481
4470637
9397697
2382682
7687837
1853976
7278853
4862889
7610076
8500123
5576915
6985185
5071120
8240126
7185841
1938924
2887042
6006864
9686310
2244993
1111705
5202240
2025466
6742978
6446136
7736145
7920396
9864648
8615541
1191851
2119005
5766129
2744983
8386519
4840035
7787383
7700976
5809218
8105512
6409525
3725772
4992293
8342749
1406957
3341345
8102900
6264185
5697668
2990583
2738125
4989823
8788250
5783034
9417346
8201439
5029739
8834278
6395001
1933275
2480363
2283499
7423363
1526765
5480377
3307018
7091868
6600920
5614266
6405750
8233362
5636004
7648497
3439878
1551352
4415526
9047925
9333098
5014244
7677392
8778587
4034261
4214191
6765773
1519836
8679458
4136917
1893488
4100626
8241699
8596221
2825670
3056422
7829662
2132370
2711880
5608268
9382224
1745083
7646398
1319147
1242719
6581007
8975217
3365191
8721138
4720707
1403160
8124177
1847180
7791752
6831886
5471465
7867498
1939520
7909049
4060457
5608130
8038113
9317614
6020021
3507309
5684046
3051948
1665649
1878110
7975873
4969806
5799898
1147115
7035836
1336893
9462850
9388395
7828105
8378798
2367989
3354937
3876735
8146776
6565113
6724416
7234135
3144922
3551709
4994360
2088232
1247450
6211823
8113992
8092679
4929952
6109772
7665733
6834986
8532693
7785251
1485643
6127991
1142831
4957291
1898073
5017535
6958118
4011510
3754850
1398728
1340532
5021669
8546065
9531547
2876185
8635908
4307653
1590690
6878820
4353192
4270086
4366253
5297761
5876496
1474478
9177014
8032168
5015121
5562164
6591523
7117242
8537910
3978157
5910268
1612306
2082863
1817660
8581325
4730465
2342344
8989644
2629301
5671034
8417701
1554956
4724295
8289408
4772052
6908762
3556368
3306733
4703946
6439091
9844713
1508750
8368346
7244043
4390335
8475059
2571467
4398272
3562409
3044843
9914152
7653268
4393297
5844951
1359029
7674611
3212621
5794005
6471344
3011665
5142135
5489753
4970950
6057216
6864796
2472224
1593343
6808873
8044473
7316413
1216467
4830361
4124780
6720096
3405486
2174702
2579281
6418723
7703441
9798835
6420362
3785959
7082818
6079616
5098556
9846551
9066599
7892230
9465272
6528795
4823046
6479521
1476431
8995737
9584511
5319559
1190440
9210319
5819894
8558441
8717662
7804444
9300107
4657591
4475052
2005463
9884411
4056961
1735076
4029624
8828836
4201035
9204376
7438807
5619524
2559402
2529416
4169722
2973771
9712068
4722933
6162643
9460601
7246613
9381435
7397561
7187642
4725103
5007285
2983365
8577361
8214874
9383477
4977240
6083985
7491349
7931171
1826500
3037627
2115115
7603832
5092057
8387604
2935698
1788643
5329746
1203966
8597080
3638594
2679447
8638745
2797247
4967460
9393500
3855403
2210131
7593821
9750705
7499757
7314682
8754195
3663483
7402943
4568139
2371585
5125588
7789078
3553379
1660745
2112535
5809180
6614484
3910478
8935615
5611393
4449823
2873625
2948425
1228383
2738363
9055932
9318775
9343883
7395830
4017981
3844070
6121690
9234293
2761381
2888714
9496969
6710927
3168233
4586777
3472922
5381230
6921999
7542798
1594595
5885297
7893884
6183111
4478735
8553644
3529133
3893026
2755778
5310513
3229524
3941403
3189793
1261756
3167389
2039353
9230168
8106753
7056057
2837506
8008711
9686033
1285722
2953964
4946086
6122182
4816735
5015030
3138352
1148162
7024625
7373550
3002133
4414127
7695438
3055989
2038428
2900195
3619733
9151080
8565033
9438818
2760043
4652689
2221826
1414785
2036277
2642358
1397351
9955129
2027591
7082944
7678330
5903617
2548876
4634894
4874076
4949199
1635237
7143779
8623138
5174208
4121182
1538894
4006527
8956765
1962990
2440145
4583779
2896297
2717335
3437404
7112820
5873657
8897855
9355043
6406123
7718236
5478029
1935637
4731041
7781940
7779615
4756663
9697419
7260563
6311459
4467081
9094067
6407298
4857548
6786471
8025424
2426430
5331814
2804635
8388464
5912819
3725629
7209002
5619316
7748598
3647882
3791452
1420268
9544358
2209367
4017672
5927404
8660684
2991964
4573567
4144310
8313811
8223738
4427232
4275393
5101185
5389975
7228396
5911650
3832815
6313979
3296307
5919969
5912685
5295786
5181488
5189863
8569466
8776946
9164968
2057878
4169770
2912438
3797049
8376665
4962121
5560027
8765232
5376396
1232960
8516523
6757892
5340158
3861078
9104535
5895898
8259285
2970514
9743281
2308544
1190346
5217118
5972810
3345167
7681311
3608781
9797409
2523458
5010805
4336360
1044733
7799364
8448850
4373046
5464652
1350082
5822994
8296858
3181715
4656597
5521213
7163458
3752960
3232419
8279512
1931878
8997318
1351126
9905135
7220678
5084353
5109597
8049835
4601823
9793594
3372914
7167296
3763623
6140187
5231924
6169066
9203726
9289054
4539798
4754696
5546608
4241827
7123504
2621169
9528050
6600352
1442852
4770437
7684057
3072957
8283788
2945230
6307593
8847136
8917059
1876295
9403756
7805517
5109458
3402725
5217114
4409314
5675628
6337549
6824369
8308977
5785556
7316350
1820269
2334478
4200021
2574424
4376738
2624851
8404634
3966492
7837655
2251593
8267304
1636037
6763661
6071546
5049241
6346326
2963945
5126772
6175594
5710661
2341926
7282759
2333327
7647088
3111119
9748762
7548302
5560310
4511436
9271450
2672162
7585521
9187259
5604540
6829770
1148354
3285202
6448733
3721857
1535500
3676202
7323294
7274703
5573453
6104966
4555109
4441616
7746049
2925060
2673050
2334843
6118209
5828315
7106646
5117774
4746155
5989375
6801930
9680216
7842827
1281265
7138702
2462079
7138370
4422682
2355512
7868228
5892581
1203794
6295903
5682924
9265121
8927163
8379120
3464017
4910740
7148924
6780152
6146049
1737271
5409244
1696994
9602061
3684458
6391379
2781867
5108964
7914551
1371520
4696083
6919025
4368892
8093319
2848182
8265779
6926386
2999625
3441707
4219332
5094050
3794096
3661076
2974653
5652746
1589419
4576398
4070431
3687732
4606279
6755066
4701813
3863559
9677904
4933597
5042561
5169241
8598063
2565997
4500364
2623900
8431371
8626452
6576674
8195912
6107389
6175457
3274029
5157753
2278119
8785868
9947697
7682713
9224718
1795385
7063689
8449161
3246720
6909033
2713577
6745339
1159263
7400596
3954475
6997947
6883623
8253426
5952030
2203166
3682101
6695732
3027572
2673450
1699153
3615542
2893018
3785768
1524685
6951679
4457734
6599815
5737302
4905011
8276620
1529370
1863987
8625320
4955514
6430380
5603228
1432591
6716302
8634250
4221205
5850837
5761436
9033089
6834395
2059946
9786677
6595921
5450254
1326584
4738948
2584145
2591961
1750288
2268130
1011724
3511046
7921657
6862325
9972308
5210485
7154657
3893685
2377597
9118326
6062488
4507440
3396276
5019510
6801450
9094439
8780233
9482615
2994773
3826464
7821106
2923083
5653196
4697389
7025506
7911306
1824490
5993293
7668625
6873298
8256202
4798834
6618284
1740264
5813317
6312371
5092735
4880620
8483293
7648619
2843281
8366881
8466617
2814914
4404953
3438773
3505185
3254499
1549064
9830334
7399509
6628158
6071814
8893727
2635880
6229503
7350696
2039530
7077969
7463631
3493689
9435846
4420460
5739097
3757799
1619690
4034406
3713736
5263689
9356299
7141911
8315135
7488856
5254355
8415788
4358681
4069443
4157099
5864645
1837211
2647902
2191459
1082499
8961415
6985653
5376239
9670278
9157642
8528348
2620292
3582429
3598425
5955834
3749388
3595279
4810176
5755399
3293166
6976857
3743883
4813995
6293522
4743472
9135160
8974600
6862476
7931968
3089781
9262937
8662511
8565877
2108518
6721381
2695876
7811321
6695034
1250294
5124939
6326335
4883271
2465630
3102914
2659631
4692131
9902948
2477883
8733610
5125702
7814290
7409859
5249424
5931644
1862170
7003929
5506743
8972839
4911802
9079692
7022478
5345924
8881325
3956673
2593969
9024349
6523747
2742731
9265207
1710576
7649570
1010555
8930034
5269678
8703950
3739274
3003222
3050879
4510919
8565701
1153141
2490827
4541993
7584657
3906978
1813380
2018593
8150336
2941156
3922995
6545062
6991779
9145756
1700353
5077421
4228121
8299210
9012544
5516257
8698190
1108668
5968736
6152474
4257223
7715327
3876294
4660868
7989278
6063435
6056554
2211490
7148313
8703297
9178153
9184036
5473241
4990279
7772587
7450639
3055431
7929183
2472205
2462059
7192769
5971364
3578906
5793202
3024799
3564158
1654694
3502014
7205447
9757176
1508275
5590227
6210184
4440439
4888768
7926415
1348085
6966156
6406183
4926871
2179367
8369237
1549262
3631027
8164081
7451672
7970056
1580843
5853543
2414033
8039493
6492251
5778487
4621981
2181256
9767340
5239059
2172112
3928839
6224900
9103717
4004019
9145321
1515912
9332852
5002793
3489267
6735240
1974878
9593091
7571620
5669964
8496687
4196393
6498114
5178885
1553906
4993924
4109948
7857670
1568406
2707881
2272562
5037172
7812475
5431640
8787906
3454434
7658661
6970869
8040237
5530105
3038008
7928606
8240297
3271376
5975820
9592085
6718568
9726000
4605403
5271367
1105017
3178298
4830970
6299398
8547494
5297612
5201700
7769851
8742487
9522976
3345933
2649408
4673101
3440135
6630374
8952260
1454497
3870014
9647237
1870431
7591821
6212135
1556816
3522000
9465228
2690554
5307017
1003516
6849503
5643428
2408355
6009697
7870663
6211169
6722782
7923923
7374330
8332678
8243008
4147694
3429496
2302617
3679909
6983564
8746549
9685764
6768777
2953113
8316660
9823302
5232827
1153069
9412282
1703268
4544428
2762545
7572969
5932151
1921849
8859485
8312815
4942807
3592294
7567680
7739910
3322960
7142868
3383608
9892765
2267708
4247628
4478276
5809399
9716841
1722988
4982503
9621723
8860762
9571602
5649360
6054700
1610915
5021879
4163791
2193754
6537632
3323926
1839314
2320745
3645959
3992526
4151432
2236232
3951728
4796732
5384732
1431941
2086289
9873148
8285830
4405160
3494565
3286618
8491309
6836149
6078823
5443308
5053649
7888958
8533379
3046027
3241744
3891216
2549701
3277482
3075878
6620589
4195133
8948878
8625426
7087307
6269538
1584502
5399229
9141931
4870326
5468741
1885462
3980541
1102930
5587879
8141699
9913090
8046427
4703360
4737858
1236370
8187900
1233804
5133393
3301039
6840637
5241482
4841665
9133641
6521132
2080130
4434809
2238052
3565986
3515642
7977121
7023312
5501072
3345803
6029557
9778768
5075818
6256881
8173292
6424789
1460356
1845027
2760834
2112348
5129316
9042192
8913338
9586677
1634640
1764123
8061399
5306733
1629641
4709193
6848339
5626007
2126143
9934961
1079568
4359463
4872718
2320371
8735527
8289176
8827672
9812628
1222295
4293886
9350196
2081272
4873536
1653670
9575967
2790898
8782120
5321173
4825265
9120009
1162589
7470591
8805003
3437555
8975763
3511953
7852575
2201175
3038175
1995177
7525831
9160749
7219876
8919749
6818634
1164705
4882125
4429218
9992683
1641121
9069596
9756574
5351764
4294059
6752858
6097928
6119555
8454506
5446647
4093790
8620618
2488499
6149499
8552463
1571877
4931259
2840925
6990899
7870863
9741164
9708860
8480616
3900756
7733680
3358724
5014127
3677886
8350308
8691282
3994054
7765074
3374994
3184811
4704103
6143138
8824872
7563041
5732210
4252911
1990973
6593238
3140334
2412799
1666837
9450381
7039942
9596613
1350571
9458454
9437682
7985544
3321455
4834507
9561851
1693870
8213345
7135072
4971492
2431402
4918405
9345719
9082901
5936506
7373670
4087564
4297194
8964477
5029904
2041757
3080460
1926685
7901826
4359757
2870463
9967008
5214225
1856362
8453275
5568188
7846235
5765494
9014399
9070667
6974370
8375346
7565243
7134589
8816975
6255385
9279957
9938421
7877474
7013507
4403807
4859574
4885679
9827215
4695319
1391022
9775604
8371030
9740223
8421755
3043232
7246501
6083742
4463756
2893190
2144995
2624079
3432810
3532331
2456155
2343825
8710361
6163252
6508427
7598751
7713953
7575444
4253094
8586313
4693728
2506253
6543606
4142419
7605333
6815493
1052629
9681629
7713789
3198674
5417237
9623875
6201162
3697305
6593573
3810493
2251636
5734212
8305647
1929034
9690847
4799419
1132519
9905257
7127831
3625469
3321990
2610936
1941001
5178031
1730135
6004873
8600188
2589500
2766864
7099450
7037462
9881454
8009637
4736956
7088106
9632148
6562641
9418855
7827873
3957492
4566510
3708716
4787017
3970331
6244574
5056883
5335595
5232163
2921937
6179134
3651528
5599877
1652321
6794422
8890398
5431656
7421716
7037861
4738439
2343305
3498946
6618444
5813106
8926547
9011343
9037654
9318613
8919777
7103626
4125740
4577786
1042185
6166886
6665394
1470808
4872612
7616920
6468739
5151278
1462867
1854498
5271649
9553747
4293893
9560366
8958664
4583272
7496647
1359246
4652252
6525201
9559939
3468403
1818312
6844337
3211396
1969820
8917752
8610261
1170336
8551929
9823401
7292491
5821648
3224479
7193192
4806772
9912373
3526414
7247777
8179047
2777012
2723025
6979442
3744095
6419955
5547189
2685719
7374911
1652972
6943404
8211935
6320740
2693769
3156675
2901030
2834155
1282337
4164875
3643269
5579012
6466931
9403405
4834311
7069742
6752553
3172337
7804526
1242676
1370727
1062903
3943542
5017751
7353948
8225310
1568368
9778957
2426528
7566436
6105474
2406531
2532775
6870839
3304549
1123094
4242421
4721555
1377407
7207719
2642275
2635356
1174362
5715208
8854385
6370030
4628774
9026217
8642212
4508242
8865491
4330135
1423810
1223891
5493873
4987630
2415205
9584953
7926500
4846029
2265564
4784645
1424418
1775811
6422536
2204702
8916415
6342920
3669774
5540954
4535083
5483655
8075056
2327776
1629250
9681666
4422314
5077669
5150925
6077292
6723882
1094716
7746399
7799542
4822015
1529931
2841211
3735156
3378181
4391987
4173589
4316087
2624576
8122239
3395334
7905824
4428215
3072881
4726604
5026882
5710732
8973136
9742833
2902977
7790170
2480222
2825059
6013817
5227590
6900768
3424500
1388273
3276385
6858014
7669779
9015601
1287524
9413766
6242364
2631192
9242454
6839947
9053907
7196683
2928098
1643227
9546375
3245570
8078109
5971536
5808101
6093956
2301991
9595486
6144962
2496166
2114511
6933214
2506597
7191871
5059413
2198898
4554069
5153391
5004258
9329897
3091375
3755560
5739011
2291956
5266667
1370300
6592470
2416641
9309872
7598680
3104156
7932736
7789524
3729513
1946688
2692028
5464641
5640430
4651271
9126043
9499605
8090862
9191081
7894776
5344194
8031346
8985167
7708280
7420261
4587037
5964678
9099628
5396378
2667746
9905242
6794950
6791592
9135966
2203087
1208078
9310650
6114256
8816101
1484782
1739366
1086509
7570066
6396988
6159641
9171903
7471548
8343663
3041035
7994632
7822359
6333205
7939855
3293307
9498100
3221188
8445311
4930068
1794923
2591207
4359197
6344033
4713171
9235547
7242909
8136839
5899568
3674305
6352857
7904897
1465004
6548965
5397781
1836109
3998993
8074016
5517733
2831521
2674054
8398091
2616820
5081742
8694392
1119764
3050807
9377898
8672948
8674085
6902817
4445500
3560987
1365834
2989224
2480067
2596077
5678203
5587751
9372031
6160816
3332802
2963094
3840099
9954499
2052310
3771016
9988331
4236631
4015217
7858300
7634970
8442118
1962958
6080895
7712614
2311406
5191454
6670487
1324039
3242167
8754020
4839907
5422508
6142964
6511750
7687762
8181113
7721264
1634190
3106089
4099046
8587377
8999090
8295873
6898976
7155473
7907656
6949152
8108045
1342546
2643198
6966871
5542019
1697250
3388712
4907492
2269369
3065800
6315778
7415786
5812730
3984846
9830623
8848846
8940502
5074128
1482930
9779867
3725675
8760059
9295669
7391953
2597851
7364970
1394424
8195457
2463647
7213838
5474732
9331332
6254356
5028716
3213303
5480493
8617211
2095059
7243225
2575445
2466055
5469846
3091976
1597574
5698746
2643487
2253720
9601962
1799512
8710853
8569319
4289044
7498336
9353512
5606687
9113975
5706575
6561419
2534796
5208559
4325079
5774529
2328848
8557069
5040295
7124452
8277613
6273895
6101940
9563874
1080954
2878951
6733880
5922456
4720792
5992403
2711712
4466460
7592183
3313646
7896267
1593229
7890899
8171013
7826762
3181766
4191877
3185388
6218274
3372492
8266167
5806106
4454017
9921508
8494510
6418706
3340056
3048545
7757174
9145020
2873836
8461349
2130242
3150509
3760515
3409950
8466707
9999810
8753492
2205315
2327770
7746426
4845727
3316679
7397088
8304173
5911623
6123453
6657526
8135720
7021700
6108829
6039536
8621475
1152749
7539526
4979502
1947884
6281757
6871125
7402077
4056261
6221916
1957094
9842250
4808212
7098025
4801056
2960168
4484779
5834798
6813470
4225131
8738128
8287708
6126339
1875342
8263445
8360440
5564229
5829738
7499634
2724533
7433478
1668335
6981025
5901643
9950592
3240798
9488611
1015983
4250263
2799375
3894762
5304668
4419043
9880328
1579759
1714170
3554142
5899431
4005277
7904422
2049291
2199034
1674405
5190722
4623681
6708316
3249428
9653277
1623775
4210505
8892859
2493613
7132896
2730572
1374797
5355610
8513200
6181424
8697262
4021710
5960903
5362630
1010578
6228196
4952390
8891646
3969140
6674406
1548753
1810417
8747185
5557163
3337476
3144061
6713052
3707744
1527353
8111705
4462635
7982205
1924793
3289476
1012418
9521707
1876641
9937152
2983815
4044876
5324711
9457828
5310974
2501378
2433629
5107369
7150750
7432148
1468118
6204492
3024483
6529117
2712999
4822317
4125670
3256135
6678672
1173222
1865387
8852911
1679179
4133408
3493633
3107682
9827012
3770114
9793008
2721048
9922218
2600786
3689550
1135207
8216669
8636808
3302786
2678051
2685201
1115625
7984533
8068179
3773467
4362041
7641214
8623311
2165241
4894595
3717277
5872760
9735391
7613341
3912866
9363287
2038319
3421590
9864367
5732402
8429952
6036771
7020084
1099028
4180540
3328923
1764458
9972916
1220179
7272750
6034267
3568792
1853252
8834932
7417400
6393330
4253932
8126589
9492122
3556995
9843176
4819916
9257069
4455775
4444096
3009664
7719474
4766864
5685413
5920389
7021069
2969910
5329390
2456920
3789703
9617199
9148853
7328209
7944677
6003163
3945135
6130461
8874888
3211522
2424588
1007564
9208502
2837113
5723571
6703784
3329065
7488338
3571674
5453215
8714791
4156459
8781813
4817025
1926331
8847794
8283902
8709213
3877346
6802758
4631356
6613384
6740057
4098576
8210887
5409102
4124324
7388115
2893923
6197566
3734882
8671929
4311658
9746529
9119976
2473424
4040927
9054626
7912731
1299900
1756481
7555396
9680171
1071174
8619589
6012375
5485620
5180460
5920472
9933668
4736095
8392346
5408676
4539875
7288097
8781337
8100936
3442722
4130970
3391022
2914717
1366344
7374152
1269789
2704014
5229570
1532173
9245399
4259104
2819772
5848176
6430473
8230516
9645867
6211384
6936518
6173193
2019787
6428126
8367640
8732380
8800404
9830123
4001618
5699964
9252458
3930447
9772584
6676010
9668764
7712397
7916674
2520719
7824659
5561595
8115878
8757689
3998935
3296894
2042253
7708695
7317462
6522751
2343009
6642338
4381541
7755055
8823244
9324487
5173684
4562928
2263036
5048827
9653268
4855223
1070293
9120326
1678083
3242724
1894350
3682220
7622588
4087837
9811944
1493151
5897264
4913011
8578363
3670049
8125376
6651155
1854516
9451850
9389054
1398408
8759387
3527381
7712297
2759559
2053808
4223592
9867378
2008011
9748049
1011651
8365149
4666866
7216708
8184657
7265521
8808448
8531131
6676621
1209594
3095275
7260944
9355727
7665261
3052495
2819342
7297872
4355613
3069187
5618258
4521210
7554566
3484700
7191648
2309020
7961520
9528185
2512050
2294116
6100533
7198655
7262238
3653334
4943597
3280813
1157439
9210876
5374729
9292203
9787815
3412375
6397686
1807839
9159170
1129022
9658412
8451280
1252605
5848108
2423871
2182671
8375864
4989207
6549829
5100011
9637296
3996503
5278097
5599972
3033050
9625459
7393470
3108203
2733629
3359995
1460511
4177432
1791142
4486697
8349717
6902403
9862449
4689049
4753201
6689176
4277125
7808260
1617525
9357125
2855641
5883583
7203878
7013502
8108261
3895298
4325564
1341788
7659995
4717486
6879884
8129873
6321503
4881046
7714324
4026367
3113636
2400697
9819680
1997610
6116784
4036783
7749148
7925067
6908082
7964387
9678283
4899383
9252627
6655065
1969599
7100159
7554330
2616528
9164560
9819561
1904459
5480193
2283378
5384848
1839337
1487265
4349009
3281359
2254882
4925859
2246119
2551692
3146372
2632842
2757474
3076451
6614879
5157430
4350807
7426273
5405386
6044005
4171506
9526235
6437034
3902477
4655450
1550109
7143479
5849583
1844119
4016640
4261472
3791166
3806695
3717302
5251610
3675776
1336801
4070584
2817203
8125836
2389000
1060786
3832877
8567773
3609924
3141509
9332017
2344350
2610060
5013469
4089729
5625927
9761256
6354261
5753323
7053632
7766782
1357232
5597129
5269492
3611026
5948514
3618165
8844975
4959131
7604399
1294261
5768131
9087627
4511145
1707026
2818007
3224462
5010392
4195887
8070474
2312870
9153781
6494799
3366351
8198934
7142401
2184639
8755817
6648348
8559436
2063173
1813922
9140652
3247688
1755945
4149478
6896186
8119711
6751946
8392174
2022583
1389682
1088435
4374546
3147823
7013628
7955527
6611358
8583657
2166551
7052529
8124033
8098353
3464486
6499905
5726729
6541034
4044178
5243876
4067980
9559639
8012417
1406650
1389227
4833771
4796932
5875053
5416567
7804542
5496672
2611999
2922569
9026138
7959296
8544436
8453949
2963694
4144065
8768121
8848200
8977554
6843366
4473165
8298018
8798916
8122822
3621095
9664341
7741626
3265979
4072823
9616430
3054184
6051612
9160592
6030987
4350899
9286253
3844741
5350031
2663006
9209285
8328124
4426762
3916700
2516217
7600032
5622373
5512351
6936471
4532074
2610868
4903776
8128846
8556009
8583333
6613607
4335437
2771136
9924529
7350789
4891577
5968329
4810984
1830311
3402876
1644153
6414666
1643989
7147306
3270995
7351940
3472994
1312957
3365360
8401376
7619830
2802252
1983382
7312256
7369570
3348775
9966656
8711420
8537299
1956527
3187046
2787290
3270211
4006660
8270646
9451894
5673027
2323351
7324170
1642171
3879316
7954513
5049027
3496985
3647575
8053812
9017189
3940615
9759891
2326241
4131828
3310291
5512671
7874577
3677344
5379911
6479168
4501425
8734988
4242239
1806452
4808544
8512116
2374377
1402479
7737339
2612247
1764133
3158661
4041971
2715746
3759925
6024768
8594812
5745222
8193454
3747548
8522322
8741701
1988176
4190352
9394976
2672728
5353179
7954255
4332434
9691700
5728363
7314464
5212780
4140733
2720965
1550218
1708633
9697291
5161186
1169203
4286233
4398412
3047124
5308898
3765477
6580224
4161520
6690202
4068741
9971060
8467843
9774913
6851989
9658761
1720991
9722002
4126147
6677268
7770968
1754735
3855356
4055163
1686970
8249978
6223952
2896101
5475262
9362165
4224364
9936266
7083254
7098375
9574086
8636156
2757613
7236834
5598974
2313398
1969706
8668658
1582020
4375635
9709942
1313336
5647796
8937066
7550229
1917735
3056954
4242504
8002610
3168846
4133786
2058909
8933038
8188502
3206734
7818610
8802050
4282981
1771366
3444738
8660755
6781260
4752092
5510505
2853294
2109149
2653934
8865754
2654805
1743913
4274279
7245893
7351337
9860064
3600560
7840239
5176768
2935417
3649116
1872267
3224617
8667748
9468690
6548969
9270974
1637797
9763134
2434093
6966041
3565011
1775410
3460259
7605971
4179321
1598656
8845865
8495657
1472412
6587124
6675709
5576080
5907246
8974673
7046784
3025099
9662466
3636929
3352602
9718898
1768416
9297729
9941702
5653221
8708650
6173172
7630609
1080130
1233662
1652375
4376158
8501972
7684646
5970022
5018381
7909124
5548063
9350405
2567653
9652749
1388311
7901681
5281839
2216202
8375673
6674496
1880109
5172627
9647028
1300382
7018633
8878473
6703066
7552178
6466497
2935214
2194950
4640401
6430787
7171961
6611562
8099666
8684493
2681601
1022703
5941634
3637512
1988848
8511957
7410177
5318597
6723337
7370348
8110804
7170416
5405717
6036179
3760565
5956211
1128043
9728361
4448768
7100973
1250367
2164745
9430527
9176188
8761645
7710099
7036377
3333088
1168869
9073536
7486358
3806098
7282713
9484581
1512743
3397827
2611109
6525979
6872260
6608201
7380983
5378989
5805062
4622175
9327576
7073787
9383607
3194444
7571258
2265422
9176230
8960494
7778482
4640028
1106519
3134551
8016352
8591198
6379931
2516560
5349125
5219056
7894860
1831748
9279580
5654336
9355677
7866592
9433589
6341073
2528159
6591585
8031806
6587977
9657319
7709477
9822371
6735953
7318870
8851774
5615976
3833829
4427513
4676924
9292204
2451228
2685419
4811978
7398664
9390473
3691728
9946178
7813873
8250866
9562956
1485068
9920803
8867608
7453827
6404301
9926607
9616456
9796594
1058644
8821646
8622481
6579038
8760146
4083102
9405942
4502748
6661714
1107157
4225013
9459728
2122758
3210788
4516696
4967403
8857868
3498470
1570499
3845799
5078616
6845737
7662447
2428949
9674923
3957236
6835158
4799721
4396147
3219587
2534079
6322964
3976284
1397135
2858251
3331515
1125398
9885177
3532217
1103614
9162784
1168785
3912062
3070748
7193118
3603362
8356984
8912398
5791702
6252681
2116972
9721473
6394168
3783141
9854014
6818056
4940790
8879993
5095865
4233953
5016946
1791897
5646094
6148190
8955559
5144697
7352929
3985415
6949449
7197876
2395978
6912367
4136120
6420868
7119417
3605117
7808050
5896998
8018149
2176244
9541504
5029696
8156709
6047213
8933131
4618990
5755519
7061476
9933928
3140209
6791497
2139408
8161977
4778777
4568230
4776103
3242229
5949012
3607507
3157466
8632603
9266424
5339465
6723509
5169634
1922438
3518637
5720906
9145531
7864408
7687518
4342534
3443378
3931709
5105645
3326244
1455425
5462290
6660187
4341393
8012904
7703811
5586407
1445113
9056218
9364643
8285110
2639520
2493672
9668017
5112096
6006691
1831163
9764611
5844351
8950832
8324781
4767783
2228402
7382556
8939769
2403408
6611083
2388540
9472435
2337703
2524069
2143694
3816666
1244690
8698209
1074673
6640597
3029985
7593834
5391690
7411267
2158015
1077934
1560937
8236807
1893974
4571696
6237787
5528594
2483478
7685347
6938809
1768330
5557520
3586513
2873570
4182595
9297758
1405180
3288053
9247869
9356917
4492155
9858522
3824934
5083782
3060513
3067394
2227896
4320474
9372138
5528523
7499725
8119357
3592103
2061369
3943865
3025868
6135891
2634442
6429288
3032634
7007134
6495896
5847129
6323983
6911353
6479285
3354539
3683858
7749042
1643242
