100
5132553
2687871
1975922
6233646
9545805
8446682
6234201
4578310
8969551
1374301
3859459
9317746
2174526
1164395
7315069
5121858
3016952
2355429
4021318
9047070
4538297
8638691
3892980
8300527
1667692
1003982
5343062
9283632
4706656
1517539
1282580
6903350
2198981
4313082
5085060
6400532
6092791
9772087
9946031
6844403
7360706
7538632
1650347
2745426
4369070
5474527
2336762
4496930
4527765
4465641
8443819
8652348
8848580
3653728
8157176
6763990
6923734
3171037
4288897
6236306
9419143
5563290
7859895
4306009
5280552
8650022
4256603
4064672
3441751
2200297
6865815
9486553
2102378
6140002
1571422
8836588
2253611
5605798
2259321
5565438
1746541
1403139
7328569
3549859
2484160
5189285
9968828
7606328
1037522
7173240
3287434
3072547
3689311
5233670
8340815
9319102
7218627
3467427
8622254
6265984
