10000
8444654
3353036
6346826
4904238
8886405
8056728
3751019
8166717
9093187
4912867
5444897
4328942
2768768
2296262
5244918
4219584
1984459
3014695
8032851
8814363
7219290
8683918
4252586
4248137
3424168
6148993
3271669
7877014
3484943
3811293
5798990
5890493
9549774
5173069
2865833
2911252
4508149
7245231
3106271
9421258
5647982
7122723
6706189
3345351
1118550
6836591
9510813
3880844
8741245
8949705
3785227
5204356
5227555
8286468
7979411
5758490
9410132
1296950
5122529
1836277
5976670
5652751
4751001
7693072
9716328
9125838
4939544
2826902
6588021
2108777
4979947
1280245
4062426
7677091
9785231
3684954
3709956
6945465
3860497
6190677
7005886
8675143
6130487
7482253
8754289
9215008
1940799
8707454
8237485
6792613
7682983
3129137
5600864
1857968
5968708
3732437
8499701
1583256
1640087
4810820
5663615
1677774
7553533
8286624
5075349
1984624
6504822
3913462
4810820
6053397
4750337
4006931
8505236
9599290
5985447
6592725
3855828
6342428
8742037
2767053
1505146
9924854
9239206
5492499
4036061
7618013
4712896
1841130
5034915
4523666
8736037
3893949
8844777
8200590
1325118
6006729
3541225
6980716
7384747
9936204
8523364
3040250
5483766
4670845
7088256
8266857
8199674
7191990
8858996
7290967
6234246
7402239
8095906
6350586
4776822
7301812
9164357
2038312
3561180
8643856
9647939
8290452
5618419
8284547
8675613
5371642
1336621
2034129
2436469
9504798
3105238
3860497
9579023
6771313
4140816
6319589
7259851
3283364
7012184
6501574
2059714
8595522
9416377
4565891
8310967
7787224
7439441
1804834
8441872
8974176
4633241
7018015
2252846
3524966
4144240
8296876
8205018
1641465
4471259
9217016
6624064
8157502
2275046
4789046
6003152
8326153
2649350
9346025
2336795
3323532
2896210
9692550
8795852
4315036
9760984
3534050
7806936
5790617
8066116
4425101
2450982
6193038
4593895
6638167
7345883
5696833
2632189
8183817
2753679
8600252
5861151
4963813
6554476
6211429
9966531
7698522
2587257
6464762
2946065
5165946
2297042
2194584
1715200
4523666
6833611
8415645
8354448
6079988
4592597
9509652
4658122
1997999
6120320
8984912
6953485
6199567
9844169
9879108
9259706
3129137
5607774
5128546
8481714
4168338
8793504
8697217
7641343
6342428
2555633
6930252
4279488
2754072
6701415
5231480
2260514
8657990
5981447
9618070
9061219
6990833
8563302
5928721
3447945
8222686
9577844
9547240
7464723
6653168
8255466
7512656
5861151
2506702
6023270
8250475
8850195
6520101
3798892
2784245
7462343
4859871
7172832
2683088
2976516
2039283
1997146
1675917
6148993
7735389
5480073
7786381
1522345
3085713
9735883
7096648
9752521
3982636
9919236
5065278
6496386
8976547
7202245
8564539
6257370
2654359
3298391
2510591
5033675
6499775
5376256
7703086
6515542
3566456
9437198
4364085
2908340
4814154
4752338
9525630
7179079
7838517
8145991
6839308
3762473
9970147
3708508
6429066
7663771
2259631
6514966
6170168
8655850
3936278
9427313
1371327
8461173
8102587
9463153
9595495
1406370
3305496
6223852
9519126
7585465
1444107
5087099
3596715
5492753
2590959
7886809
8686019
3313435
4036061
1456731
7682983
4274316
8511585
2971057
6174038
1658295
2983231
3232300
8480408
9702858
1557561
4508149
2332092
6467320
5074987
4983364
1714746
6425255
3467792
3619880
5128948
5079091
4587808
5825159
4220035
6456147
5134360
2208478
3589524
3694090
8372419
4702844
2539609
3637186
2827169
3899514
9644436
3378676
3952846
2915988
4288382
5333915
5656062
2524129
3984872
6396026
8202775
4665552
3755417
3554443
5999422
1733413
1793873
8205018
6501622
9395026
4291988
6072977
5008254
1876137
2803090
5376256
7299322
1602369
1729734
3274226
4134972
4453503
6518333
5695179
9144659
9907576
5645592
8628196
6535835
9716532
6158749
8296724
2526406
2445574
1588538
5104877
6942004
8852625
1842724
4135590
4328855
5741909
4779102
6692532
5099161
2405290
9959628
9228580
7778440
5148444
6234246
3616180
7064226
2479593
7005536
7105587
3638165
2518399
2508896
2978638
7059169
7362769
2518467
8143061
3190186
7603004
1768423
4396566
6665152
7617173
8668597
8224728
3158425
3312734
5169562
6211235
8711064
8960545
1754787
1565942
4273815
1837388
1886830
5640321
7881626
2978638
5984357
2336829
7457405
6334049
6592270
8017313
9117977
4505153
4562576
4072134
4050193
5852747
2108777
4366885
4718107
8554050
5799020
2098792
9182029
3059758
6399135
5070271
5780877
7179079
5252718
2285428
7960101
6364385
9157737
6938593
6033493
3873935
7096381
4739584
6499731
2442606
9287040
7223588
8083400
6606938
9920366
7685023
8298356
4471259
4988619
4190275
8519341
4545654
5058794
2341837
9232675
8438958
2085013
9577844
2426670
7281370
3694090
4835573
6351731
8233571
2529731
4342467
8528916
9999757
3581623
4131749
5299575
3363245
9201424
2389735
6895745
7483717
1752324
5740255
5070843
1756765
2980458
4124008
8667717
9590099
6870990
7000064
2084682
5106868
6826436
2592988
8865212
9446659
5771256
7057666
2670145
8148874
2043429
7763016
1934301
7655815
5582139
5173069
6337376
9424864
9695525
6851788
5744706
7071490
7819979
9158807
7374438
2820432
5222957
3271955
6625029
8949705
2490648
5517192
9618148
8990282
2439301
1927269
2033431
2135026
3080616
8717907
8245166
7782782
9491870
6638167
5771592
5217412
6467721
6322828
6429424
7153151
5041264
5720144
5968708
3658202
7249058
2090638
7395701
6558123
2041026
9209820
7043531
5902100
5775009
1794622
5890015
6754782
9188855
6945923
4659487
6347584
4668788
2280479
4813860
8846271
6344142
8636353
9888823
8251190
7046362
9624078
9103781
2350048
4494216
9726038
5672352
5421667
8465329
3082389
8419735
4666632
5822003
9896141
7432872
4770313
2645120
7128970
4666632
7799210
4552235
2344830
8261395
1666083
1758372
7906014
7202245
6021341
6290525
6167982
7387793
9679268
5884629
2460105
2992824
2016060
8759309
6130487
5256140
5655807
2491760
4836219
3679725
8809701
9324807
6170168
5488164
6124534
1851997
8511067
8840379
3028661
3227160
9666237
2848404
3565221
7175241
6147362
5676454
6721784
5466116
4180429
7629389
9004101
7920987
8052582
7366472
4958179
2987823
5985447
3653520
7472020
3953824
6057665
2280167
2690868
6828479
6703449
4904238
6027610
7282393
1863961
4599251
6081558
6358238
3464457
8221922
2867260
4343234
5019352
5411811
7405881
5760898
9842694
3535500
3155323
6688939
9017932
5210495
2648189
1851695
6637649
6407134
5177812
6304496
4537551
3732565
5445228
5526178
3928205
6257312
5199727
2353795
2567149
9255742
8103815
7073965
4137169
3970053
6052178
1981695
4929731
5859752
8958238
7972208
8171147
2511174
8844777
3788261
9435492
8076667
4367899
6167212
8129793
1854012
5889326
2299489
7836612
7957503
8528916
6396026
5985447
4554032
1945476
7081195
4632343
1733413
9437599
2179654
4135590
2945293
9649590
8157502
6750528
2722668
1774184
8884037
4189681
2759850
4260427
9421161
6546350
5461846
9594371
9502246
2254953
8586419
7616113
5592018
3370336
1746644
3482815
9726201
4306080
5990591
6199567
2849322
9762702
8374152
2235638
2237272
6200343
4342467
7145984
5177812
3282386
9650193
6516608
5499425
5769331
8502970
8598077
1851888
4751001
7462343
8081695
6872094
6538121
9523243
9718135
8599499
5554124
6066429
6556818
2692910
4132728
3149277
3348278
9338175
4125139
2340640
7081148
4951907
6110557
4009403
3540023
9454369
5485999
1930573
7816884
5647982
1791422
2987364
3994579
2709657
2285477
6272828
2490648
6743867
4590891
7538604
4212991
2518399
9662128
9759842
8089494
9620486
3964486
1943466
7445788
5827954
7281246
8564539
4832673
7312232
8657990
6257312
5795245
5466116
8233571
9954601
4043718
7377623
5983885
6720257
4050193
6924652
6035699
5890367
3221975
6792565
4258684
9829782
3162689
4870342
8196180
5072715
7145984
7477154
6882851
8237301
6604073
2197595
7485062
4560718
6079709
6224574
4475815
7446532
2567149
6286266
8151604
5594076
4552235
4184417
9616014
3996873
3510396
3791866
3271669
7251081
7825228
5454309
6238991
4853448
9054877
2632189
6589862
2978638
8251190
6520560
5581382
3989784
3960462
6392843
9923611
5692443
4919849
3576845
6556603
9498508
9338723
6411193
6943227
3290416
5339544
7012274
6740401
7135828
3437134
3671722
2659540
9282848
5290227
6071106
7001434
7555507
2730075
7439194
4664673
7358280
2764713
4452170
6766704
5649377
3537459
7955105
9937366
3155290
6182635
8936846
5456403
5599041
4074324
9863749
7597334
5426043
8592761
8052582
2481471
2713666
9806109
2059684
4759103
3391093
8583950
8435012
5869165
6973791
5149515
5243388
4711091
6563125
6370121
6658336
9221576
1919241
2712209
6520101
5074987
9988339
5670940
9391728
3537320
3997354
7494562
2554700
8157502
7026463
4748679
2199003
9280016
3098858
7553551
5799020
2055572
4858552
7920987
6627044
3936473
9333756
8628196
4322079
4176580
9144659
2002610
6148993
4042055
3065928
8284726
7523201
7088997
5175750
2455893
5406531
5165521
9964440
5389710
8763320
7485062
9754722
2854586
6524818
3120659
5526178
6500566
5754552
6516226
3602737
2901749
3102265
3576845
6489858
8121106
1987371
4972518
8353281
2996213
4115804
2333564
6837453
3333972
2820432
3088129
2340923
4343876
6500648
8222686
6332451
2599216
6834849
8912141
2450180
2535562
5111817
9763321
5345443
7593664
2444833
2502025
7953007
7543129
7070395
8541059
3715944
8658384
3383638
6147362
6315080
7425752
9446412
3045825
7549994
6132009
8429761
7930746
2283873
4880835
7570589
5560521
7189163
8621705
8713334
8137615
5058511
5846943
3831655
6351290
5295420
3952846
6706189
8301378
3537459
6709072
9952970
7677091
6167982
7443161
4260427
4933695
8237485
5864845
3050646
9444155
8768885
9768847
5187535
2364633
9140625
4346200
5031221
2624584
5344352
4322079
2174487
4220035
5699162
5115321
5541804
9733452
2229224
3983665
6950826
7897213
8986662
8636353
3622719
9218991
6566103
7498867
6103430
8025534
7251081
9716532
3624692
6800244
7086695
9753597
7121819
6071022
5991052
9523965
8980061
8523300
7235953
2682876
8289292
8776461
7131660
6638080
8949705
9141762
7633270
6000560
3105238
5665833
5827254
3319984
4168417
8125406
2463048
7969344
9643155
8537558
4911414
2293129
8080085
3234076
8118384
3648547
4832781
5640321
3324799
4701841
2729215
6650532
5719296
4778238
4803006
9670849
7524078
5984629
4898973
3815002
9485063
8066827
5930565
3982831
8290812
7802448
8066827
3215293
4437418
6424070
5345328
9999757
7560349
8883905
3313786
9409234
8970839
4668856
9592022
9735383
5499061
6135100
6558123
7245209
7981939
5492499
7219084
3355560
6364385
9688398
8569304
4919849
3319875
8190946
8467346
8080479
9207719
8425699
8014510
7232765
5720237
9437599
9050541
6344427
2910696
3683098
4131570
6535903
5609414
2917630
7432413
3461132
7517645
5818805
3721246
4788394
4227835
8675205
7642254
8390724
4365754
6022844
2509410
4552874
6697370
6267341
7968065
5655727
3283137
4549162
8035592
7930534
6728688
6634233
3125122
8760065
4264423
5486908
2848404
9362563
3419851
6223852
4521098
6531239
9552830
2781742
7900700
8606680
6923399
4485634
5222957
9800219
3349947
6429066
4119132
2888770
4433140
6625029
7250082
5106868
6396304
5805051
8139767
2676143
6973116
4286366
6843672
3762473
5261809
2586327
3053323
8491597
9881823
9671578
4090653
2266247
6211235
5488022
5031221
6805794
4324441
7098797
2442606
5465605
6438396
8850195
7219290
7569124
6369472
7161015
8729494
8195830
4300701
8561303
6524818
7613969
6455561
8410677
8539222
9844169
3023912
6714371
8620981
7298149
3497466
5448392
7204695
8450149
3581598
4675245
9433100
9567297
9941231
7898974
9759262
8598077
9767966
5927094
5796542
4396417
5368048
2833574
2884668
3425204
7921960
7922951
6342630
9430451
8198527
6405382
4614612
8192009
8005866
8171080
3541026
5935733
2724076
9159951
4527807
6027920
8290812
9583803
2483341
4621277
5080434
7229853
6408730
7632141
4396566
5815984
7974741
3408960
6085778
6171505
5796172
7731987
8525184
6727746
2352197
2895398
4018373
4719873
6068883
3859125
8251190
4159518
6167603
3938226
2882876
9650193
8554078
6868521
3319984
7617173
8795852
8239725
9424864
8884037
7208738
2605490
6569407
2518467
9583348
9799362
9842694
2671664
3608847
2914212
2622327
9320999
6271386
8552217
6988693
3688414
6268346
4737745
2797825
7221237
5907670
6546039
6132009
7476691
7845099
3774056
7358280
4896309
3378676
6004930
9649519
8296876
9255966
3313362
7818728
9713941
7796731
9231135
3582382
7644852
9896141
7773894
9526883
4782512
2567149
4024845
5202773
6727746
5111281
6570980
3873935
7797118
3994579
7152713
6624064
9242241
3855828
4242148
9695525
8793504
2638706
4350547
3039905
5468414
6316294
5045167
7439441
3444999
5080217
6449086
4257185
4220035
8582211
5270962
5028661
7696876
9958171
9248122
5550758
5145742
7860473
6493695
9213032
8904295
5848168
7620091
8232119
5968708
2534831
2694102
2514642
2834547
4503041
5411297
5102015
3117317
6151643
7782454
4012912
9837174
7808718
5277623
3211230
7001015
4728029
4987863
2488477
8846475
2831839
4169647
7406560
5905561
8380441
8339738
9951005
7989625
8104653
7430611
3058787
7682983
6747407
2714205
6406810
7920987
8334913
3476963
8726922
3529266
9425900
9975530
7413096
7092905
2807730
8547452
9255742
4140816
6047505
9735883
5746299
2592413
5052041
2576924
7708946
8632263
3791866
7637100
2909750
8540597
7979046
8838081
5792221
6293813
9280016
3816194
4988675
3158425
5966099
8609466
5359395
6928094
3866458
8463913
6257370
7449122
9883173
9706946
4042055
5820266
8378927
3884359
7978030
7191890
4444809
7040523
7647150
6455561
6740001
6305526
8863979
9478345
6886906
6643606
3361983
2817795
7799497
2742252
9735383
9755052
4168417
5650789
2705127
8427503
9265675
4781803
3023912
8581777
6828784
6444476
3234076
8935441
4393320
7944857
7304496
9706826
3583133
2976305
2587257
4619791
4471259
6495975
3694787
4762639
5460682
3495122
8948559
7138466
9750060
3093548
6918268
3065619
7571114
6872094
9261977
9025606
2783953
4626153
4545127
7431380
3347723
9919236
7426440
8291029
3598978
8825460
5180223
5402165
9423055
9829782
3091111
5344075
4521098
9217856
6760280
8088966
6272828
3050646
9763598
5256140
4166661
2933929
5250891
4288288
9716328
6910226
4241264
8074692
7059169
9158827
3042839
6448396
6896196
6006729
5796172
6041845
3094400
9054394
8542124
3581643
7201502
3038561
7101205
7732456
3210917
6477792
4990408
9889069
5139835
8741245
7395701
3195336
7618013
4022764
7008772
8790157
8831086
8906467
9190467
3511383
8339738
9929440
3540886
3047153
3610605
7971471
3332842
3225881
9588351
6857865
3430351
9750788
8072290
2759850
8756092
4199032
5873343
6444856
5025364
9583348
7053709
5747508
7175241
8244982
4024845
9048565
8168719
3982113
3688414
7290321
6304496
2909750
2624584
6955057
3461501
2916163
6766704
3588499
7199115
3465232
7078337
9338723
6757671
7682617
3706820
6223852
3313786
9978306
7115473
6678336
7608188
9321616
9712186
8766042
6499731
9946981
3704838
6868521
9936204
8237604
2640864
6694931
5756184
4106265
5984389
7860473
7407227
8943035
4231677
7206401
9546959
5072715
7164597
8686019
4291988
7355168
5383611
7403948
5041660
9594371
8223787
5739503
2890463
8801203
6830314
3998103
6650532
3210917
9643155
8157502
7105587
3205030
6845458
3598042
4277066
3505278
8251190
9228580
3848226
6057863
8490668
5386610
8339813
9358220
8035592
2876390
7555010
7784275
2976840
9529190
9367637
5445003
4086734
9275541
5201855
3378391
3260725
5125690
9707935
3719883
7428313
7026640
8374152
2965887
5976750
9964440
7343600
5611778
9188568
3960968
5666360
4385001
8809701
4367899
5890367
3627088
9525630
2820432
9124284
6953792
7197497
3541225
4730231
4501171
3656265
3469924
9972802
9471580
4231677
8284547
3812831
9883173
6887688
7782782
5630676
4638391
7276060
5328437
9385139
5592018
7368396
6813183
3148646
6006729
5601207
6552835
4291988
6720273
5467375
6612474
7930628
5583833
8045000
4990772
6771793
6373061
9716300
3827497
8906467
4693658
6351731
5642995
6577854
7992602
9994045
7548883
9881975
9847318
9967594
5067138
7789268
7105587
8434677
3617890
3990340
7484643
3564500
5682875
2923498
2864677
7260764
5467770
5855297
7405881
8969813
4244359
8456605
7428913
2882032
5695179
4501380
6702073
5873343
4954802
3168147
4137633
3862320
7555685
9117741
7164597
7953146
7594707
6266729
3508802
6571506
8955144
4224778
6031740
7494562
9589270
9912788
3400541
5505044
7375284
4258397
5159123
8096822
4873876
3706105
7387143
5139388
9277372
7396682
5585529
7447868
8999615
3242712
4631848
5971490
5458925
9868964
2905289
6004930
8341049
5784426
6611822
9258411
3804985
3362608
8040401
5244918
3913462
5028661
6569407
9795638
5984647
9371502
7761717
7539501
8237301
3002431
6089807
4535264
4627984
9599290
4238755
8045000
5019827
4248779
5990591
3105238
6138306
7301413
7451469
7277142
9644436
4873876
4782512
6113656
7773894
9252253
3623100
3600366
5546164
7281952
7933722
6089242
5869940
3065805
4672826
3625210
9907576
6614413
9726065
6003152
4365754
4998915
5222733
6629143
7245231
8424741
4347719
9382489
4403749
5991168
4718107
6270538
3925202
8949705
5396720
5813546
9027903
6052178
4397868
4218344
5163879
6372843
5217326
7180057
5402165
9622274
5828914
7899427
8921340
3536043
7146021
3094218
3943496
4217085
6672776
7517645
3899514
9500150
9209534
9500182
5685693
4924621
3111275
5034915
3723285
5712117
5058794
6104584
6945465
7560087
3945993
6392843
4158148
7070496
4703967
7460714
7415714
2961725
3667772
6817218
3358379
7553533
9246187
5065278
8501235
5273947
8237604
6750528
4106265
3531253
7237390
3027497
8184491
8491940
3106413
6953485
6125221
9946578
4201523
5827254
9478212
6482684
4356019
5127730
4826892
9549774
3102619
4384421
4635668
7410213
8135915
8354302
4115410
7074092
8881948
8424301
4702293
6020901
6268346
3007673
5066068
4524764
7629118
4770313
8187942
5188372
3613933
3271669
8223787
3117324
8554078
4738409
8881239
6499731
6685050
9249794
8008934
5672707
7942972
6008819
9706946
6705644
8375644
3934752
7224986
6174038
6955326
9728251
9010480
4027891
3252809
9269134
6130721
6049017
6011725
6162050
4215599
3455711
3680037
6807535
8776461
6106594
4444070
5033956
8891022
7887757
7028446
6408730
3089859
3479472
8408817
7222818
7432413
8454464
7803824
4663991
5492954
4249375
6538121
5771537
9888354
6967636
9519513
7285750
5640972
6465045
5126557
5546880
5484693
8605059
9556179
9782729
4042840
7279094
4306532
4590635
4762639
9017978
4681823
4022764
9531386
3397953
3035121
6373061
4396786
5673434
8999615
7626331
7808531
5611778
6942145
3961047
8426387
4137169
3365521
9502057
4716038
9388344
5180223
8891140
5454309
8356833
8528609
8561303
8131810
6797918
4681823
4836219
7460135
5420646
3476963
9370013
4110068
7707956
6479494
8095906
6443914
5787090
4990408
3215293
5836460
6611309
6479494
6346826
3406804
4673210
9037219
9049712
4730231
3690033
9782729
7165503
8569739
5837224
6388366
7658586
9832025
4018373
3721787
8389383
3587377
7438914
8855177
8668597
6612521
6407218
7748415
3065619
6087475
3858583
9187407
3997354
8320390
7656354
9446156
7799497
4309508
8289271
3127550
3502793
9157621
5585529
6288012
9935072
6920002
7438914
4288382
7064585
8392012
5789101
6004930
4774867
8456198
4753709
3720809
4905007
9900728
8045000
5739540
3680393
8792726
5359539
5552383
7979807
5780265
4794463
9925961
5333915
5007156
8261395
3892250
8420431
4786034
3647617
5889092
7834223
8048023
5166261
5941461
6990833
6373900
8703828
8941523
5666360
4176580
4592597
8814431
8997411
4384421
6245639
3699933
7884076
9413603
7403964
4298042
8245464
3815860
4951907
4091024
4321740
9835316
6257312
6858543
9580407
4670662
4166463
9598772
8861300
4260427
6237082
8667463
9978306
9413880
8655850
7452696
8500377
4535011
6102084
4883313
8079582
6616358
9868964
3990340
7317058
6272257
8740107
7512656
7587743
8802088
4582252
7457385
7197497
5291771
6912332
7292677
9205091
3183881
3632604
4114613
6614413
9915337
8255177
9968584
8246020
7787224
4737745
3494154
5513538
4505339
5073847
7479217
9446600
6797141
5581382
6656443
3690474
8079288
4300064
6950826
4852675
8734620
7023940
7118028
9945453
7732456
8712880
4959460
6200274
4954802
5501568
5714741
5694130
4614598
3546762
6854448
8530224
5114887
6114245
4643819
7088997
6970455
6908898
9888823
3914130
4803399
5000651
4980888
5222733
5031221
4881474
7570639
7641644
5072033
8655850
9826345
3960968
9778160
7060104
4597188
9756028
8930346
7131660
7568533
6891323
9778089
7616900
9919236
5982596
6272828
5184415
7524018
9526883
3897798
7327725
4688551
6980491
3988739
9199570
6980491
9946921
7636036
3925523
4342599
5188372
5667198
6211235
7149600
6811414
6210742
4228764
9213949
3442154
9333756
7449628
6106594
8444654
5438218
3912897
9946789
4337435
4797192
8903230
5952719
6654528
5183561
7154824
3550390
7356124
5087099
6140187
9728655
3581623
4754801
3362608
7461610
4981455
8838588
7721016
6312697
4943608
7069452
7664859
5517192
4345963
9901813
4632188
5539990
8718615
5813546
9975530
4081171
4365754
7240531
7955105
5792298
4021602
6116847
3925002
4759103
3969283
9538474
9017200
7432448
4044009
4556270
6039293
7513031
5972896
5033675
4220035
3658484
4975689
9794385
3537320
4324971
9235959
8443056
9497339
4131570
3537459
9697491
6022844
4091024
7059169
7848035
5744658
6098772
8771409
6448745
5512916
7198762
8530224
6704318
4813695
7433254
7387143
5932358
7260943
8040401
5019827
8730090
6721975
9116681
8465643
7450621
4956134
4751001
3861463
6814050
4770313
4932270
6012292
7536461
9499417
7992602
4944966
6603255
6020901
7209563
7031372
5091558
6500566
8415848
9261977
9346025
3720809
3404559
8993947
6928959
4716038
4662292
7398331
6188073
5089980
4990772
9341261
5798689
9908409
6501622
7425450
4736067
7922951
5628935
8244982
7282393
3619948
3631941
7273489
4338576
7325465
6828479
6298883
9421039
6200343
5022787
7281952
7122925
9159951
8501235
8462083
4081171
5018020
4375667
6351290
9998258
4693001
6516618
7457385
6523797
8552615
4748679
9343248
9544210
8040337
5034744
7068235
7032816
5197146
5223478
9962990
5124981
4425984
8535996
4665552
8437155
7219084
7460763
4094147
4509664
6524934
7381590
6415862
4115410
9850944
6990833
6315080
8039810
3751432
9358220
7502963
6942145
4537778
9702858
4385001
7476691
3606795
8621088
6725807
4265786
8289185
3655687
4506716
7651287
5182971
4095221
8793504
8140091
8957051
4277066
7502963
5578398
8388321
6373900
9822578
8953059
9041617
5253650
5807526
9273964
9270895
6955326
6570310
5808259
8453304
9735883
5143119
6344828
5191340
4517465
7031706
3955545
6823018
9096407
5922804
6828479
7117444
5914164
9593059
5386479
7056540
9339827
5582931
4713231
8684158
4748158
8552498
8153474
4685184
8755939
3676903
8017313
5746870
6288012
9549774
5382110
6230842
8953717
5170215
3729206
6794084
5667010
8969484
8239725
9904445
8490668
9138972
6859561
4396786
9233754
3806404
5382110
4988619
8644706
5642198
4234562
9842407
6597436
8544851
3973979
4127797
5725150
8825460
4339928
7235071
6938593
6140187
9903832
6738888
3534496
6085778
5685693
7441530
4902035
7381590
8297673
4274810
4586091
9529598
7637857
7645995
5875022
6682833
5250985
8383806
5507206
8692808
9381159
8480418
7803824
3564679
5798694
5771256
3939604
4440234
8812131
9281369
9500182
8408817
9467481
7491714
4333900
5499393
8628196
9411416
3942491
6591345
9486353
5991052
6703449
6760874
6546039
7862818
4440234
4012912
6293447
5635895
4896309
3990340
8865088
6147362
5187535
5222733
5708258
4462472
7374806
3823643
8969484
7988331
5505044
6772214
7138466
9217016
5527281
9938683
8586419
5240332
8859740
5707445
3998103
9597145
7526268
9870415
6700022
6505150
6560367
5583833
8262049
7463016
5804918
5408594
9213949
7152848
7568213
8689149
6711455
7706934
7581122
9714873
3997387
6948686
6994429
9781923
8554050
9410132
9258247
3779601
5127211
4793639
9078013
9159616
8313506
7773827
9824751
3652189
5124981
6637649
7852781
6396050
5033675
9746336
6337376
9321616
3863264
5008254
5807876
7027016
6206590
6272257
4241642
3984872
8685359
4545858
7812551
4952544
4688275
6920002
6945430
5889092
6669959
9644436
3678719
6628089
7056283
4456567
6898057
5907670
9067221
7041804
3732385
4425101
5501591
8999615
7981939
7491714
5129871
9164666
5639318
7637857
4058879
9029804
7608476
3763190
6415862
5187431
6406050
6004930
6639995
9174640
8665486
5705214
3888265
8498218
8788904
7161600
6224833
9356732
7605194
4144240
4992756
3751830
7854179
9718794
8923836
5672707
5581368
6024865
7237530
7803824
6056140
9036860
6827057
5836948
5908762
7601692
9273964
7307452
5375632
7655815
9117741
7514756
8844863
5712117
6402090
8659777
9494257
6871317
7731987
4363236
7536426
5275103
6411193
4750237
4532643
6385161
6552835
6110480
4154322
6747703
8227535
9293775
6206590
6699014
5808259
8856705
6100194
7002008
8933953
7359595
8208480
8282657
6406810
4291765
4337497
4357760
6928959
4864000
9934106
7887757
5438218
9004533
7020577
7071906
7221237
7774697
8661361
9210084
7960101
7002008
8429761
8132292
9914942
5484902
9606972
6908898
5852354
3859956
9500150
5505044
6861384
8237301
9716300
6872847
6662615
8659777
9504116
6079709
3831655
8245166
6424070
8183817
8246020
4982393
5501591
8362207
8183817
9752521
4490093
8274364
8581777
4027891
5734431
6954505
4599251
8129793
3964486
4983744
9239206
4948893
8218261
7231463
6948935
9439018
9248122
8704822
9313701
8209610
5442009
6432383
5099161
7092905
4463717
9888354
6343794
7655815
8475981
5469692
7410564
8768885
5689471
8025000
5333915
9026702
9702625
5742173
8583950
5303324
4649029
6588449
4176561
5403948
7047103
7627674
5792298
6731587
9813005
4723485
6942004
5741909
9750414
7323380
5784426
9031388
5959638
9054877
7498277
8415848
5088465
5392636
5968708
8356569
5516303
4974032
9935072
6622453
4500008
5976750
6627876
7691491
9249336
8646436
6049227
8144705
7809740
6563611
9298240
4042055
5033675
9776244
8294696
4352134
6532901
4777612
4129767
5672352
4004680
9029804
7535780
8371237
9764565
9782729
8809701
8264056
9811501
5697700
9060162
4870342
7681660
8030515
5361278
6742525
7762118
9764565
4129767
9116681
7452696
7117444
7555010
5041879
7400623
8438958
4753709
5461586
7093524
7359095
8846032
8676702
8096822
8199003
9276642
8852625
6049456
6068046
5278137
9356732
8837690
6750528
5217319
5071930
4990772
8363845
3946435
6872847
9484529
5078449
8018252
5740164
8265311
7797589
4191779
4236226
6546039
4948893
6735625
9500150
9008669
4320590
9152582
9082125
6870990
9905797
4243877
4883460
4759337
8902425
6425428
8955341
9210596
6556603
3982113
5523777
9938683
9557174
6300697
7385217
8368896
5104877
8154411
8939218
9287645
5018020
6150069
8923902
7168442
4064539
8439573
5452517
7589670
4238755
7624035
8172947
7556813
4315445
9114485
8138306
6706189
6711550
7685023
5987546
4898589
8420395
7232765
5391295
4619791
8917862
6352019
8310967
7362769
7656354
6638080
6721975
8676702
5349452
5672707
7752843
7635483
5944108
5579192
8621052
8421425
8141077
6382911
5217412
5054127
8717907
4265683
9883146
9250762
4807756
7886809
6772214
6222979
6770393
4802069
4338576
6410734
8962158
9878951
4864000
5864845
6711455
5447829
8683704
9985939
5206927
9458627
7439441
9701549
6830314
8401939
4343876
5725150
4659487
4554793
4121395
5349452
5222733
8234367
8479475
5890015
7488035
8938281
8685172
8925184
6823018
5253650
7838517
5870716
5197893
4661878
6112249
8301378
9439494
6981648
6717823
8172674
4483104
9216823
9777687
5287530
9535134
7122925
4881474
7942972
4705985
7384747
4516726
9907651
4537778
7020184
8844777
9647078
4215599
6325878
7207103
6567795
5290227
5922704
8821089
4073574
5805324
5103247
4176580
8747899
8296473
4352134
8452893
4356972
4147886
9477612
6629143
7896953
8222975
9706946
8675143
7474064
6385304
4819610
6434935
5286405
9471580
7782694
7699164
8190219
5052041
4812408
8147800
9596043
6272257
4339928
6456147
7025789
9955986
9610874
9125838
4198294
5998862
9232947
5233152
6632746
5615834
8611537
9647939
5152217
9232513
4868137
6723807
6114271
7235953
7122723
9587695
4158607
4212991
4841979
5317467
9973751
8869960
9868964
8984912
4176561
7762118
4350547
6598348
6544866
7613969
9903641
6286994
7235071
6267341
5426043
9581081
5136002
8287786
9250762
6085584
6799204
4437418
6315080
7537849
9662071
7047103
8595100
9712142
6219513
9454265
7968065
8232612
7197578
9804708
8044865
7253792
5072715
4410614
6105475
8483577
6110564
7559571
7930746
8569304
8438896
7360224
9086781
4886312
4205470
4778544
7845365
8032802
6702361
8091613
6818003
4963799
8115736
8226954
8480418
5799036
9749555
9629917
6021341
4719873
6868556
5130218
7957503
8468023
6057863
6207197
9476033
7080158
5981447
6126239
5287037
8570020
5324199
4813860
9452560
8486717
4446668
5655807
6634284
4444809
4306532
5109056
4617132
7633337
5165946
9985998
7834801
4633136
6047505
5804840
7135545
4475815
6854448
7367897
6516853
5500195
7441530
6835049
6165714
5386610
7427054
4739584
5841123
5696833
6188073
5764555
8505236
9820711
9362563
5851524
5439371
6062672
8771409
8129793
4411483
7587222
7957173
7961454
6287330
8685172
7314975
7358280
9125307
9679106
7093524
4880835
9534550
9321616
5738746
9158081
8837407
8322959
5659255
5689471
7645492
9971104
9964234
7425300
7278307
7735559
8955144
6174038
6883331
4848900
8759309
9662128
9004101
8420395
8097377
9938937
5145742
6031958
8131810
4363236
9308500
5667578
9936204
4809603
7419955
9531386
9467199
8639942
7780751
4559020
6434428
9158827
6676719
5396720
7766205
5370215
6963219
7257069
6555515
5676454
9409234
9199201
7507913
9978306
8310967
8403421
8344311
5221183
6601550
5514535
4673210
4540077
6340425
5745628
6919819
8901350
5127211
9534550
6396026
4342782
5512916
9367637
9447919
8856607
6756212
9840424
8634653
5827954
7036837
8668597
9713941
8192009
9908149
5870716
7238529
8405742
7278307
6167603
4681901
5794281
8575826
4770313
4825175
8853449
6573604
7432413
4888433
6681170
9633835
4554793
9174640
5164027
5581382
6769828
9117977
6298615
9485677
8925756
5238528
9419949
9546752
7111259
4517465
5776060
5224414
8339813
6857034
8051018
9454255
8067123
6588021
6898057
6747703
9683773
7080158
7457405
9750060
6747038
4970749
4516839
8778782
5995119
5074987
7065533
9163813
9478216
5697700
7690975
9777719
6102084
6219513
5602607
9237076
6691579
6047505
6827057
5287037
4751001
9299965
6113656
7477154
6978580
5938973
7592214
6211429
7608476
9691140
4545127
7930746
4559813
6628329
8756092
5058794
8657536
7250082
7604426
9453964
9916563
4419742
4537778
6854477
6556021
9239206
7426440
9346025
7930746
8570020
6071106
5911891
6248981
8853731
7352395
4952544
5066068
9274127
7329826
8539077
5349452
7120966
5468018
7581122
9454369
5990987
8912141
8647305
4959460
9556660
4942340
7054294
8817935
9801229
7867580
8717453
6007930
9444187
8718930
7549994
6110564
6973791
8415861
5355503
4441934
8083400
6031740
5527281
5730273
7587222
6684841
7016059
5178866
5474137
8528916
9192513
6317385
5225565
6147200
9524882
8657168
9972802
9303643
7446532
4558474
4694866
6347584
5982983
7064065
5099161
4490388
5219347
4651004
7769410
5414977
7189163
9959600
9117900
8711574
9783403
9861565
8541059
8686019
6371152
7559571
6087475
5217412
9413603
8295934
7292677
6845587
6872094
5935733
9385139
9510437
4845308
8460405
4513675
9562895
8505236
5624620
6353767
4556719
5633694
8456579
6747703
6760969
5971490
9322691
8773623
8666380
8666127
7419509
7528058
8342344
8652787
7624035
9755052
9441820
8147052
5683989
5672707
9230431
7528058
6893156
4870342
9756028
8564539
4635668
5946473
7933899
9222444
7840177
8040337
5074987
9811501
5474152
7653152
7822471
4996236
8378310
9086781
6665152
5368986
4686145
8713848
9886801
9914765
9868964
6185258
5359395
9975530
5402974
5578108
7040523
9158827
9056189
8501235
9919600
5343969
7311755
9881564
5799310
8380206
9886784
6828427
9932525
9671578
6562802
5655807
9720306
6566410
9159026
5897405
5944536
6609789
6388366
9197831
6120320
8415848
9692426
4942340
9883978
8625142
6474552
4858552
8255291
7311755
5629778
6816088
9714873
6330301
6704318
6015581
8406585
5485999
7196187
5355943
6043215
9513312
5452517
8984912
4717578
5041660
6408730
9030158
6068046
8109952
7055372
5129871
6514293
9849877
9782167
9215008
5109056
9282848
7285750
8255291
6495587
9237076
9714885
6102991
8939523
8668077
4890120
8939106
7754299
9503954
6834849
5139207
7979411
8098265
6836591
6868556
8365584
8259630
8736894
9275541
7647150
8747178
8957051
6211368
8598480
8066116
7971907
5735227
7208738
5022787
4817314
4863379
5645592
9094677
8209396
7319589
7163779
9549456
9504874
9589589
9060149
7219532
6292617
7053947
5039339
6625459
5104356
9858679
7129203
7920987
7788284
6185258
7241390
9842694
8192009
9458627
8532262
9703830
6403790
8599462
8096619
7405881
9176922
8876534
6614413
5013086
9033360
7356649
5952719
9629046
6334860
6566893
6079988
9648384
9831236
6954505
4845308
9116560
4832782
5184359
6689435
7367629
5918556
8002080
8115736
9832805
7920987
9930357
5028661
5106868
8479191
7460135
9688355
5187535
6528203
4745729
6588449
6007891
9898289
6140187
5726233
6723440
8850195
5741513
7881173
6919819
5149515
7570639
6141544
6524749
7047541
6816088
4940633
7185222
8580916
6495975
9088629
6447854
8465643
8841977
5484236
8171147
8389880
8102004
7817560
8452893
5635383
9030482
6954376
5642198
5468319
7951875
6497750
7112910
4930415
8097377
9504798
4977321
9602027
4990408
5278137
5295420
6967636
8185952
9763804
5906895
5255965
6926070
5216942
5467770
5966099
7330334
7307452
8803698
7047551
9985998
6258716
9269161
5968228
4796410
5411297
9008669
7330334
7485062
6588021
9468711
4786034
7570639
8886405
8820189
6756212
9601004
7973422
6546039
7271358
9847318
5278137
9925961
9425900
9382489
9274134
9317815
9964209
6030413
6603591
6344416
9259706
5594739
8853731
6922384
9335587
8146849
6562802
5991406
7617173
6375814
5906895
7927548
5222733
8663182
5770721
7497668
8657301
7618124
6900825
7744648
9431574
5067660
6812554
6312697
7149922
5160716
9468711
7541366
9164767
8456605
6474552
7643493
9835316
8532575
6110480
5760980
8720548
6384928
5809800
6883331
9896334
7996432
7644852
7249108
8172819
7752631
9413647
6344416
8775022
7371673
9312950
5420532
8135915
5022651
7618013
7001015
7179079
9728263
6703352
6583133
7138466
8660396
9580407
7339353
8789165
6635610
5445228
9142766
6747582
7541366
5710259
5007633
8403421
5114887
5633846
8109952
5970348
9046717
7822403
9231135
6544866
9209820
7664469
5300986
9523330
8566741
6113656
6288012
7384306
6215643
9761626
8917862
7681660
9999926
6504141
9618483
9158081
7176910
9524108
5216942
6658336
6583133
8789165
5184569
5629778
8704974
5221960
7477154
6153332
8371008
9903832
7026640
6737881
6755438
7012255
9672417
5982828
7610538
4905007
6516226
9556000
7293185
9429116
5572130
9033680
9364425
5517192
9742204
8636441
6474713
5416240
5206927
8423873
8349869
9549428
6272257
9893055
6367947
9144951
8719195
8839989
7528058
6167603
5999422
6716458
7633270
5130218
7290985
7671156
8571834
5825159
6423800
5041660
9523322
5748902
7446728
7521109
6505150
8859740
6752435
5208865
5041901
6081558
7191397
8592025
6611822
7543129
8791784
8359311
7543129
9832025
6156793
9835316
8598480
7491714
6622453
9390767
9135915
9258247
8296764
8607074
9599518
8717907
9800219
7796731
5758490
6126640
7228741
7948150
9229609
9504116
7070395
5102808
5804840
9929634
5389710
7139275
9101994
5582931
8481714
9870415
6223278
7025538
7191397
6234246
7603004
6628089
7088256
8040614
6527924
6624064
6628089
5212886
8816196
5041879
6312330
8380441
7900841
9570651
8468626
5036451
9793343
8287786
5382269
5966099
6183685
8711064
8500730
6317385
5402974
8293787
8530224
9572948
7712597
6816088
6362145
9209820
7965479
9670824
6526858
6415862
5368048
9176922
9041617
7838517
7150269
7689869
8881948
5780265
9232592
8617526
7403964
6953485
5582931
5396720
8873872
9519513
9763598
9709014
7527677
7448988
8289271
7406525
7354224
6148993
8552498
8661918
6788474
8337893
8314139
7367897
8190946
5824493
5524418
6352305
9848908
6638167
8191698
9772366
5796172
8904854
9778904
6706362
5565379
5111929
9920366
5287530
6763753
5164027
9934106
6188289
8776461
8921307
5505044
8016449
6248981
5719317
8452964
8617526
8460751
7168442
9468524
6225625
5967555
8334317
7040623
9217016
7786316
7896953
5982983
7018875
9367406
7531280
9933483
8625142
5165703
7618013
7627674
9817791
5134360
5377287
8846271
6053397
9896772
9649519
8408655
9297838
5682875
6381484
5951117
5587556
9027768
5390419
8477603
7334808
9622274
5469692
9580407
9478216
6286266
5770721
5796172
9599290
8182862
8505236
5438136
6789209
5641578
7362694
6592552
9182029
8289271
5735080
9996861
7735559
9778904
7955105
8066827
8814431
8297673
5677849
6650532
9452721
7957503
8533691
7761717
6601222
7304496
8511585
5389710
6126382
5219347
7460135
5798337
5584702
6997686
8790157
9688398
7403948
8675205
7990622
6639908
5505044
9446600
8499701
7996432
6564169
5477122
5512916
8395897
7069452
8387315
8713848
6672776
6187459
7382643
6495975
9881564
9074836
7626340
6564653
9436903
9980589
7820055
6245639
7121834
8855177
5812687
9595684
8311240
7536426
6912271
7445788
6001176
7390208
6980716
6003152
6158749
5745628
9708121
7438914
9476033
6112349
9712186
5944520
6740732
8151604
7032816
7843592
7477154
9016433
9777719
7219084
9078013
9062981
5289062
7645995
7555010
8172674
9050541
6682793
7626331
7960360
6876737
9320999
9157737
8695338
5355943
8208480
9297425
7641343
7837861
6967636
5199598
7610538
5982772
9446156
9538474
8226954
9275133
8554671
8040071
7761717
9445894
7152848
8352589
9653136
7115414
7056518
8300364
5480073
6929074
5583191
5214072
5499393
8282050
7010149
7203755
9323303
6224833
6374128
9686062
8072489
6822431
8437155
5898535
8742355
5886283
5398994
7959884
7168313
7410564
5968708
9049247
9935072
5861355
7122925
7207103
9792365
9230431
9454265
8984912
7945283
7494562
8416094
9228263
7116314
8036843
5739503
5500315
5273947
6981648
7052707
6910226
9811280
8624439
7413001
5807526
5660520
7149600
5841123
7702689
9959628
8081695
7438914
6352876
8479475
8895539
9522417
5747508
7381590
8392012
6086196
7088595
9968029
9702128
9095110
5500315
9738200
5776060
8759309
6110480
7671156
6479937
9108828
9595495
9270878
5541804
8460405
5577183
5778526
5568703
5447829
5712117
5836460
9946789
5831426
5685630
6280270
8450917
8190946
7416233
9325743
7766205
9798031
6124534
8186229
9451947
5465605
7514756
6634284
9375564
8386590
9197831
7780751
7803824
7448821
9659027
6642586
7549994
6602407
8535996
6927150
8223787
6137662
6422877
6169406
9688003
9286855
8985669
8426032
9904330
9702625
5528275
8798731
9726201
8434677
9270878
7192682
7202245
7379624
7922951
7245373
7409764
6211429
5355943
6865340
9824751
6999780
6706362
8129793
6027920
5851524
6340425
6924055
7761717
7401249
8502797
7758118
7061996
9056189
6226713
6713609
9479681
6981648
8802088
6496386
7524018
9336272
9943516
6523797
8072290
8079288
8592761
9251148
8686451
7957503
8814331
6312697
9964209
6705644
6099332
8979693
9832733
5368012
6538121
7801953
5391295
9058168
7410690
8218562
9544210
7536461
7971471
5492499
8798731
8281803
7324738
7286267
5994441
7274261
9142766
9711829
8820194
8604997
5888506
7403803
6405382
6102084
6556603
7865570
7301413
7493944
8255466
7191397
6030413
7307452
9138972
5501748
8034910
7093205
5498078
8540642
9234535
6573604
8502970
7560087
5916744
8908044
7806936
7908070
5439371
7381590
9390593
9962990
9033567
9593059
9658925
6699014
8680208
9703830
9888354
8904295
9114485
6669959
8380441
6391058
6086196
6031740
7461610
6488161
6668573
7922951
9881975
5549695
6979331
6516261
8654596
7432872
6480959
5541804
6432383
6856187
6226713
8184161
9159951
5596180
8046798
6785950
5619203
7075666
8269206
6068226
6082476
8175750
8456605
7424054
8768947
5696833
8060168
7397024
6495587
8788904
7658177
8420012
9232947
6158749
5850977
6089242
8838081
9639670
8730090
9813005
9764536
7307452
5851524
6945430
9127795
7448988
9219917
7891700
8772074
8237604
9149619
7889480
5693692
6873409
6225187
7286267
7444512
9500182
6733108
7597379
6106594
6654926
6007930
7521109
5852005
9083349
7793756
5667270
7277142
5501591
6837453
5720144
9975530
8324581
8693655
8679084
6045024
8856607
7224716
5641578
6004220
9764536
8576185
8265153
5837224
5628935
7847181
8471536
5766261
7635483
9798262
9433100
5895097
7406525
6850614
7620091
8426032
5848168
7142393
7708946
8922620
9947104
5962139
9232675
7569124
7129203
7748415
7783062
8076667
5751724
5740125
9199570
8979693
7466108
9728655
5990679
7735389
7232801
5755454
6139055
5925426
8005998
7424325
8620925
7597379
5528275
8955144
5578398
8663182
9819453
6698603
8099711
5624819
8552498
6298883
9903641
5951117
8858996
7303308
7439441
7401249
9441499
6190677
5624819
6090182
6112249
7110633
6714371
9037393
7127685
7766205
7636036
8001415
9362563
9547674
8251917
6763126
7523201
6640805
7981939
5723810
9276671
6444476
6755438
7111259
8950023
6858543
8269256
6659160
6170168
8692808
8453304
6429424
7250082
7172832
8420395
9784790
6227030
7137069
6973791
9525630
6697370
7245231
9829338
6890276
7960360
6926070
8080085
9837174
6872094
7571114
7171395
6482176
6909317
5734288
7056518
6071106
5726233
5710259
9538733
7988331
8836541
6609789
8045000
6740001
7549994
9969224
6918268
7541024
7002008
6855528
9538733
9192555
8928497
6200274
7608188
9145697
7245373
8451117
6614410
9273303
8099711
5976750
7787224
9010480
6514293
7502963
8882347
6792080
6095940
8029784
5749197
5848168
9896772
9086054
6294369
9039705
7219084
9370013
7369070
6313532
9095306
6160595
8704822
5771592
6003152
9198252
8976547
7992602
9316983
7904506
6763280
9401234
5875022
8820194
8401830
5870716
8199674
6538121
8486717
7775540
6267726
7257069
7279094
9703830
7895058
5757567
6760969
9476033
6577854
6952406
6629143
9173370
8801780
7643493
8523364
8716640
8591834
7971471
8563302
7718244
6511542
7967845
8257919
8408748
7997711
6171795
7310290
9473694
9544210
5788415
9730882
9955986
8750822
9029753
9610709
8044865
8314139
8904295
7032816
9672417
7971471
8259009
7641805
7616466
5893767
9434288
6496943
7986480
8605767
9854318
5756793
8287786
9042018
7446728
7674408
8168719
9756033
7899496
9255742
7453212
7425450
8941523
7451469
9706826
5770721
9938683
6435542
6893156
7884953
6811414
5738746
8118122
8930346
7472020
8328746
6419924
6388938
5798689
9409234
6516608
7005032
7619389
7819979
9161575
6474713
8469804
9709014
8001430
8080085
8005866
7331642
9444960
8529639
9192513
7071906
8437155
9473694
6448396
6052178
6606978
8458024
9025606
9500182
7612507
9273303
8753074
7149600
8548488
6047505
9368314
7403964
6541940
6838987
7453212
7891509
8801203
6084126
6375814
8082975
7425450
8389880
7015367
6812554
9850944
8190946
9111006
7345883
7945283
7000064
6948686
6299127
9539445
7004161
9649519
6493695
6811414
6828479
6300839
6769828
7432413
7020184
6263091
9479707
9777719
8673579
7410213
7250082
6062672
7273101
9036860
7276060
7267468
9868964
7387793
9349837
7410213
8175750
6068046
8499701
8218091
9228580
8016449
9425000
9985931
8583950
8289185
7433868
9409234
9233200
7551093
6061221
8886879
8352028
9847318
6057863
8856844
6989101
6668353
7796731
9461592
9832025
6681136
8025534
7971471
7462343
9599290
8354302
8363845
9163477
9001061
7002008
8399389
9588495
7424325
7836612
7361766
9534699
7354776
6188046
8599462
6751828
8711064
8249797
7789697
6289160
9159026
8452893
7025098
6147200
7256938
9413647
8465643
9581391
8378927
6052178
6346826
7241390
8022956
8949705
5827254
6895394
7618013
9930357
6290004
9829782
5986772
9338723
8201149
7449122
7559571
8693534
8141405
9670849
6707826
6702073
7002008
8801203
7608476
8203537
8021073
8205018
7802858
8780311
7671156
6140001
6334049
8123684
7311074
6094672
9845828
9327969
8625142
9010480
8070114
8492501
6692808
9041528
7596396
6556021
8164687
6210501
8066116
7141636
8832205
9644436
6967636
6312697
8380441
6953792
6520560
8285832
9627921
9577844
6970464
9229609
9057089
9546752
8829366
5967555
7061996
7568213
8285832
9275541
9084793
7833242
7138097
6449086
7908001
7840667
9672695
8064375
7487862
6099114
9273303
8296764
6330301
7845365
7838517
9803466
9280805
9413603
9557174
8386419
9999926
8044865
6928959
7199942
8876534
9980065
8115736
6315609
7689869
7696876
8609466
5991406
9026448
8326153
6224574
9447919
9443272
9742204
8077116
7881173
9237076
7612507
8769090
7146021
8059559
9367406
8621705
6388938
6341352
6815876
6643742
7887757
9556660
7410213
7955105
7616900
7248989
7223588
8505236
6295923
7879088
6516853
6210501
6130721
6508285
8673579
9962990
8830642
7463016
7043531
9756707
7843264
9879108
9434114
7362694
9999757
5995119
7684124
6778467
8620981
8036843
7403803
6162050
7799497
9088629
7789268
9057089
9218991
8685359
7782490
7976494
6733108
8036843
8523364
8769090
8475483
9782729
8452893
6449118
6124534
9914756
9526576
6099114
7362036
9258571
8620981
8301833
6912332
8607245
9208617
7372517
8386590
9908409
6453384
9156809
6923634
6314122
9639540
6931163
9702954
6362145
6211235
8552498
6564819
8938281
9150693
7708946
6105475
6249792
8405861
6518333
7455188
9658925
6339553
8320390
6345083
7203755
8756484
6268346
7684472
9114485
6271683
8080085
6834172
8673579
6296662
8428438
7462343
6662615
7312449
8496459
9842694
7100183
8223787
7752735
9777719
8846475
8752470
6474713
8454464
9581391
6118328
6033493
7267468
9606972
8290812
9821842
9215781
8814431
7820055
8116534
9728655
7829135
8102004
9048565
7674408
8690431
7878509
8895346
8299706
9735494
7633337
9770256
9416377
8392309
9932525
7730584
9920366
6504141
8421425
8641669
6407218
8147420
9883978
7555507
7549994
7971907
6886232
7513031
7884202
8895539
9213949
8219494
6635610
9982365
9256887
6896196
8030515
7197497
9004101
6837198
7249236
9933693
7207103
6601550
8341049
7696876
8802088
6804343
8014510
9801229
7597334
8911090
8960545
6638655
7405092
7783062
8850191
9693304
9930357
8716345
6288578
9893055
8169572
7448821
8246020
7460254
6684841
7975353
8218261
9340427
7721891
9229177
7460763
7899427
9325743
9096407
9972802
8303386
6210742
6388938
6362145
9946789
6419875
7104283
7207103
8267816
9842485
6420159
8979439
8744826
8641669
8326848
7619373
8169572
8078923
7537849
7086286
9716532
9557174
6654528
9817204
6330301
8500377
6226713
7979046
6653168
7995767
6316294
6341855
7026463
7850179
9547765
9001061
6597436
6612474
6198433
6606978
8704974
9413585
6854477
8396239
6913401
7687681
9658297
6629906
9874931
9842407
8029442
9030482
9156240
6336589
8856607
9340427
9524176
7601692
8115736
6455561
9249336
9861565
7527385
7192410
8190219
8539222
9883146
6238991
7353205
6373061
9958171
9888354
9925961
9015050
6527915
7555010
6402090
8269256
6385304
6326730
9152582
8711097
6603591
7308795
9649519
9861071
9103440
9954601
6611309
7768875
7971471
9865113
9933483
6967636
9086781
7349229
6716458
9210084
9550137
8763320
7799446
8838588
8209610
9946789
7703144
6727746
8697217
9927303
6628329
8359311
9904445
6771793
6702073
6282991
9534962
8908044
8885583
6533726
9799071
9842694
7521996
9661676
8076691
9732029
8921340
6728688
7354776
7278870
8532575
7795614
8660299
8426947
9752521
7549994
9008669
8193889
8465329
9878951
7707956
7824831
9878951
9067476
7153742
9933259
7248310
6495587
9794284
8274384
9881975
8032802
8079781
9258960
9510813
6965221
7611764
9821842
8490198
8644706
9752521
6626591
7801953
6528203
8953059
8076689
8427748
9274127
6535835
8079781
8423873
7702689
7605194
9936204
9260815
7170622
8564626
8036843
9973217
9526587
8675613
6474552
9423055
6342428
9134269
9967594
7708946
8850195
9321616
7572882
9597145
8759309
6856187
8993947
9234535
8546777
9011880
9742204
7674002
8040337
8217226
9709014
6705982
6306058
6871317
7410690
9028303
7096648
7664859
6465045
9931369
8711097
9728655
7593692
9845828
7450211
6701415
8948559
9017978
7887757
8203537
7128970
7353805
8630786
9511011
9759262
8776461
7178233
9076747
6443914
6425854
7897213
9757491
7362694
7004161
7693945
8665233
9060149
7064585
6761136
9707935
7077149
9626293
8621088
9354691
7064226
6834849
7273640
8900269
7623849
7450621
8908044
7735389
8886405
7196214
9535134
9596178
6923634
8745575
8043182
8806556
8083400
9759842
7097471
7333961
8282050
7846667
9478345
7986480
9931369
8408655
7031372
9512885
6409990
7060104
6639995
6668573
7349229
9142766
7531881
8904854
8587537
7311074
7445811
7786316
6636950
7443161
8632263
9871368
8405742
9184022
6571506
7584570
8970839
8039810
7192682
9188855
8679084
6473923
7028446
8269206
7471746
9675830
8451117
8269256
7387130
7889480
8620389
7077446
9811550
9255742
7112224
6730407
8030515
8820189
6702361
9999284
7071730
7457405
7785377
8471213
9811198
8390724
7197628
6419502
9232592
9943455
8874499
9008669
7623849
7139275
7881626
8443056
8456198
7833242
7337687
8583796
8921340
7616113
9959259
8511585
7942267
7249236
9444155
7449628
8259594
7612507
7456104
8081695
7957503
6643958
7232765
6955057
8817935
6556603
6952406
7015279
8717453
9161575
7221568
7809740
8157502
9001061
7878509
9597145
7398331
9874931
8906837
9733247
9109443
9796197
7276060
6942004
7782221
8063238
7690975
6870940
7710116
8288897
6750528
9545641
7367897
7809740
8215051
8057321
6674119
6815876
8045000
7540510
9738200
7526268
7056540
9707605
9385829
6711047
6601550
8224728
7349229
6939019
9536810
8102587
7093583
7249236
7663771
8686019
9109660
8250475
7204695
9132056
9425000
8941523
8262991
6747582
9675830
8789113
7217189
7395701
7816884
9925961
7502513
6952406
7512656
8953679
8281803
9038954
8203537
6768294
7847181
9701549
8702611
7685023
8064375
9468524
9803466
9693304
9041528
9709749
8736037
8255291
7234050
9954203
7115603
6684841
9599518
7375284
9666694
6630225
8768947
7307272
9333371
9544210
7818709
9081756
8747178
6612474
6837453
9805995
9587695
8339492
6861384
6725807
8768281
7278307
6757671
9426768
7899427
9095306
7381590
9242241
9132726
9149619
7604426
8496872
7732456
7498277
6701415
7273640
9275133
6801777
7154635
8424365
9943516
9648384
9199486
8146849
9410132
8667603
9760501
8671169
8985669
9039705
9907576
9711829
9222444
8564365
7283982
8405861
7845365
6883238
9939678
9197831
7355168
9720306
7812098
9998917
8322959
9504798
8625131
9303643
8724888
8908044
7280287
9627449
7352395
8665486
8673579
8426032
8856607
9189511
9441499
7918747
7369070
8040401
9435492
7700576
7179079
9435492
9946789
8564539
7449122
9546959
7439441
8667603
9540718
8423873
8866095
8051018
9451947
7906014
9556660
9478212
9803350
8310444
8976375
8700515
7806429
9156240
9465765
9537804
8396239
7255514
6611219
7560349
7088997
9923203
7221237
8697217
9109443
7645492
8611537
9547240
8870279
9927303
9308833
9665237
7073683
9202951
9316672
6632952
9499361
9255966
8888356
6891213
8401830
9112088
8842137
9971388
8768281
8021073
9538474
8856607
6778467
9169741
7483717
6701415
7446532
8092121
9670824
9889069
9808014
8605059
7001780
7100183
7408068
8529639
7460254
8368517
8940742
9216823
9484529
8667717
6778033
8625018
9158081
7417240
9504798
9405996
9536810
7986480
8360213
9912788
9639341
7808718
6682417
7466108
9404335
8504965
9977443
6760221
8147420
9813901
8756484
7461610
9907576
9799362
6861384
8423272
9759262
9413880
9701486
9629046
9355715
8537558
8591834
8891022
7055372
9471580
7056518
7277142
7027016
7425300
9058168
8259594
6845458
9349837
8083161
8675613
8012983
8408817
7623849
8836541
8396239
9081064
6685050
8115736
7880309
7818709
8961807
8943776
8171147
7862818
8289292
7137069
7807973
7948150
8661361
8583493
7797589
7819979
9912085
8716160
7384306
9395799
6999001
9999284
8985669
9629118
6838459
9534550
9485677
8595522
8921307
7523201
9709749
7526268
8047220
8168250
7455188
7068235
9113732
8208480
7726395
8347783
8569304
9658925
6771793
7819950
7415714
9736801
8453315
8756078
7015279
8623368
8312901
8157502
6726821
9519513
8078540
8711064
9971388
9714873
7658177
8156416
8561303
8105623
9308402
7932602
7818712
8226954
8582403
7799892
7543869
7483717
7415565
7141909
7372523
9437198
9171152
9972802
7991927
8172674
7594707
9781072
9850212
7521109
9972802
6761136
9255966
9338723
7279094
8255177
7602141
7460714
9401234
7173562
6837198
9375564
7374438
8853731
8081695
9241737
9529753
9547958
8532024
7952227
7326289
8354302
9117741
7891509
7475049
8223787
9270895
9954224
8125406
8282050
8450149
8251917
9612335
9610709
9158807
8360213
9778160
8758506
9534550
8201149
8903596
9718794
8420981
9260815
9881564
7506506
8871368
9367406
8175750
8865155
9081470
7421203
9761626
9939678
8201149
7260764
7814336
7960101
7217189
7433707
8462271
8838081
8226954
9537804
7449993
9199486
7936129
7796731
6873409
7462369
7761717
8286468
6957610
7553551
8157502
6960894
7356649
7908001
7070395
7644852
7735559
6848698
9980103
9707605
9971388
7617489
8219494
9171152
7100183
8338493
8750805
7816296
8322959
7642041
8185952
7721016
6959278
8462271
7228593
7582493
9109443
8885583
7065533
9523965
9260815
8248196
8814331
7822471
7367629
9531386
6956663
8978818
6930252
8634653
8583514
9317815
9156809
7969344
7698522
8745288
8865155
7150488
8137615
8072489
7766205
9273303
9735883
9859902
8595522
8821089
9164357
9556341
9702954
7079912
9924607
8429240
7843264
9753597
8334317
7752735
9786863
7359595
9258247
9391861
9192555
7365080
9804708
9423055
8147800
8523300
8563302
8359311
8632263
8793940
8496872
8925184
8985669
7742592
8711574
8596780
8294696
9798262
7260764
9709749
6957468
8865155
7560349
7570801
7171989
8348257
7133209
8199674
9964440
8218261
6929074
8234367
9773796
7649279
7203755
9781923
9936204
7933899
9795638
7769410
9395026
9938937
8511067
7787224
8855177
7819950
7806936
9588495
9592022
7093205
7852781
9647229
7738295
8668429
7041943
9984505
8337893
7276663
8034910
9081470
8770038
7929656
9273964
9169741
8444654
8685359
7289406
9467199
7235953
9341460
8164851
6931163
9763804
9848908
8089494
7712597
9778904
7566589
9160843
7834223
8423956
7249058
9026448
9848908
9231255
7455188
7958961
9577844
7219710
7560393
8823569
9523741
7620984
9289663
9808014
7070496
9067558
8153485
8083161
7386222
7141636
9886951
9029804
8900508
7115414
7906346
7304496
7735559
8680208
9733452
7110633
9998258
9683773
7129203
9589270
8695338
9764710
9796521
7886254
9881823
9447919
8990282
9566967
8479475
8035592
8239725
8210518
9695525
9343248
8005866
8238135
9353163
7485062
7056518
7802448
9971388
9207719
8903230
8181694
7653152
8145991
9964234
9761626
7328775
7068235
7154824
8221922
9726038
8730451
8096822
9164357
7227292
9556341
7077446
9502491
8685172
7659688
9008669
7449628
7742592
9952510
8566741
8969813
9231135
8251190
8134585
9648384
7559629
8881948
9811501
8552615
7749722
8420395
8233571
8044249
9148242
7149922
9019966
9117900
8806110
8889543
9879170
9251148
8079288
8371124
9385139
9041528
7860473
8866095
7172832
9333371
7073683
8647305
8168250
8390724
9242241
9113732
9467199
7255514
8023022
8187942
9905470
9017932
9764710
8979693
9964440
9424304
9427313
7808318
8481714
9835776
8479191
8109952
9141060
7610174
8450036
9523965
9381839
7276060
9341460
8943776
8853731
8955389
9043612
9179932
8373118
7874941
7789697
8453304
7960360
7168442
8598480
8990282
9929634
9716532
8224728
8486717
8941523
8632263
9232513
8544851
8716345
8387461
9449375
7506506
8717978
8850195
7703086
9476033
9341261
8532803
9946789
8592025
9324792
8863559
8299706
8713334
9756028
8990282
7632141
9187407
9703830
8806556
7642041
9945017
7460254
9033807
9760984
7318490
8389383
9026448
7462369
9537804
9850944
7733128
9437198
8600207
9526587
9390767
8761120
7471746
8831397
8554671
9688003
7356124
7571114
7970040
9476033
7626340
7874426
9767966
8070331
7498867
7431380
8653641
7752843
8175928
7450621
7539621
8287307
8736037
7648437
8079288
9766962
7249961
9518085
9033567
9277372
8322959
8529639
8719195
9298976
9535565
8232612
9978306
8255177
9205091
7403803
8245130
9103781
9228263
7419509
9842485
9237076
9931369
8979222
7387143
9523965
7663771
7832728
8386419
9782481
7368396
9768847
7248989
7911035
7449993
8076667
7260943
9208617
9728251
9556660
8297673
9259706
8344311
9304830
8652910
8736037
8540642
9176922
8601275
9007702
7608476
8542985
9709014
9013554
8368896
9138181
9799793
9443272
7517604
7865889
8912141
9702625
7818884
8716160
7946389
8121805
8530224
8242156
7677091
9083349
7850179
8939157
9374850
7979807
9258411
9424864
8140739
9904330
9538474
8367551
9540718
8125406
8789165
7559629
8906467
8668077
8088995
8143061
9073565
7847181
8356833
9718135
9159616
8969698
9145697
9387788
9581081
8703828
7449970
9237076
9058168
8296724
9632847
9151448
9519513
9116560
9499361
7555685
9548741
9531386
9716300
7524078
9354691
8081695
7371715
7729041
9234535
8711574
7691491
8856705
7371715
7900700
9156240
9027903
9982365
8205018
7981939
8339738
8051018
9525067
9646993
8317078
8885583
9939788
8736037
7597334
8001415
8255466
9158807
7251081
8934716
9487898
9980103
7429888
8481714
8756078
8912141
9709014
8006931
7506506
9588949
7622452
8287307
7299322
9376016
9945017
9927721
9953339
9094677
9342783
9904445
8410677
8544851
7425752
9925961
8396239
7637100
8489630
8360213
9713941
9107832
7356649
8912696
8552113
8202054
9888354
8078540
9128289
9952970
8100460
8523364
9314170
8005998
8865155
7543129
9475255
9593059
9342783
7286267
8636353
8591834
7615728
8599462
8326848
9596043
8960545
7802858
8531326
8923468
9631161
9478216
7706934
8147420
8245464
7356408
9116560
9217856
9110599
7939319
9478212
9297425
8978818
9248122
8532024
9782481
7703086
7431380
9502057
9125838
9523322
8102004
8371237
7610010
7507913
7321265
8326153
8420395
8475483
8825977
9529598
8657301
9708121
9693304
7477154
7758021
8294077
8625206
8147052
8274384
9376016
8102587
8365584
7339353
7446532
9335587
7693072
7354776
8072489
9282848
8182490
8529639
8572817
8428438
9113977
9535565
7939319
8438896
8001415
9900728
8625159
9425000
7536426
7485062
9671578
9199486
7759715
9612335
9249336
9222444
7677005
8763320
9450333
7674775
9153339
8039810
9117900
9898289
9163477
8380206
7623849
9304830
8123684
7405092
7556566
8844863
9890863
9756028
9978306
8319687
7957173
7663771
7563671
9137137
9251148
7818728
8583493
9659027
8006931
9534550
8675863
7553551
7491714
8990282
9764710
8491940
8147420
8451117
7464723
9134139
9588949
9579958
9524882
8420395
8875992
8875381
7536461
8865088
8356569
7930746
7610774
7936832
9257097
7425300
8636353
8876534
8766042
9158807
9277372
9033567
8814431
9672417
9847318
8613907
9026448
9912322
9596178
8489630
8393374
9766962
9017200
7429378
8502970
8039666
9606181
9695525
9907651
8711064
9726201
8266857
7555305
8541059
9218124
7536426
8582211
9761365
7837861
8837407
9784790
9504116
9333371
8769090
8171147
7617489
9870415
7523201
8025591
9736282
8005866
8175750
8082975
8632263
9639341
8685359
7876763
9359281
8147052
7486846
7512656
8296340
9803619
8135915
9618070
8604997
8222975
8654893
7812098
7898974
8387315
8939106
9708269
8641669
7761717
8605767
8921307
8891140
8519341
7843264
9388344
8801203
8185952
8871368
8652787
9213032
8419975
9447919
9782729
9589589
8806110
9988339
7975353
9733247
8234507
8662233
9552830
8109952
7626340
7752631
8420012
9086019
8467492
7996432
8588999
7674408
9768115
8850191
8190219
9730882
8566741
9427427
7708682
9848908
9670849
9359612
9411416
8564365
9911798
7799446
8569304
8191698
9210084
7642254
8668597
7799446
9359281
7766205
8666127
8182862
9767966
9500921
8253332
9756028
9579958
9965509
9060149
8083161
9046717
9009138
7555507
8503813
7937427
7990622
9577844
9778160
8299443
9835019
8245166
7900700
8713334
9977443
9803619
9548649
9977443
9324807
8703828
8071631
9911685
8364733
7862818
9370917
7789268
9905676
9463153
7887757
9067558
8248196
8675205
8651519
8418713
9375564
9996409
8771409
9596043
8695338
8261395
8809701
8599462
7881626
8424301
7618124
8718930
7834801
9701549
8462265
9803619
8906467
8486717
8202054
9579023
7773827
8582211
8413045
9716300
9199201
9176372
7961454
9225004
9889069
9799071
9485817
9216411
9649590
8259594
9439494
9340644
8934716
9425247
7826816
8605767
8823569
9599290
8266857
7937139
9829338
8668597
7677091
9267774
9648384
9217016
8201149
8940601
9199570
9547240
7635483
9756707
8840391
8166878
8183817
9835316
8606680
8290452
9176922
9629046
8401939
8661361
9058168
9427932
7733128
9796521
7952227
8716160
9755052
9148242
8080085
9973217
8360213
8970839
8259594
9679106
9978306
8280548
9116681
9963108
8583514
9209820
8033622
8454085
7992602
9164666
8141405
7829135
8311095
8531326
8837690
7927306
8196180
9831236
9340644
9761365
7891222
7942972
8809701
8719195
9531386
9157621
9030482
7738337
8830642
9670849
9192513
9529753
9647078
9026702
9078013
9959600
8632263
8338493
9468524
7820055
9579023
8207572
8088966
7959884
8467492
8778782
8853731
9752382
9562895
8299146
7940188
8662233
9137137
9932525
9076433
8632263
7733128
8034255
9666694
8338008
8177253
9728263
8654893
9346025
9683773
9173370
9935072
9556000
8564539
9822578
8993624
9467199
8433936
9867393
8051984
8904854
7748415
8943776
9599290
9863749
9811198
8609640
9060900
7880309
9455705
9732029
8623519
9484529
8269688
9711829
9793343
9110599
8433936
8986662
8016473
9116681
8504965
9426690
8612755
8666127
9381159
7799497
9411416
8303386
9054843
8048023
7927306
8736894
9547674
8695338
9271696
8029442
8338105
8334317
9932525
8291029
7979046
8988822
8921042
9188855
9535134
8421425
8210781
9770256
8076689
9164666
9790071
8985669
9548741
8029442
8134585
8662233
8362933
8294696
8816196
9242241
9962990
9778089
8586419
8232526
9097383
9107431
8904854
9477612
8135915
8814363
9477612
8299146
9213032
8105623
9941231
8600207
9210596
9109660
9117900
9088629
8768281
8636353
9107832
9067221
8415848
8373118
9502057
8655850
9164767
8623368
9649519
8401695
9653136
8102004
8865288
8576185
9529598
9736521
7937427
9954372
9557174
9760984
8705053
8282657
9639540
8368517
8148874
8856844
9912085
8427503
8199003
8620925
7961454
9811198
8821089
9471600
8545905
8564626
9665237
8886405
8603103
9545641
9367406
9381839
9844169
9651335
9649519
9946981
9270878
9728263
8632263
8460405
9252956
9279774
8199674
9711829
8835337
8668597
9387788
9571826
9597145
9499417
8612755
9028303
9787295
8373118
8296340
8863979
9832133
7995767
9776244
8750805
9644436
8939157
9356732
9870415
7908070
8955144
9820725
8083161
8310967
8079781
8448860
9421640
9503954
8814331
8580386
8172674
8169572
9331461
9832025
9419949
8936846
9952510
8250475
9726038
8437155
8669191
8401830
7957173
9058168
7929656
8196180
8910591
9229609
9255966
8531326
8581777
8274364
9374850
9500189
8531326
7942972
8271544
8769090
9713941
8717453
8742355
8737978
8883905
9858679
9569396
8378310
8667603
8866654
9929440
9338723
8499701
8776461
9158827
9202951
9150693
9713941
9502057
8621052
9298679
8598077
9019966
9386616
9863749
9800219
9444155
9042018
8831086
9538733
8575826
8641669
9890786
9889069
9004101
8756078
8264056
8588999
9097383
8157692
8426032
8456605
8034255
8001415
8185952
9726038
8175750
8474104
9427427
9159026
9478212
8660299
8939523
9083349
9409234
9759262
8499767
9450333
9782729
8441872
9526587
9144659
9017978
8311240
9258247
9618148
9393613
9596043
8371008
9929440
9781923
9890863
8871368
8021073
8374152
9114485
7984110
8583950
8755939
9437599
8183817
9927303
8373118
8814363
9519126
9733452
8489630
8943416
9688003
8876534
9188855
8076667
8396239
8546777
9441820
9529598
8865212
9252253
9866138
8766043
8028107
9877309
8886879
8702611
8251190
9772366
8221922
8367551
9098847
9293775
8015157
9529190
8418713
8251917
9209820
8769841
8865288
9811550
9628152
8353281
8192009
9125838
9549774
9968584
8922620
9491870
9817204
9822578
9158807
8841266
8274384
8076691
9861565
8665486
9081064
9896334
9151448
8631622
8753074
8285832
8422753
9777719
8337893
9471600
8581777
9706946
9646993
9792365
8423272
9524882
8636441
8686451
8747178
8358095
8462271
9954601
9127795
9280805
9088629
8908044
8866095
9374850
9446130
9881823
9442181
8312954
8237301
9148242
9282848
9385829
8511067
9141762
8943035
8154411
9010480
9764565
8759309
8118122
9781072
9659027
9197831
8338105
8164851
8074326
8797471
9425000
9178622
8768947
8586419
9013078
8293967
8623368
9693304
8827267
9946578
9067476
9986249
9179932
8885583
9849877
9235959
8361245
8574369
8631622
9231135
8599462
9782729
9176922
8181694
9675830
9267774
8640219
9364425
8392309
8480560
9216539
9082867
9965509
8745575
9320999
8865088
8790157
9249794
8669191
8158264
8665486
8344311
8469804
8386419
9274134
9173370
8322959
9326732
8444654
9525630
8886879
9452560
8693534
8439707
9714873
8657301
8830653
9599807
8675143
8344311
9803350
9327969
8742355
8532262
8591834
8882347
9707962
9692982
8923836
8196180
9252253
9827263
9679106
8955341
8666127
9502057
8778985
8296340
9503954
9852517
9068908
9709158
8291029
8253332
9629118
9978306
9020335
9787321
8689149
9003613
8948559
9859902
9282848
8295934
9233754
9999926
8611537
9998258
9078013
8581681
8423956
8684158
9159026
9560075
8816196
9201424
9445894
9297425
9790071
9068908
8401830
9556660
8378647
8639942
9454369
9598772
9701549
8289185
8886879
8742693
9198252
8479191
9971104
9475255
9039705
9037219
8661361
9385829
9919236
8840391
8853731
8405742
9027768
8942810
9485677
9702858
9750788
8465329
9636317
9647229
8262049
9225004
8296876
9688003
8274364
8264056
8841266
9697304
8673579
9820711
8491940
9862443
9893339
8564626
9670849
8569304
8834976
8600207
9235959
8985669
8737787
8647305
9971388
8955341
9975530
9781923
9465765
9258247
9933259
8232292
8700084
9238618
8388268
9971388
8669191
8861300
8354302
8427920
8465643
9446130
8426947
9476771
8795776
8259630
8499955
8265153
9820711
8500377
8505236
9293775
9161575
9800629
8654893
9924854
8605767
8789113
9795638
9845828
8287786
8666380
9863749
8645865
9156156
8725081
8943416
9716300
9446412
9433100
8552217
9413647
8299706
9647078
9154116
8291029
9753597
9965509
8364733
8614776
9525067
8660299
9127795
8625206
9157621
9446156
8410677
9274134
8298356
9636317
9978306
8921340
9125862
9439018
8304095
9736521
9098847
9571826
8596780
9811280
8980061
8423873
9959600
8778985
8390724
9844169
9054301
8911090
9247683
9971104
8363845
8621088
8389383
9367406
9728250
9523741
8362207
9158807
9500150
9920366
8939523
9500150
9298679
8371124
9354691
8697217
8342854
8310216
8499767
9447742
9413603
9979540
8939157
9054301
8884037
9781923
9113977
8424741
9129272
9753623
9182029
9210596
8624439
9158827
9728263
9784790
8326848
8881239
9616014
9631161
9556624
8690431
9552830
9390767
9959259
8829366
9086054
9434114
9176372
9011802
9218124
8682787
9391728
9116681
9768847
9534962
9844169
9879108
9538474
9971104
8747178
9258571
8717907
9287645
9881823
8624439
8637766
9271594
9338175
9633835
9086019
8976375
9761365
8669191
9991371
9049247
9293775
9413647
8519341
9230431
9454255
9618070
9444155
9189511
9499417
8628196
8625159
9276642
8636353
9726798
9182029
9822578
8607245
9367406
8949705
8458024
9390891
8904854
9452153
8812131
9391728
9701549
9164666
8845515
8598077
8580916
9452721
9911798
8434677
9327969
8958185
8718615
8414128
8448860
9728263
9500921
9806204
9247683
8856607
9468711
9871368
9866037
9395327
8554050
9446600
9197831
9792365
9676904
8873350
8609466
8607409
8636441
9451947
9211683
9412352
9114485
9029753
8654893
8424365
8745575
8831086
9252956
8960545
9752521
9216411
9547674
9210624
9726798
9969224
9128289
9882011
9233754
8586419
9287040
8457029
8631622
8474008
8779873
8868545
8778782
9444155
9001786
9526587
8451214
9799071
9271696
9410132
8760499
9208209
9156771
9217016
9924854
9033807
9629118
8458388
9338175
9435492
8683704
9239206
8547452
8766042
8668429
9647078
9911798
9316672
9996861
9604330
9275541
9134269
9778089
9544838
8552217
9859902
8789165
9671578
8804337
8844420
8921042
9444960
8533691
9916563
9777687
8697217
8840379
9188568
8930346
8900011
9502491
9065907
9932525
9886784
9786863
8752470
9468711
9233754
8582211
8621088
8874499
9817791
9883173
8934862
8648558
9752445
9589589
9808014
9784790
8685172
9949876
9076433
9666377
8645865
9882011
9827263
9067558
9817791
9390593
9933693
8663182
9750414
9999284
8702807
8648747
9945453
9539445
9756707
9907576
8846271
8904854
9800219
9595495
9247683
9658925
9026702
9446659
8505236
8623519
9711829
8744826
9184022
8540642
9735883
9043612
8845515
8660299
9232947
9850944
9109405
9820725
9525630
9980065
9728655
8547452
8943776
9527783
9279774
9502057
9007702
9383661
9233200
9716328
9980065
9370603
8984912
9033360
9643155
9583348
9595684
8869960
8835337
9320999
9390593
9647078
8934862
9842485
9879170
9513312
8651519
8884324
9924607
9082867
9980065
9255742
9048565
8934716
9648384
8875381
9256887
8685359
8979693
9447919
9805995
8612234
8820194
9577844
9199486
9323303
9924607
9048565
9899521
9540718
9385829
9878035
8874499
9494921
8778782
9813901
8636353
9349837
8873350
8979439
9056189
8689815
8654596
8580916
8740107
9450333
9287645
9905797
9275541
8967318
8761120
8847784
9790071
9216411
9980103
9763804
8632263
9286855
9185722
8673579
9190201
8773170
9041528
9782481
9471580
9229609
9128289
9835019
8756078
8847663
9842407
8953414
9210084
8704822
9156771
9060149
9988339
9604330
8969813
9784790
8954548
8700084
8620726
9632943
8718615
9890786
9776244
9881823
9757739
9550137
9549428
9736801
9945453
9633835
9965509
9532627
9255966
8660396
8928497
9160843
9778904
9163477
9985939
8825460
8679084
9596043
9639670
9946578
9796197
9502246
9984505
8958238
9518085
9124176
8668077
8661918
9395327
9763804
9042723
9036860
9806204
8923902
9229609
8989559
8900269
9232513
9491870
9158191
9829227
9548649
8988822
9735494
9116188
9197831
8739084
8792069
9589589
9804708
9702128
9416461
9076433
8942810
9686062
9626293
9101994
9202951
9065907
9114485
9821842
9212304
9154116
9861071
8953717
9340213
8992232
9726065
8766043
8989559
9586957
9580726
9803976
9915337
9878951
9400746
9781923
9356732
8758506
9067221
8939218
9709749
9410132
9028303
9756033
9651335
8711574
9730753
8925756
9697491
9767966
9427313
8742037
8817935
8804337
9161854
9782729
9764565
9109660
9726798
9735383
9298809
8969813
9776244
9714873
9763804
9536810
9067558
8712880
9103781
9939788
9423055
8737978
9504874
8768885
9273125
9067221
9647229
9067221
9298809
8726922
8790157
9446600
9849877
9358220
9583348
9866138
9156156
8960785
8856844
9199486
9831236
9294846
8835337
9702858
9485783
9753731
9556179
8882347
9258829
9835019
9572948
9163416
9829227
9163477
9231135
9447919
9176922
9216509
9692550
8874499
9218124
9258411
9777719
9556624
9321616
9114485
9364425
9821728
9479707
9947104
9209534
9289663
8960545
9626293
9171152
9626293
9353163
9676904
9968029
8942617
9603374
9287040
9229609
9629917
9975530
9594371
8835495
9416377
8792430
8868545
8938281
9969224
8855693
9320999
9476033
9692982
9173370
9753597
8863559
9629046
8865288
8979222
9549428
9308833
9425900
9038954
9427009
9298809
8791395
9421258
9011880
9692550
9620486
9888823
9767814
9216823
9813420
9610709
9936204
9325743
9945017
9270878
9545641
9579023
9107431
9796689
9308500
9874931
9931369
8985669
9549456
9354598
9140625
9430451
9029753
9313701
9525067
9927303
9878035
9777687
9202738
8878851
9576726
9479707
9137137
9297425
9821728
9886951
9924915
9811198
9215781
9492183
9385829
9726038
9735494
9381159
9524108
9441499
8999615
9144659
9985998
9934106
9356344
9933259
9188568
9096407
9881975
9388505
9187407
9286855
9955459
9599290
9599807
9152582
8976375
8900269
9783403
9693304
9213032
9298911
9232675
9391728
9449375
9606972
9781072
9199570
9955459
9757739
9896334
8856705
9011802
9256887
9339827
9033567
9197831
9767966
9803619
8948559
9547933
9420885
9835512
9081756
9427313
9416377
9390767
9768115
9108116
9547958
9524882
9796521
9999926
9017200
9295170
9033680
9233754
9039705
8921307
9763804
9154116
9425000
9424864
9041528
9029753
8906837
9658925
9920366
9778160
9736282
9020335
9639341
9261977
9595684
9232513
9046717
9914756
9964209
9547933
9158827
9455705
9298809
8976375
9852985
9293775
9971388
9493276
9842485
9905797
9060162
9980065
9630766
9248122
9939678
9654887
9159616
9198396
9048423
9133888
9911685
8925184
9776244
9879170
9202951
9109443
9321228
9674759
9526883
9430451
9161854
9712142
9803350
9519513
9156240
9188568
9887887
9966531
9794385
9630766
9454369
9606972
9149619
8969813
9610874
9701549
9437198
9364425
9197831
8984912
9556660
9883173
9546752
9485149
9274127
9804708
9391861
9502491
9278544
9524882
9233754
9835512
9695525
9811501
9524882
9764710
9884824
9629917
9968584
9594864
9308833
9919600
9413647
9964440
9421161
9078013
9339827
9822578
9688398
9127795
9159026
9674759
9587695
9772366
9861071
9868964
9592022
9911798
9385139
9793343
9735383
9062981
9004533
9231135
9499361
9688003
9819453
9702954
9198252
9752521
9924607
9534699
9271696
9716532
9756028
9784790
9755052
9060162
9245528
9697304
9261977
9588495
9901813
9370603
9991371
9728250
9306033
9331461
9728250
9612335
9467199
9108116
9060162
9435492
9374850
9110599
9580726
9430451
9643155
9042018
9427427
9726201
9905797
9594864
9879108
9150693
9552830
9905797
9596178
9662071
9965509
9269161
9156156
9736521
9924854
9893339
9735383
9341460
9571826
9278544
9251148
9753597
9692426
9827263
9777687
9546959
9709014
9286855
9081064
9938683
9633835
9529753
9781072
9503409
9355715
9067476
9937366
9405996
9238618
9370917
9250762
9628152
9782729
9479707
9447919
9427427
9107832
9844169
9569396
9595495
9356732
9768115
9300184
9952510
9924607
9549774
9506523
9627921
9927721
9870415
9999926
9524882
9453337
9197831
9249336
9103129
9198396
9447742
9676904
9938937
9209820
9670849
9391728
9324807
9361595
9733452
9706946
9728655
9163813
9478216
9343248
9271696
9631161
9187407
9962990
9964209
9382489
9245528
9778089
9796521
9903641
9500921
9479707
9679268
9341261
9798031
9850212
9201424
9728263
9746336
9830500
9519126
9308500
9192555
9962990
9304830
9599290
9508013
9216823
9850212
9692982
9763321
9620486
9877309
9511011
9190201
9787321
9905797
9742204
9811550
9849877
9629917
9300184
9424864
9308500
9930357
9524108
9618070
9841991
9198252
9534550
9274134
9395026
9829227
9616014
9842485
9636317
9935072
9811550
9923611
9659858
9250762
9592022
9547933
9519126
9658297
9370603
9707962
9282848
9395026
9647939
9571826
9276642
9434288
9716532
9768115
9356344
9234535
9256887
9270895
9768847
9333371
9342783
9980065
9604330
9444187
9519126
9878035
9644436
9886784
9497339
9281041
9647229
9287040
9454255
9391861
9484529
9202738
9294846
9749555
9703830
9994045
9232513
9349837
9908149
9929634
9524176
9633835
9770256
9934106
9736282
9986249
9713879
9859612
9325743
9925842
9752521
9949876
9487898
9982365
9787295
9280805
9219834
9426768
9258247
9896141
9473618
9412240
9298357
9446659
9588949
9391728
9388505
9883978
9317815
9662071
9995521
9959600
9424304
9968029
9519513
9881618
9471600
9427427
9852665
9424382
9852517
9364425
9571826
9768994
9519126
9471600
9424789
9306033
9883173
9425247
9994045
9437599
9442176
9361999
9829782
9483638
9549774
9887887
9458627
9381159
9604330
9712186
9594864
9370013
9783754
9513312
9444155
9544210
9959600
9468524
9359281
9413603
9977676
9728251
9935072
9842407
9658297
9671578
9522417
9534962
9434114
9287040
9784790
9512885
9874931
9556000
9648384
9594371
9783754
9340213
9413603
9331175
9298976
9781923
9359281
9297838
9709014
9884824
9975057
9547958
9888354
9703830
9770256
9980589
9878035
9697491
9742204
9320999
9777687
9785231
9441499
9404052
9515098
9540156
9692426
9841991
9548741
9760984
9562895
9368314
9777719
9714873
9707935
9312950
9764565
9977676
9988339
9826345
9381839
9675830
9832733
9778904
9333535
9886784
9842694
9639341
9943516
9470549
9832025
9722248
9424382
9395327
9806204
9808014
9510437
9437198
9883146
9750788
9852665
9422888
9757491
9446412
9803350
9703830
9412352
9761365
9995521
9571826
9893055
9796689
9504798
9547958
9999284
9716023
9497339
9732029
9726065
9995521
9996409
9562895
9374850
9726201
9930357
9732029
9437198
9985931
9447742
9405996
9546752
9778160
9986249
9532627
9388505
9749555
9410132
9376016
9446659
9454265
9898289
9922503
9586957
9914765
9800219
9610709
9687618
9832805
9580726
9620486
9716023
9759842
9829782
9811198
9941231
9688398
9450333
9899521
9718135
9817204
9538474
9772831
9618483
9940055
9527783
9494257
9829782
9537804
9754722
9786863
9964440
9659858
9630766
9896772
9424864
9523322
9995521
9798262
9792365
9900728
9848908
9679106
9841991
9566967
9513312
9697304
9835019
9579023
9793343
9998917
9453337
9546959
9933693
9601004
9606972
9781923
9764536
9923203
9914765
9708121
9624078
9874931
9709749
9813901
9886951
9795638
9453337
9787295
9931369
9499361
9454265
9813005
9512885
9776244
9794284
9930357
9627449
9589270
9445894
9548649
9975530
9898289
9908409
9672695
9688003
9726038
9982365
9726201
9930357
9692550
9733452
9616014
9593059
9832733
9760501
9852985
9946921
9524882
9576726
9945017
9757491
9778089
9777719
9844169
9750414
9732029
9485149
9859902
9999284
9996409
9890786
9653136
9610874
9893055
9829227
9943516
9907576
9798031
9793343
9538474
9713941
9870415
9581081
9546959
9870415
9595684
9768994
9849877
9506523
9759230
9905676
9519126
9703830
9718135
9750060
9782481
9826345
9782167
9972802
9934106
9835316
9962990
9861071
9499361
9586957
9927303
9572948
9923203
9709158
9738200
9850944
9534699
9701549
9912788
9595495
9547958
9879930
9736521
9604330
9830500
9730753
9537006
9547765
9820711
9896334
9966531
9666377
9923203
9829782
9795638
9854318
9552830
9896141
9835316
9889069
9986249
9716300
9866037
9919600
9726798
9716328
9971388
9595684
9618070
9653136
9756028
9691140
9707605
9663520
9953339
9949876
9592022
9548741
9971388
9606972
9560075
9549774
9933483
9577844
9666237
9752445
9972802
9835512
9602027
9761365
9903832
9787295
9883173
9599807
9688398
9842485
9627449
9764565
9750414
9601004
9798031
9911685
9676904
9923203
9982365
9890786
9934106
9594371
9632847
9840424
9970147
9795638
9677878
9886784
9847318
9798262
9954203
9979540
9782167
9651335
9706946
9592022
9761365
9954224
9702128
9959600
9964887
9757491
9749555
9945453
9683773
9871368
9630766
9971104
9783754
9915337
9627449
9973751
9647078
9835512
9795638
9977443
9933259
9794385
9781072
9837174
9663520
9866138
9824751
9683773
9879108
9840424
9639670
9959600
9702625
9904445
9925961
9659027
9924854
9899431
9718135
9914756
9946981
9975530
9954601
9998917
9768847
9883146
9701486
9934106
9980589
9782481
9844169
9630766
9920366
9763598
9827263
9799362
9832025
9850212
9998258
9819453
9998917
9757739
9870415
9703830
9662128
9861071
9905470
9722835
9702128
9649590
9811280
9671578
9728250
9659858
9951005
9924854
9735494
9794284
9879108
9866138
9938937
9999284
9924607
9842694
9995521
9842485
9722835
9832133
9907576
9888354
9706946
9826345
9728263
9969224
9679106
9998258
9890786
9927303
9813901
9683608
9859612
9750060
9959600
9883978
9931369
9881823
9764565
9752445
9707605
9817791
9726798
9735383
9728250
9919236
9764565
9999284
9733247
9884824
9734050
9755773
9911798
9914942
9978306
9726201
9886784
9716532
9842694
9777687
9713879
9714873
9985998
9733452
9914765
9799071
9840424
9764536
9886784
9911495
9776244
9887887
9746336
9881823
9776244
9767814
9939678
9798262
9800219
9945017
9852985
9829782
9991371
9977443
9796521
9881564
9764370
9985939
9850212
9888823
9787321
9881823
9999284
9980589
9881823
9854318
9899431
9832733
9955459
9862443
9835512
9986249
9742204
9749555
9978466
9903832
9824751
9771338
9805995
9907349
9952510
9820725
9914765
9756033
9878149
9980065
9861565
9967594
9952510
9973751
9772831
9798031
9934106
9882011
9835316
9764536
9768994
9980589
9914942
9784790
9952510
9945453
9923611
9959628
9927303
9813005
9982365
9888823
9959259
9881975
9792365
9827263
9883146
9888354
9996409
9811501
9803619
9861071
9945017
9811550
9971388
9889069
9985939
98