1000
3808832
8313756
2558646
4481144
2222129
5535450
6466044
1292439
9024154
2745649
6313474
5168018
3905958
9202625
4414314
1334874
9159833
4487297
6177773
3763668
3985102
6213627
7099527
8543924
7972061
3808832
9593725
6492142
8286064
4187360
2974270
2235833
6760896
6285550
7694695
9019125
5694658
8371466
6593851
6018464
7152800
2060926
3757170
2576227
7758164
1882086
3487577
5625627
9928423
7902962
5596737
5195525
8260202
5030326
6771411
4414314
2924188
6940851
2829900
5958578
4007477
9058439
3760357
9477108
9887801
7460428
7384405
2111704
2356072
1823485
7216626
7526357
4271869
8896022
4112717
7585041
3129229
4559932
7855053
4584734
6972457
7532963
8483911
5067848
3938223
8754511
6175459
7221870
5934205
5850398
9701193
4637534
2993176
6962548
7694695
3855855
8462611
7424678
2443296
3040313
8072818
6017932
9695169
3040488
7090497
4990145
2314651
3044258
7424678
2974270
8829775
9292997
2556561
3467541
6240813
2601077
8683213
2824601
5759670
5027084
5786498
7287847
2503221
2706363
7171489
6164542
9913591
4818232
7099527
3303422
5247584
9971864
3075545
6546678
9262519
4289944
3540245
8318870
2323132
5152087
4763901
9423527
4969015
4028543
6546678
4414314
3681588
9608060
9758954
3146690
7843430
3855855
7783035
8185038
8629224
2923359
7766944
5318726
6025355
9549496
6515964
6075913
8196948
2426606
2924188
8626812
8093565
8736141
2994256
8936838
7355015
8543924
6164542
2690650
4634893
5416452
4187360
6303634
9593725
8629224
3028200
3318858
7152800
7903676
7909902
5489948
7653674
7402923
9928423
5008619
8003945
7504392
5694658
3722938
7410461
9508961
7493515
5937869
3700971
4117215
7815330
3212288
2954085
7355015
8815951
4289944
6898073
5977132
3938223
5941790
3363028
5778200
6240813
9333867
9295168
4676629
5598309
5067848
8249667
8483911
4405826
5416452
3087681
3028200
8662721
7783035
8249667
5937869
4187360
3318602
5307481
4136630
4809084
9290293
5152087
4708248
5934205
9439958
9704995
5269479
4423918
7402923
3196462
4158022
6075913
6647458
3807098
7292600
9695169
4405826
8896022
9336397
7903676
4816230
5925658
5520940
9147162
6675792
8754398
3714946
7569638
8896022
9475615
6234570
5958578
4161524
4007477
3350333
5416452
3757170
4636714
7152800
6505337
9337623
5970608
9281085
5373652
8483911
7572249
8174819
4611941
8419565
5585216
4615609
4487297
4509300
4573589
8172968
5031268
4510422
9779910
7182391
6764874
6902255
8936838
5122547
6017932
9594950
5754481
6972457
8683213
6771411
6546678
9204486
5958945
9159833
3692787
4271869
6021283
9331376
5759670
5018776
7111182
5490925
4486677
9643534
5668068
8196783
5727426
5694658
9913591
8508185
5668068
7384405
7111650
6234570
9681465
5713793
7472972
3901442
9292997
4364381
5823237
6177773
9327042
7182058
6972457
5651258
9295168
9742610
3905958
9718503
4136630
4257750
7598458
9063756
5278489
9365075
9386833
6018464
9492433
4117215
5599837
4982328
6369244
5489948
9432535
6264497
4649015
4189100
7648523
9594950
6213627
6697919
4649015
9340487
4525483
8543924
9492433
5840497
5529540
8791392
7549578
7572249
6193620
9826276
9582578
7418489
6940851
5380008
9208477
4370607
4405826
5019761
7890163
5850398
7694695
8862396
8615904
9202625
5032387
6240517
4584734
7249523
5105621
6285550
9475615
4577750
8729081
7678676
5899784
8093608
9243929
5168055
8973922
7111182
9202625
7629916
8791469
7903676
7355015
5018776
6551487
9162955
6394180
9695169
8286064
4878140
9947445
5786498
6149333
8214282
6432896
5522882
6675792
4705479
8538351
9423527
5713793
9666486
5105621
7843430
8729081
5082455
9106752
5970608
8455947
8371466
6774859
9971864
8635643
5153232
8003945
5450801
9340487
8716573
6245473
5958945
6505337
9643465
7529981
7249523
4890671
8093608
6320165
8658293
8174819
8973922
7697020
5529788
8984969
6432896
6684168
7572249
5390199
9887801
7221870
8862396
5580331
5031268
8507360
7074431
5271268
5122547
7909902
6697919
6000542
5958578
5289647
8093584
8736141
9501482
7855053
8084095
9887801
9295168
9343593
6760896
5668068
5216079
5535450
7815330
8653936
8365874
7697020
5289647
6432896
9947445
8440375
6213627
9836797
5899784
9336397
9740546
7773097
9281085
8508185
8141588
9340487
8225009
7136455
886