10000
6948731
9176582
2878424
3906434
2975515
4410101
5698421
5014555
5432900
8894084
5521787
7254240
7605009
3321432
6169134
9947136
8932435
1399507
9135405
1788503
8828430
4049684
5757399
5674312
2440029
6400017
5264536
2259413
4296810
6431834
9266842
2466595
2657873
4006881
3940055
2671257
7520310
6540321
9655118
5940113
5146683
1348725
3516524
3056114
6567903
5804378
5026318
8247468
4728572
8506798
3584188
1562957
8237848
6529473
9243488
9915243
4204494
8619659
1377071
9028938
5110630
8207536
7429000
2465663
8179315
8700642
2734099
4195605
3288396
7230661
2627492
6903455
2366141
9482024
1465081
7006295
3798015
4701681
8783200
3375702
3140349
8114617
4112396
5242628
3994937
2796066
6459322
5774961
3333415
3504365
8671335
6246700
8980824
9232528
2850237
9823708
1215522
5676191
3698974
9982469
8142453
7289505
4917976
5408716
4180426
8526254
3910242
7489598
6531080
3845959
7064181
4081925
6144415
6383222
5872151
6901107
3809601
3516655
8997309
7595475
1037206
9721950
9482663
7480573
8372967
7275314
3822617
4285306
8016789
4908713
1699039
5903809
2644379
7700013
2565024
9406849
6683217
6810079
2981127
1257183
2227123
2706370
4998454
8336273
2796714
5033795
7831980
7442722
2858729
4687207
6113185
6401216
3066115
9958693
2730495
2899933
3444923
1745709
2307691
7042690
4909477
5094856
3414989
1430090
1280516
1550425
9580581
8762693
7821563
8148323
8925568
2125642
5745311
4630156
2216697
1554770
7927253
5808217
4917587
9370306
2175657
6255700
6336173
3968201
9789759
4157499
1760751
1734890
7285006
9224610
9072037
1503443
4997545
8488963
8645234
6333743
8467960
5337060
6009688
7395440
7312879
4382041
5879501
3741840
2636565
8367563
6318152
3904561
9450713
8940992
8570779
8021426
3790168
8035724
2697060
3290565
5046282
1823272
8731919
6282526
4911438
2402921
1086791
4291270
2697786
7604771
8079053
6745704
4781720
7732015
7332103
2602938
3421878
6143914
7329502
2587608
3147485
1615688
4409081
9465909
3285765
5990624
6959542
1794154
3361031
2787416
3429115
5268796
7525731
5180540
9460199
6742192
7266963
8909626
9820807
4247457
1273824
1513481
4757598
8869181
9261556
7279162
9838612
9199388
5259335
1550854
1349091
8740050
4687654
2172170
5096470
3301662
4200218
7236240
7763499
1689531
3542997
4375456
6803403
6561806
8226683
5548526
3345128
7307977
9989006
2483788
5018502
5891718
9229882
2239451
9838965
2735583
7109675
9698989
9014558
4913805
7948931
5285165
4203660
8115239
5592105
4480195
6955630
5926861
6507943
6751434
9623682
8075868
1078963
8071068
2827244
2039788
3692849
1432151
4677184
4609936
2882974
9034481
2624316
1494349
3149016
2134737
8370354
9511589
1219197
5813759
5084004
8225629
6686642
8283847
3970474
5453982
7894085
1154257
2835128
6602825
1061949
5168956
6458995
4080445
1480344
5787787
4941750
8022893
3244470
8198728
6093488
9271165
3671957
4884087
4087945
1776764
8928116
6573789
8217909
6894848
1880300
9392514
8545576
2294421
6218275
1504828
3850507
8869127
2016059
7449165
4551558
9505298
3800235
7837255
6148287
3271279
3886469
4611462
6162058
3511089
3818921
1936799
8123801
3054960
4781256
3456607
8126878
5139501
6775899
3190285
7436646
2180510
9844301
4075140
7628921
2265324
2600471
8700195
3931072
8233187
5384939
5263503
9423535
5796377
1434243
4672707
5085740
1441425
8894186
5503021
1705790
9026697
7590411
3988532
6646289
4549122
3563929
4886745
3893857
6500215
4442920
9873299
6130222
6032234
4791739
5142070
9533711
5961370
3200469
4343501
8886426
1321249
7508620
2899703
1740699
1851276
5988938
7072080
8390251
1054371
3729022
5599632
7522899
9998692
3352443
6796329
2662762
6181186
8299176
3646588
7581652
2926915
9457329
7836597
4292699
5410641
4560364
5817280
8732874
4727944
6929110
3002226
5274928
2742833
4669678
5069972
9828946
9725798
4798354
4996141
4694820
3637878
8615186
9675311
2070826
4612402
5135891
1751980
4292434
4205960
4659485
6152002
2117821
1999496
7964110
9016108
7568318
2876861
7689912
1660057
9666362
9819317
9245529
1731474
8543881
3632731
3770674
7357064
1218732
8226164
9511427
6662515
9590856
4246209
8400405
7611618
7540802
9963508
2589224
6036975
7007395
8478453
9317718
3692161
1165182
5983206
3114312
1909991
6656424
1820525
1640568
4944003
2278151
3940345
4914999
3075349
9726463
4798704
7413616
9755809
2707001
4844184
4321620
8309058
5948941
2378596
4396320
6232192
9628546
9900577
1368212
3397960
5935908
1920712
6567030
8730786
7126341
1591181
2373119
5500264
9676535
9234001
8806964
4043492
6017777
7314309
7785087
3674346
5741257
5809783
4124727
7663352
8297721
7048785
7962998
5969554
4602533
9521775
4842322
1536450
8535340
2718297
8209223
3065815
4252644
5282985
8401483
4834141
8903396
4287142
7515242
8563173
5098045
6943858
7739179
3975981
2529265
9311536
8482194
1889658
9095486
1368969
3129448
6122613
9259189
4761015
3483993
2394411
8431494
8066219
9139716
4093120
3892255
4162708
8159992
6528278
1095381
7684257
1509125
4749338
8368002
5214464
8629530
4667127
1748288
6834239
9222814
9698238
4272893
2816778
4172856
8102637
6945784
4476765
8042434
4346823
8137651
1349275
7012100
1664036
3436562
7934903
7383326
1181706
3907315
7960971
8044784
4602316
6647838
1080319
4970454
1393264
1434303
7732876
3579126
7869462
6338474
5164952
7897380
7046807
3134270
4632603
3873136
4027331
7805422
7733179
3176022
5888296
4908916
8164620
1684111
9883463
5272416
4412772
6830119
3954328
2452871
4287365
6998767
8591824
6213375
4947859
1095179
1023584
2211771
7419688
5076775
5784978
6162682
2021845
6402838
5257311
8273725
4541004
5375467
6326948
3306312
9874419
5074300
6781350
3819049
5775691
8485723
5875954
2947839
5389808
3200583
6971113
3208301
4536523
8238868
2055091
2752456
7440910
6589231
5608579
6550598
5296870
9609820
2515098
3942168
5788735
5770899
8445920
5587376
9311556
1783112
1993159
8201542
8627734
5370267
6855154
7622672
9430246
1173928
2560398
3822561
2817429
1604656
4199270
5286468
6546499
5756919
6883637
6808257
6236167
5084751
1450534
7336536
1142742
1211438
4960944
3445363
2218942
2961492
6897344
6476905
1623956
9977400
4507798
5824840
8394339
2926211
1192652
8270899
1360167
9589549
5810915
1376645
5479091
6851951
2712783
1607797
2374632
7856050
5449606
4813059
4386598
3908566
2799820
9659825
9875278
1760869
9806866
3864037
7430520
9630689
2541376
7538710
2909018
5685795
5372623
2938807
2100954
3303030
6974867
1754864
7014222
3349547
4057016
8209635
3992448
4445071
5293716
3522734
7059447
2922754
9386605
5784316
3232675
6316250
4310348
9110497
8703736
1376952
4461073
1742669
5305263
4363849
8945352
3183217
2048912
8178288
3419555
4884985
2044268
4453673
3259369
6802265
4519529
1381642
3526911
7577411
2339198
3050830
8830677
9887448
9090290
3345058
4887939
3160357
2718839
3725059
1974341
7017376
7211332
2565127
4660237
6207843
3627466
5902012
9853151
6251945
7601694
2274239
4666746
3360255
4351240
3024007
8278268
5343749
7988794
1692688
2927502
5785261
6568237
1490492
8619585
5598203
3867160
2598887
3398537
3198686
8926265
7015234
1265800
9981774
1271096
5069900
8629725
2811784
1707929
5688900
7881967
4852830
2647538
2331841
9224971
6717210
4216566
3591110
1439989
3344828
6748145
2068608
6766318
9792649
8561731
2820538
1132906
1984984
7845409
1233700
9161556
2040680
7461938
5226695
7222573
2801564
2434950
8946604
4383299
1923426
3761421
3089518
7053534
2604440
3179974
2790886
5461472
1659312
8197143
8428278
7254500
2741966
3344524
5603456
5569119
9679912
7028586
1490664
2177414
2412565
3088742
1810087
7134319
8952889
3765736
7326345
1829516
3550104
1933397
2098946
8963413
8566042
4534445
1169253
1265669
8322759
5404650
6634461
4002183
6243666
7918442
3429256
1874617
2206419
4000069
1706049
6122592
6644024
1049673
5874781
8506198
6682515
6717750
9737704
2375841
1550739
4414349
8443073
4246101
2034548
9519598
8206692
1431988
9581312
4370546
3615239
5125732
4095635
9051332
2393023
4493897
2644017
2836831
6491772
6165395
5684003
5923427
9096570
8000819
9474906
4233369
2813713
6280889
3171891
9996377
9661272
7658761
1568060
1048433
1704910
6201807
1031070
2625064
8725442
1108568
2998093
5212698
3885828
3809394
8282404
3456910
5673859
5375406
9926052
7007254
4670001
8327508
6086254
7769207
6271572
1034342
5606583
1860321
1538574
6529665
8150308
1940456
6616647
9553720
2632862
8602146
2326177
4134660
1588872
4363427
3729397
4338392
6667879
1605151
2521821
1974337
6907658
9010392
3860090
8112429
5506794
1318856
2645335
2734634
4061500
5180832
3037902
1618634
7834485
2201145
6211154
2462012
7235101
5478169
8640212
3419983
8717488
2148386
4757338
5893530
6258409
6132439
2296821
4025166
4788040
8621657
9068002
1842855
3802781
7017136
5416436
3425312
2919981
5490516
2866616
2171534
1528629
4473846
2052241
9863327
4301454
5664194
4222157
3392268
1939704
5058055
9086488
4336043
5920994
3591785
6373376
8894833
3792696
2708437
3587577
8794216
6983118
9467934
7462066
4119021
3000949
1999392
9581144
9056629
6821452
1610619
9403665
5526744
2607249
3955449
9210404
7209749
2807736
7259554
6821576
7805239
5581268
3807303
7617290
9480791
9688539
1131477
5246419
2801995
2446471
5156180
2538130
7595103
8694299
6415208
4566230
1075451
5340058
5689991
5445134
3774117
7220223
7527284
5257757
6399415
3458761
3144658
9256968
3816387
2969453
4287587
9486314
5599349
4217968
5301691
4443571
5979809
2125229
4103336
8303884
2847055
6749797
6684013
8165007
1870547
5249173
5106439
5942621
2696841
8558333
6042190
5102856
1908208
6013414
8761903
5124842
3727941
7442587
2240144
8477181
7404194
6825899
7423621
5625492
3309568
7335542
1101882
5082043
7057843
3152503
7908738
9010331
3974828
1196994
4251631
5795337
8081660
4094206
2476089
1844352
9836198
4199252
5224291
7730355
7505725
1447857
2359836
2395160
9388792
9958712
4428163
6707050
1717515
6234476
6401487
4040214
2110174
1000981
2215125
1368089
4122331
4575513
4009257
7149839
7464443
6019638
3266154
9534079
3718321
5799037
2828360
4153518
4993540
3310553
7083025
5047282
4172190
7659488
8737412
3856328
7136753
6070073
1108628
6088952
5755156
7937295
8557985
8761031
9588457
1707765
4634090
4907621
1446642
1861515
6007279
4041633
1307572
6954329
2352982
2796026
6828732
6515178
7995419
3981360
9838961
3371762
5452701
3854578
3007353
9136883
8609998
2985714
9897152
2187933
5359034
5845630
1543085
6568804
2292723
5446712
7966551
4993702
4031267
3155384
8022839
5287174
1029619
2325689
8601199
5242459
7350476
8078034
6179859
2819317
6480243
1599638
8147638
4903433
9147521
9958094
7433055
2718330
8588930
8727669
4705628
7380811
3014997
7210589
9895432
8574395
7142206
6981704
4876905
7825857
3294032
1578026
3632380
6255328
6340134
5179198
4616851
1090212
4780043
7652094
7098063
5870550
7316471
8209559
3640522
9393373
3127268
2017436
1594904
4133917
6053513
7882458
9302599
9225485
4352790
1495236
4884555
7828100
7170513
6879440
1590742
6211780
3293880
2486186
1317183
2820690
7268879
4401568
5730906
2211724
4913747
2101262
1403400
9180309
4366783
2705780
4909111
3601181
1640150
6461348
6426596
4230981
2513090
9250328
6770095
3570058
9334500
2323044
6607440
1785823
1041924
4651104
8020600
7895352
1351659
8969409
4910329
3854612
4204414
7952120
6030210
7051228
9470004
2323892
1237317
2917738
1631595
8144940
9722747
8488715
7616192
6571639
7657363
4208192
1547741
3023512
9596157
8000353
2671103
7095316
8182533
2021876
4554456
4667255
1022325
6590941
5002337
2425302
1497826
1654623
7677339
7256694
5940764
8796442
8850351
5524005
7232496
3066853
8639292
1742360
9183784
5285390
5661537
5867717
7271756
4155400
8329979
6320153
9980369
4067220
1756464
5060190
4291978
4000515
4270164
3525741
3788310
8279708
7695539
4566538
8728378
6331121
6510919
1433809
5828040
8670111
5974444
1921620
6276239
9034078
6285529
1715343
1644652
8960342
6367985
6717821
3508864
1744323
4867891
8726148
5690163
3825066
5965030
7240631
6564545
4771333
1884768
4218091
3454795
1682067
3933704
4418693
8737617
7653684
6128457
5994434
6702125
4559772
6673289
7114655
8818851
5813478
7298699
3134642
4489327
9985267
7079921
3033024
7168095
8302859
9234997
8217073
6670978
4068555
7889369
2203977
8963464
8501096
4157564
1970513
7260492
1720228
7597392
9012334
8686334
8205990
1786993
8381288
2442117
7929983
9996784
6943326
8560492
1284755
9237160
6537224
7118867
2033885
6516616
3038230
6307393
4973542
9638089
9697255
1040872
6627839
4033937
9599860
5703897
5782213
5217281
3629966
4159728
1120653
2318587
2227702
2758018
7762433
1341072
5728772
5872958
8908794
8206176
7559218
2231554
2142790
4495546
7386274
3732335
6815172
5456926
1269173
4005558
5094550
5814696
8301935
2792371
2231167
3188311
3618279
8792698
6487269
8487918
5506627
9205145
7810600
9177322
4256564
6697085
4916508
6713437
1636502
7152601
8894044
9320602
2963211
1583820
5508336
9063225
3074192
9473642
7012128
7048596
1270960
6599853
3816466
2867313
8791336
7558388
3950505
6291882
3998531
4725116
1679718
7224212
6075120
3095389
7223580
5469517
5067289
4967879
1612119
2421872
6561309
2154078
4329132
6498780
5396320
1393307
7852551
5766299
7921057
9895245
2806546
2966256
5201989
9983703
1643746
7732477
4621667
9146843
3290614
6493003
1553048
7792862
5006890
3587634
4502747
3702189
3294361
8707746
7708844
6592672
7217809
5817362
8423473
3854733
1317180
2651089
8711090
7227888
8768005
6492610
3942702
2188376
8351472
7562893
6230261
1543460
8736557
5178923
5176047
8237735
8259510
1467537
6643557
3304042
3469592
7729160
9116567
6536353
3927806
9083403
9234030
3620663
8915532
8318930
7373027
3405221
1000099
8140486
5775968
3375664
6199137
4728501
4779870
8650114
6071979
6404072
6604375
5453708
3605405
6573891
6304349
6917074
5367002
1796308
7174154
6365990
9723431
5705734
9709850
4751928
2762965
3308767
9318478
8587982
2778647
9244800
4652147
6829440
2260361
3540821
3299931
8219438
7442330
3331053
3070594
1055317
5125932
4274019
5116763
2683119
2885969
9348893
7709893
3451250
3864152
6281420
9592232
3568667
5008497
2636573
7696781
2674348
2480981
6774239
5409653
2357219
2767154
9675701
8732296
6095436
6712622
5644293
4002554
4865633
3216306
9452849
9848281
3517919
8409449
9943077
1638155
5919132
9557801
3767874
5862446
2440128
3966586
5170938
3195551
9295265
7453981
9473628
3495295
4969283
9960718
7787337
3497619
7746591
8657693
4057864
9245315
1508498
9941170
5691990
4685014
9440368
8057496
2308673
6841092
2555865
8787676
5321174
4050181
3179581
8495398
2232817
2324760
4194188
5159414
3462205
2053702
2955600
8537251
2769051
9376545
5779486
2587832
2937703
6886735
6666009
3881545
6441257
5055332
1315225
6337477
8370585
5228319
1400228
2390436
3786118
8168403
5865947
4163547
3609895
9312001
5966456
9690126
7668442
3424036
5899917
5437774
3838757
1783110
5212720
2860779
4372571
9612362
1354021
9248772
3264561
2962498
4518851
6221932
7169352
4113386
5403299
1959343
9889637
8751308
3152957
1990070
6767974
7951037
3015501
9410720
9918407
7463144
8576446
5718994
3606206
6112922
3610653
6992593
6193179
2848031
9059832
9142213
5033811
7099563
6813496
1031240
9953789
3115467
1956651
3120183
8953054
2141501
4302406
5668593
4599594
5758653
6666459
5289518
2266772
9396035
8981407
5136714
6344767
9785970
2329935
7580418
4171532
7036817
5094274
6286054
3872710
3954551
9670537
1992145
6033971
4429411
7988062
8832965
3475853
2587803
3965338
5063034
5339610
3713150
9179852
6530769
1836489
6224628
4933334
8535004
8900309
1248652
6147624
9451233
4433381
4940902
4569234
6323455
8094884
1774266
3689669
2521135
9738478
9651361
4087203
9601967
1251452
9657387
1047720
5980699
5983641
8392961
3482840
3196630
3468165
2406789
4377947
8112976
5921473
8974566
7969877
2633928
1813123
7571593
1001889
6205540
9942547
1601732
4128048
5651335
9629695
9828101
1210342
5400835
8032427
8804211
1300518
6050551
9168389
5465187
1870710
9074219
5845087
8859766
5537941
2782753
6014669
4420553
6114315
1486879
8854586
4912174
3814777
1070099
2284949
3197777
2511250
7981693
9850913
7216318
1398314
4389932
9936364
8631297
3577573
5828642
6514158
6053222
8631706
2769641
9327422
9763954
7674120
4218323
1876785
6395410
4884425
3205597
4553276
8650795
9781662
2461092
1851452
5950450
9765418
3990195
6426331
1581573
8445067
1868003
5579245
1616345
3563590
5480220
7240563
8311350
4350954
6516604
9623623
3118577
5886078
9312622
5641696
2088817
4617118
9485605
5877447
5418076
5066699
6970224
4725178
9690850
5642466
4812561
6110120
1848994
6140648
3122305
9414014
5413868
4819244
7689806
9769665
6875104
4527668
8220121
1293468
2156669
7497388
1840025
9784124
6495061
9667947
9351284
8854321
6207583
1732344
2682375
4327135
9422388
3651868
6396412
6465230
7058503
5369289
9587948
2746453
4605775
1588707
3081158
1257477
7235927
3218764
2004695
1277948
9375481
2987502
8258961
6286224
7382646
9162788
7984001
9868623
5527753
9829017
1444061
3237916
2050045
3460821
8121275
3459035
7216732
3998500
6995736
2613632
2667753
4275465
3571015
7157436
2839057
3941994
4603424
4330472
5592766
8168621
8645820
7407455
3349428
6965971
1665174
6172942
6900120
5361450
2101884
5964663
4799870
7020688
7505023
6967598
3703442
1647582
7387200
4416682
7920625
1189787
2095020
4538480
1661049
4078411
8283473
6887940
6940703
4360911
7241345
3074488
2420384
1071421
3413822
2214665
4037962
1670114
1561367
1502311
4551684
2983142
5846051
5375676
9279459
1912520
9030956
7283225
3951999
2782739
6263302
2863037
2662886
4399385
2913191
1976910
3575287
7907318
6979361
3698189
9381410
2795712
8738407
6529980
6582462
2501781
4075133
7667946
9758235
4639668
8491556
9429914
8335073
2394015
6076900
5086447
4175097
1665769
5937442
6490620
7042620
4226948
9037292
2840339
4417697
7756877
5016283
3494563
4643114
9530228
3187209
7867063
3410473
7920118
1422132
5030908
4408895
1908628
8439210
3949250
4378694
9662833
2582861
8169375
9948544
4763695
7685624
4600879
4007032
8767850
8732779
7027647
7080424
6282409
5501372
2210788
2475074
8716777
2629575
3725815
2023627
2356187
1404336
8052491
8586021
1965776
5974055
4817505
3616028
2146204
1282531
9229186
6303156
7093432
4314114
2073822
8782265
4971188
2539904
3566997
9910039
2426412
9038670
1863603
3169283
8125169
3648301
5678632
3130330
4223755
3023147
6436472
1804601
3199324
1861086
1197056
3782477
4420032
7193279
6660202
1623956
3481059
9883834
9891713
7022732
3235987
6359251
1021352
2620923
1536511
7006746
2384943
5494727
4178959
6600155
6334055
7804215
8109517
2045559
8771008
1527913
2782180
4430792
1924688
4234565
2517079
6295291
2390230
8415170
6564620
8535318
3924935
9773688
9816290
4490413
9998376
3567671
6487480
5670616
8495564
4944351
8620992
8188344
3901215
6213303
7279995
2281986
5375844
8411985
8921589
5157186
5394939
5353334
8383115
9594172
8084278
4793726
8172668
2177111
1238070
9211724
2700973
1041627
6580144
6105984
4695305
4856286
1830374
5514516
9739520
5854961
9340026
5928900
7021271
5695521
3950965
9836112
1546647
5065019
5450008
6108580
6961065
7023246
7434266
7074937
3043786
6220360
6949563
5584277
4670155
7483194
9029519
6978594
1854987
8101766
2658006
2285283
7838288
1236795
1421795
4750180
7134947
5407911
2471347
9909602
3949531
6334052
9274159
8674489
8049741
6521054
4696861
7176429
5269937
4347828
9532019
3232668
3571575
4827068
6311902
7176858
8922611
8925981
4268105
9766836
5145414
6766471
7326200
1975010
4069039
2622542
5712775
2476103
3376993
4642032
6093566
7918939
5019269
5722739
6138423
5585675
2654563
5407995
4009915
8358415
3989740
2641042
6240048
3453301
7565331
1056185
3097087
3066556
3711189
6952166
1907781
1237340
8949774
9433582
2513375
3000036
7156597
6511846
5634107
7204628
1425586
1294997
6089531
6381373
2719525
2674709
6718733
1967973
3711026
4766154
8884720
7560168
3209324
7386489
7325553
9367444
6347830
1665933
5068182
8140444
6535353
9747470
3113546
8833823
2362442
8856652
7051914
8808450
9739851
7598659
6560238
9222164
2265581
9148887
1097523
8952352
3712187
5742042
5172415
7069520
5134274
7827787
6954030
6844232
5657079
5797098
4539388
3687770
7795008
4072017
9047988
4750809
4457575
6766406
2807824
9072608
9576491
2906335
4067241
8615787
7866465
7851581
4085896
6898182
5904531
4946956
4893093
9681469
6304383
8751378
6111455
4683052
3857074
2872718
7147868
2971137
2701478
2826283
9084531
6668086
1815497
7741710
4459576
6946388
5485711
6434740
5820623
3483077
5503226
1111464
7521212
1492800
3993183
3742612
4551770
5376987
2374612
1714334
4550529
8309836
1670321
1491149
9125188
2841368
7538428
2372484
3454763
5165624
4581000
4930486
4605542
5880498
5565088
5326763
3327450
4166364
3035856
8678802
1969608
2441214
2616036
8816976
3743492
2977993
2681525
9480168
4678827
1647786
8499000
3132555
1740391
9743244
6698056
9493043
2255767
8495637
4928494
9079259
1235442
9506656
7250743
5068937
5505867
7201707
3231038
7765495
4972387
9547138
7395419
9394870
3749490
4100836
2641852
8020749
9890176
9300013
7200090
4240993
7707227
8712780
9592263
5998029
6502672
1118469
5613885
9322236
2988535
8532322
7498361
2706324
6451137
6305870
8762041
2168126
6861308
1288251
3556227
2953172
1082434
9154861
5493888
1751554
4409174
3690591
4563689
8539536
1421632
9086492
8159791
8471087
6862946
4419072
2755664
2234875
7405403
2193737
4045184
1980000
1029188
3225024
1282277
2012672
4126352
4572661
6815848
2431564
3436320
3877498
7772535
1603465
6944607
7976830
6202063
7884485
4877147
3988494
8695794
6382266
2926965
6654815
6879549
3587010
9742849
6392063
9118860
8343549
1152353
1426717
8803641
8738559
1833238
2622871
8567954
2645166
6347560
4937331
2279122
7256322
4276176
7248183
4367466
5778918
8374123
7936093
5496984
8201783
1832249
4314090
2299576
9372738
9293782
3254278
2782129
9510043
5004919
3567289
2063739
6486682
9744257
6199836
4335255
6372698
3001622
5083358
7129031
9374773
1339736
3497936
8436135
5315194
1573035
8760571
8389219
1430482
7093773
8648681
4760842
4079127
9099208
1068290
1969371
8685159
6011659
5828160
5702614
4664256
7679261
1423045
2304581
2174548
6317123
2592660
7730804
3627223
2885859
1512581
2840542
9854943
5621825
9508749
8900009
9016531
9505945
8783294
1678692
3168751
5117013
3890003
1555535
1628223
7789873
1657607
8551443
7922379
3936677
2714422
8110323
3440283
2088562
3521300
8503362
8039826
8302159
7847277
4946142
7750967
3052357
6892933
8060981
1557459
5314041
1457954
9769102
5504173
3229538
3531351
2026939
7646724
9294340
3132290
5311341
4235494
1159443
6107384
2919519
8498653
1451418
5710544
6653959
9734706
6695934
6966013
8886753
8065837
4963382
3899224
3425670
9725019
3750877
8216942
1406773
2379280
5138571
8690254
3474392
7194288
3819335
9997270
6553945
4179810
7070217
4007383
3102317
7249460
1216238
4448262
8200720
7485645
4309205
6313149
5853003
8946207
1715305
2403585
1700052
8893307
9934471
6843485
1405100
2273490
5212298
3093431
7284501
4801008
2108100
4781266
5390093
4703764
3099975
1253181
4404157
3196287
1496148
7074409
2174295
5760362
6185235
3793249
2081095
1539659
8861323
2874381
3637943
6445184
2812492
5795408
1216785
9978837
5140682
5472259
2840920
6153051
6118388
6368825
6127447
1422882
7376822
4699589
1231038
5150281
6109683
6146345
1209649
6483612
3682533
8127641
3417954
3895998
9202689
8030720
1740154
9205871
6756102
2747065
9341651
6869599
5867198
4645009
6732409
5665971
3880936
7506963
9552465
1789864
5131268
8740379
2624817
5963318
5160128
6644040
6956834
7159312
4800105
3838788
9161955
6943881
2572117
3812871
5589520
1446889
5154816
7894043
2376033
1378401
7778301
3442705
7173238
2061899
8976175
2536516
9799771
1184589
1047192
7361460
7775080
8646880
1364641
6448182
1789981
5263372
2737218
1440883
5557635
5858815
4876939
9335670
2709308
9600063
6712843
8242338
3396991
7782651
3145649
4899796
3517870
7843241
9238489
3400092
3517666
9898859
8682136
7597586
5993185
9121052
6068146
1076831
7916494
9691538
3609635
8043922
4823537
6282205
8990492
8374597
7506671
3576079
3490073
5118983
2323332
2599068
1475624
7225195
1645984
6702389
9961339
3099776
2643423
3735023
1584664
6221931
8165669
5462209
5978608
1500011
5450121
9412286
3733463
3157139
5951136
5092840
2177195
8622118
6791941
8332687
3165319
7895878
4915951
4680345
5010209
1051550
5501347
2435913
8839874
4961113
9088587
7511693
3367158
7631690
6562918
2542555
2329868
7201373
5245064
8336004
1608471
7229414
8026749
2647165
9202078
4338129
2104057
3057809
4292688
5593355
7708651
1614795
5806875
1380639
7001331
6738411
2019173
4005259
7529601
8260559
1076820
2882213
1813271
8015484
6350035
9175304
4802969
2176517
4817341
9331323
3597443
6145556
4227262
5311716
2905163
5468199
9932663
7676529
5167080
8995957
7395298
8140352
5917746
8679449
9058766
3435472
9922675
7591639
3550909
8166599
1417037
4043837
4594811
9275294
6388750
3528707
3572712
9723218
4220425
7830766
8759362
5533597
2702478
5176201
9011100
9356972
9760387
2475310
9211858
4995746
8876644
4585124
3446865
5294358
8484769
2968138
9896874
3756952
2711926
7814339
6082015
8796658
2268760
1407450
6096545
1197909
9949582
1330025
9449056
8810401
7158989
1655028
3628643
6349530
9910616
3757299
3281993
7514303
9285839
4546521
4926576
5278173
8607894
8708639
2780046
5633756
8800193
7503596
6898582
6809872
8577574
7951153
8848909
3936355
6138034
2560816
2886381
4792057
1576872
9203661
6310584
4517349
1753135
3851441
8336704
4324370
7982386
7720467
4877070
9714661
2969933
9755335
6566696
8671417
5376126
7051084
2486920
1507459
1745882
3430897
8701475
8680239
1830185
1587208
1759894
6938675
9179123
5135686
2869255
7972651
6757036
1901633
6235402
7773925
5630957
4275547
3786266
7393350
8087628
3330879
6318810
3732829
9325711
3221058
7682371
3244535
2839108
1734372
3867920
1349282
9991931
6316519
1548407
4922742
4728336
3505191
5944395
5466201
6263147
7811524
6013000
1505659
5085498
6215676
4751733
3511362
9507480
1134764
3018783
5190150
9031726
9658200
2573813
6119191
2351675
3721473
5427720
6534566
8829992
8917367
6444293
7135570
1466598
6778352
1508741
6479053
8629683
6225512
9747955
3727118
5286689
7924362
4885254
8622424
6094297
2138854
8602689
1982419
4058424
8988683
7673986
7273433
5032072
4744887
9361567
4741964
3841722
1918468
8017599
5701463
4816169
4961798
5417247
6921035
7122529
5319155
8256802
6991291
3607961
3075674
2727470
3011674
3704495
5162943
8886396
9252043
1425018
1933487
9982735
2281225
1745437
4054303
4919336
8364776
5945210
9829186
1315145
3540428
2145211
7524107
9267136
4904930
5145112
8729807
7969502
7538220
9703373
6331399
5758656
8794329
6068684
8048133
5125956
6612716
5229771
5102654
4247535
5715827
3663253
2832383
3297686
5743739
9594862
5131962
6827267
5877043
1265387
7728066
7586506
6469999
2105664
4211558
1361660
7929118
8337605
9357172
6500507
6131502
8977170
5559126
7118638
1151182
6598906
7175673
4700318
7675924
9061886
9671748
2033985
3027769
7262442
1803678
4171014
1553754
2580669
4139475
4230482
4925241
7666236
3689056
7472963
8560387
5816295
7164701
3245306
9022163
9550976
4414851
1859221
8156320
5200120
5098319
2505052
3487386
6420764
8457566
5357043
4120043
4728367
3918658
9907865
5900844
9088569
2855228
3445776
5439662
8542592
2886762
9631654
6011594
4691629
7465475
8786482
9157139
6702481
2526752
3532642
4056114
9586865
9043134
1342796
9845019
1189119
7700138
3151707
5923391
3166938
7629876
1751275
7946953
7015208
4009456
6366264
1206477
3644930
4195985
3638147
5441150
3274456
2533383
8295726
8337847
5524054
5543362
4026849
6147165
6138062
7258872
7369973
9671771
3420455
7052796
2996969
2278934
8782526
7701311
8655146
4736395
9108420
8235924
2987511
5699061
7728559
9466086
4738005
6744076
6073364
3768085
7023191
6143042
5359317
9127074
6621842
9797888
3293774
8683319
6904504
3732673
9598502
9206859
7497410
9363382
1899243
8290940
6782595
9078306
9076326
9326278
2450417
7905046
5926977
9947820
5152830
5697912
1164501
1929437
6950880
8011496
2465024
1788760
4320325
6440460
8173390
2765211
5306186
4448588
2230831
1614737
3579469
4886008
1273496
3573386
7495497
4091409
7281038
4571624
1412418
5647206
7424967
4382351
7799537
1333441
2940226
9550933
1247969
3877113
8180810
8693499
4227721
7895273
8475838
5210731
6696084
4005889
7580357
6270042
8182143
1042804
5743111
3799728
7964658
4434042
2915902
7444534
4537283
2745999
6461189
3218231
8045998
6463235
5736825
6334019
9031025
9851892
9878327
8491192
7792014
8183337
9422190
6870978
3160097
3284465
2007350
3951740
5768356
8358652
1772288
3978991
2608600
9723303
7112279
1206964
9882103
6743014
8532502
8493557
5399087
9603814
3743595
7516401
2521088
7551665
4950436
2228640
3073673
6988694
3108448
6722243
3450943
1638392
4028737
9228376
1174007
1689037
8765576
7437325
8671686
7563363
7661952
3417891
5081718
7634374
2793847
4539373
5142954
2191533
6389009
9279585
5386429
5946430
9071999
8795030
5201487
4247527
9489799
5771983
6222705
4664056
9870373
9700064
4174315
8276381
2389010
3120215
8292027
8784176
5933683
5363276
4686201
3460774
6952277
9932444
8160855
4777217
3883566
4775675
5768717
2536966
7540063
9250152
6706869
5910408
3797384
3350806
1357652
7430990
4337540
9248457
8070154
6495705
6117894
9384349
8059347
1743241
9225034
5784045
2603166
1007584
1031544
3393411
5077149
5736702
4139886
7522532
8238645
6614247
6348038
7321614
8231016
6012818
1602231
7438436
9094400
3862988
7681583
4678441
8244158
2062517
5965281
1837876
4808483
4560282
2903418
5470356
1954070
3696043
3743921
6815668
5027471
4119341
9523416
1159104
6859666
5089027
4207101
2539137
1306688
7306400
9869173
4394422
1988825
4233193
8375547
2996020
2423053
4332929
8355740
2849671
1567165
7877709
2407503
3297698
8693197
7565178
2694826
3623596
6387940
4871620
9945551
5690451
8851422
2416048
4745328
9334685
5192473
9293532
2701400
1920421
6421854
5404222
3927428
2640659
9406546
4823722
9292665
5196896
1860597
3774136
1860775
4601257
9245721
5692694
3950453
9812785
3116999
5676466
8592382
4010372
4637230
5316475
1318428
6011474
6891772
5281217
1441091
1022809
3989177
6205994
1651424
4792486
7239985
2926078
8016267
9518606
4374626
1184942
8199706
9964160
7174767
1573265
3642688
2710445
5415995
3331735
3138701
4383643
6766633
6990433
6343590
6071246
4896866
4854873
9678751
3961921
9868312
7332879
7996128
8901388
1610275
1689860
7651045
2331238
9015657
9278947
7434538
6913101
7459938
5098916
3810718
2278620
7501571
7809186
7790254
7919580
2429274
2233392
5075349
5896182
7162043
8763817
7401802
6678801
2109131
2391213
6329186
9613152
2798730
8343747
2968102
1317126
7398077
1920107
7547759
5602060
5302716
3334090
9652328
2219241
5446168
8591076
7556677
7305420
6736985
6722454
4033562
5476959
6086967
7616594
8353358
8594724
8425446
7714871
7024145
4280413
4900654
3605192
3831251
7158167
7297059
9555980
7023294
9885983
9610553
8923310
5677526
8556207
1787980
1124454
9853575
2099147
6566663
7533688
2892486
4494416
2447490
6479603
7041548
8901436
4402064
6238101
7125920
5370692
4042025
9957997
9947828
9220714
1644957
6025874
3305235
1908606
5043226
9832955
9999224
8494175
9254791
9731182
8471233
9497577
3455768
3376429
7255757
5953729
9036116
3805846
4836211
3251800
1732301
3713618
7056388
6379661
9843215
5172736
7797851
6938686
6030468
7298579
1010603
6419592
4862447
4187922
8893513
1759285
8087967
6270799
2914028
6462478
4784461
5686427
3851697
3081705
7889137
9980391
5089131
2382389
1520345
9366246
9891378
3034708
3284906
8448466
9796106
5901233
7622420
8802924
6266430
4665250
1005200
7242984
4228766
7228263
8361580
3706529
2228463
2800356
8771754
7588785
2350849
4384924
7107893
8212652
6224894
6621071
6274646
8287165
8155033
5024086
6897285
8258881
7353676
7955916
3402226
7404028
3319269
8427847
9102029
9824920
9524635
4504728
5718148
1453493
6491693
8039895
3862237
6280254
7503619
4630451
4575028
7508705
1373913
3121801
1645999
7511297
4326728
3244491
1857823
8272791
7429878
9258035
6728224
2527111
6541720
2709305
5443220
5461703
3624991
3421689
3160052
3709813
7516832
9830712
3682976
1755906
2094535
6444521
9301417
8075026
7164678
5577539
4277964
4604262
8918754
4971726
7431577
7861868
5381334
2967493
7487700
4144756
7527324
8657478
3860339
5302895
5033824
9648233
8138584
6963572
3583694
6084502
7127080
7011059
5744086
9067362
7544085
6203166
9509526
9308587
1597704
7412300
7685800
1482762
2018779
9685680
9025685
7269497
3552781
2552698
6173474
6461942
2076814
1271301
2241641
9607678
1518157
1023489
2428690
9476629
5509983
6181162
6707115
1583982
5777594
7824409
1506389
4295550
7785146
9246505
2313672
7462406
4350339
7619669
1792537
8144906
2240119
9718328
1214098
5087547
5009650
3254494
6206370
2214412
8903436
3181809
2235878
1923691
8677326
4906751
7887023
1482366
9948352
8012754
8454533
3895921
9334657
9557448
2585429
2715253
9716263
7261300
8488062
4010779
7378609
5568253
1543137
9412929
5751675
5369326
7341160
3466493
7017577
4112022
3312639
6602816
9313342
6633953
6813627
3694293
7530383
5247902
2056615
4377722
8680363
3584308
3383542
2891831
9775989
7162895
9788053
6110621
1714349
7085911
4195327
9257760
4246762
3442843
6712543
3556129
8423100
9692010
1670121
7949509
3777073
4885114
6811361
5122010
3249741
2244549
7224559
8511588
1949447
6653465
3608026
1457083
2225424
1721231
2462276
6787552
6988663
4902999
1485806
1688447
4755515
1953681
9234413
3314199
1437095
5506455
7637860
3666512
8495556
2977394
2641307
5584565
7936770
6111739
4816776
9621723
6720416
9631164
1282660
6166704
3557526
6741558
2007440
3371008
3238912
4103684
4067952
6463412
3380101
2354375
5763624
9706396
9182609
9024635
7278806
6957735
3645559
3032315
3373120
4949960
2503170
2134481
5566519
6388348
3823652
7868929
5461587
9067857
4101351
3032814
9052152
6491489
7659980
5743901
1974968
8189464
5208242
1177506
4983562
6840995
6272618
3871240
2270907
1611074
6868287
9689013
2405308
9771495
1318690
7908868
8304051
2806992
7352110
7539717
2165941
1416873
1518592
8317011
9371355
7085190
9833267
2919965
5167412
2287120
3542058
8899511
8019956
3034293
1918799
9248754
6096410
8805445
4200643
5651105
2678751
3131195
1052102
7197270
5641261
1539401
1817913
7030237
7070309
3148536
7010977
8498535
7798533
2388414
7548813
3162986
8499177
7346136
3188619
2158294
5201288
2321259
6175360
7529772
8912602
5679742
6521934
8084467
7239344
8983163
8682962
1671851
3683875
5955182
8575181
5028078
1576089
4549396
7254770
6374068
1335709
7311928
7044410
2010046
5002798
3600730
9890428
2651845
1283466
6946057
3269671
5307236
4604476
4169131
4509604
5728667
9443107
4790235
9769807
2381598
5885827
6268339
4689478
6218422
6469233
7818026
1340085
4590094
3516994
8594680
9652160
7923377
1019997
6520144
4623017
1930346
6415322
9781909
8271899
7111485
7189409
1334184
4316584
5088365
3999447
1840449
7713632
8441477
7198294
1078300
6709474
7763618
3144028
8758655
8403215
1358361
4780935
5112433
6084412
8683118
5404486
2432013
1787864
2278013
6602147
1045032
1442910
4651981
8622463
1930527
1332044
6416865
9704045
9076621
3330557
9683777
9881523
3613715
9402403
9388081
1015453
1448409
6989336
8549680
1769267
4357349
4457318
1769277
6384254
3814210
5143964
6338701
3287391
5098875
4653020
3815888
6284992
6352152
7102938
3653477
4312662
2784720
9696335
9980010
8875413
3327416
9215062
4668481
2388798
7736691
6409229
5601728
3760798
5387370
9859224
8453384
4921336
8631919
1698282
2140913
5305694
6786109
3684581
7212380
9927611
1357842
7151883
8454049
7362595
6489400
4498684
2415274
9116134
5046344
7436058
4764312
5472178
3892488
3403771
2317236
9367913
6962695
7246311
6424193
8320706
2735471
6396474
2881545
1935411
2190115
6190259
6471310
1591614
3783218
1707533
3425370
4187291
4179442
1708061
3962304
4082414
7087848
6127005
3275565
9537945
1228047
3376927
6576994
1590468
3933399
3460093
6597252
5466819
9314537
3712968
4976157
7375481
8220569
9747159
9938732
9482139
2378251
8215218
1074571
5083376
2370105
3813134
7793104
6107422
8339531
9426819
9349367
1253135
9970976
9317188
6567757
9489165
5738805
5483238
3999344
8277571
9729653
2253475
8635414
3581550
4016048
1984337
8691060
7861891
4691462
4421622
1887424
8180554
3273894
1267014
7572705
3107730
3773674
6898664
1756461
6831310
2813918
7089236
8469244
2708839
3010369
6995329
4020171
4755715
9329779
9477405
7163252
2909703
6449088
4012030
2488596
5176912
2797852
5989744
2615245
7738863
9347359
2997639
7690086
4052694
5693636
5754159
8134247
5321125
3335237
8761673
5986074
7447033
2082041
4770584
5723311
7301766
7968321
5386492
5058415
2294755
2416223
9064966
5506435
1886775
5075489
2266213
6676422
5427795
3888597
7872567
1501353
6990487
7508341
8649795
6465398
8226144
7725324
1373214
3705102
4331401
9753514
5963915
9314719
8451520
2361757
1685648
7823009
7378388
7491234
6849710
7265472
7476829
1687115
6089808
8549984
1864396
3249048
1446144
2575660
8614093
4257187
1992374
3253623
5625545
1383126
4385641
8029951
6006335
1658600
5963162
5843470
3611629
3305633
7200413
5501227
5907939
8602251
3801939
7793609
8609569
7579682
4041286
7689615
9772489
5335757
6923476
9356513
4523798
1731525
8744447
5560828
8425550
5608318
1622011
5246128
9675518
6763612
2278697
8126625
3104477
8283895
3118803
9884686
6816043
9465595
5999928
5467039
4896074
9030729
6767249
2432216
5156100
4353347
1985260
3001259
2366366
6519175
9379329
1767006
4567677
5632697
1490019
5168897
2957224
6382942
6554520
5705771
4196046
1328102
5768524
3428213
3104088
4664129
1107361
7942151
7161801
7521342
8720187
4364114
2528716
5068657
2214027
1853070
4970238
3284851
1002409
1106341
5778334
8903951
8724151
9701280
6725425
6184138
7073723
7096281
1712178
4058035
8259524
5935289
5268696
2647235
4126112
7535491
9534233
4833783
5956645
3975096
1424224
5879156
3020958
1735629
7164739
7180290
3455608
8480170
6259399
6732460
1548012
4068709
4705183
2888927
6436543
9623751
3747825
3971370
9720927
9502613
3300323
9781133
3425768
3478553
8996734
2335133
5921264
6206146
9490056
8559055
7601582
6721586
1332328
7837259
2459977
7054207
8733093
9799139
5553144
5817653
4255159
4178309
9142317
7111194
9017642
8145734
3443759
4078666
1410359
2234551
6021968
5706044
9807348
2734492
5958347
6727428
8506582
8968251
6856209
3666155
8548477
2113706
3498453
1994285
2941825
6043517
6124949
1487153
4105971
3324510
6021443
3144486
7982790
8684710
9368077
3691844
8923054
8546491
6659641
4615570
3283969
2796251
1096221
7422334
3123021
5605160
6207013
4617450
3184361
8402221
1468221
9299869
2388496
8503520
7246192
2154920
9331354
6495432
6240849
1363523
1562181
8427194
8819666
7517702
7720259
3973615
5411315
3655925
1343077
7236880
2441917
4405142
5420456
5601908
5970262
1128765
4846886
4282746
7511334
1630450
7740119
5918083
8589771
6185697
7867120
8242074
1197090
1339355
9534180
5851918
9558158
5706588
9486538
9285543
4122324
9375701
6541463
5114384
7823487
8013610
3534909
9326068
5368434
2855127
4671619
1249140
5963172
6162599
3218566
4462808
6884303
2092861
8072064
7147981
2418371
5564423
9711742
7577662
5152016
3531215
6214336
8118526
9735555
1467532
7439708
9272165
3555354
4631946
6773923
9533249
3684858
9003366
6462527
3432551
4229392
8220868
4907652
6389202
5226766
5554012
4117998
2736004
9326495
4572178
5939099
9074771
5219734
6371582
7290994
7724142
8895500
6492028
7987708
8889448
1187224
2296293
6388361
4807460
2493739
1045965
8000156
7309618
9208123
5257798
8201755
6674545
2267111
2533006
2023441
4093758
5512132
6032165
5065127
8272476
8054839
7486498
4820057
3570645
4626075
5704926
7914820
1940624
5889189
6060617
7726648
6179052
3001389
3463020
3173018
9503316
5225119
2689423
8134845
7339771
7678018
3337501
4997425
1909058
2936800
1674317
5709036
4783344
8404558
2254666
3989742
2207394
8732918
7561517
3989467
8627507
3100114
4353889
5769244
9680782
8815315
8620407
5165438
2820578
4257707
9473316
2810975
8250949
8790486
6410048
7576829
3173164
3436247
9266817
6972984
6192890
2908018
9299640
9604178
2237904
6319837
8035106
9225182
7644949
5471668
2535994
9205015
9821829
9404308
5271884
3910833
9672775
9336999
5331421
5457284
3533442
3709105
3758459
8187840
6903527
8909721
1138631
6980875
6949893
4730251
4459466
3653122
4156562
1304909
8840647
2212542
9350790
1041800
2886757
6749558
5727356
7368609
5990521
3324549
9385564
5895848
8874314
4104701
8613786
8565480
1203980
7851555
3692164
1634479
5141481
7368532
9590547
7518287
5343333
3563216
2227695
6802741
9797457
8975373
5863688
4460809
6344612
8757727
7675762
8881944
1248877
8177365
4264857
9734686
5055059
1922151
5902766
5072198
6737720
1689038
2934025
4293118
6018772
6617083
1955208
1915766
6680863
7289284
8640759
9536304
6042146
8030476
9381712
5561398
1784478
7516818
9115605
6695335
4100868
2023260
1346452
5287571
9489935
9533036
7408715
5562426
2402632
3831523
2308132
1957487
3365169
9480045
3875259
6833857
3873084
3981860
5170910
2798100
8053301
2294104
9420708
9331477
7331125
8412743
3909962
5217869
2692664
1027081
2984442
6010063
8780354
5746367
2085900
6004188
2137086
1481691
6206218
4059477
1247095
9979602
1428303
8942186
2423171
1397769
8573976
9409066
9944733
4261806
6536014
4059356
9405706
1135312
8266659
8720397
6314926
7460265
4963403
6042378
4880136
1596098
6044349
3388847
6528836
8526662
7804555
3144800
3951232
9094618
8283446
5186608
1422905
9478948
1437022
4716199
4805686
3232572
7970224
5228928
8415438
8803768
5837673
9611443
7808670
7204076
6483970
9735008
6478038
8720449
3509101
8212277
1942461
7255116
6305504
4494969
5336682
1683225
7229503
2650921
4548957
1850025
8926967
3583705
6230581
3304121
3399440
7103167
2799124
7257052
7980307
2946516
4550448
4902524
6513909
3429707
8262771
3533804
9182723
4623143
8016549
9759936
5405062
5894031
1396424
7444928
2351337
5976060
7739325
1330298
8211241
3531798
9313062
7102127
6463909
4337779
5824012
9386537
5731887
3222000
4855410
1544963
9019553
3205021
6692146
1718312
7357155
5091531
9927566
1563751
1139789
4617217
5273610
3168990
3163400
3696231
4923025
7707638
3660074
6697105
2355797
7065816
4483906
8163415
5716331
4379918
9726120
7520187
7436382
2442075
8968562
3330349
2419618
7645759
8238082
5322755
1426981
8595765
2512788
4466036
8426762
3908950
3939063
7861302
9598974
7565339
2341402
2219045
1131479
6301894
8058730
1969742
7574961
2817642
6135272
4217493
5229459
2311236
9748777
6654411
8538242
7753313
1998536
9442595
3797572
5984512
6525271
8372382
2720464
6740442
8010751
8564309
4776349
5522281
3133699
9482822
9122224
8821639
1157996
3967610
7092914
2816424
2264041
3321662
8333514
2771801
7141293
7501255
6718663
8244466
1832310
4472818
1218976
2320985
2366363
1247092
3755776
8858608
9272286
2569687
4014708
5083369
9004931
9457174
5225999
7299632
2473408
6592786
7820545
1136705
8714750
5971261
2269747
3021963
7807070
1497510
7416751
8829245
5296024
9352197
6741070
8624535
7250176
8929129
5571801
4701755
8430162
3193999
1990717
4969669
5608016
2185341
4364193
5807960
4997626
3817263
2877065
7777971
2288390
5752625
7979416
2894050
5933640
9168910
8823538
1325865
9950371
5688448
4614033
3761158
6581697
5242479
4787793
2309453
4315088
2191183
1774997
5714449
5977229
3863140
1125099
7967473
2164446
6101601
9369694
5425560
6613003
6611105
4068883
5899809
9568405
1434356
9896455
1343115
2621050
4021133
5610598
1310720
6157287
3535363
5568087
6286347
9030719
7938838
5505159
8794234
8002548
5106172
9547979
8198890
3372268
8905380
6714075
7602498
9772046
5485377
7407588
9167745
1364405
9175803
5829540
9712971
6348933
5397114
8715339
1220497
4242236
8363779
4110688
5666737
6933418
7197423
5927170
8451318
5330604
9345442
2004945
5750975
8095086
6275176
6690924
8784989
7569391
2569086
3235245
8268840
2305546
2184167
3700082
6594715
4579050
6446661
3049269
1746593
5625782
9314155
2124814
4979031
7308398
1089967
7803016
2023132
9748156
9747453
6185442
2258501
5522271
9894729
1791911
9723620
9115484
4210396
3779680
5362427
4711583
2164058
3865960
3531141
8370233
2495587
9481985
9218134
3777561
1656488
8384285
7328587
9673480
9840855
2355992
6709172
8756072
7464250
9560773
4119432
7812918
1705628
8614126
8802025
3765048
7386877
5832728
8664585
8549320
1942615
2702390
1843740
1526466
3605905
7172485
3369352
1543650
4465139
4061168
9416825
7527202
4404059
6346557
3266713
4963651
2080943
4183816
5915071
4105739
3280219
1415367
8864014
4605374
8342012
6800742
9899177
4107671
6220565
7025820
2933902
1621193
8183041
2658262
4931928
7559609
8401434
8188835
2861432
9673599
8823449
7066872
1514541
8284181
6355422
5679197
6704970
7239872
2586802
9233295
1195577
5763749
1232434
9630119
9580495
2806453
9379022
5405948
8693175
5948748
8861441
8888829
5762378
2828727
7327931
4624105
4050918
3313685
9363725
4872939
3262726
5807439
2744956
2662632
3634730
7160275
3540130
1518068
9498744
6982277
7893400
2137804
2407698
5491399
1313959
9862869
5458337
2135179
3983425
8103461
6280698
4273527
6837890
8710072
1791902
9633033
6052964
5424095
5720568
1108540
4433059
4114244
1006050
7265786
1157293
7330585
1686000
8083738
9520934
7465482
2608425
2407027
1522058
9607016
6661370
5168322
1346363
5463136
1866316
7744529
4771413
1412604
8620049
1721969
7811335
6634856
4604138
8772785
8414172
7426703
3949660
6617663
2851755
6192879
8860836
7639512
5670907
7326235
8072423
7638163
9526090
9510736
8634950
5234771
6368751
5899971
5095993
9562092
5292413
7712889
4276450
2594037
9878226
2861759
6857997
5821136
1744401
2270931
7354830
5949446
9990172
3773770
2001675
3399183
6458333
7619188
1536291
8186281
6106366
6754613
6751694
3224318
1783895
2110806
6121102
1152483
2151807
4580772
7636590
4026927
8102150
8283847
9104138
3844729
7585993
5593142
5695006
3147197
6963214
2152033
9903498
5605200
9035003
2691431
7701485
8134635
8694354
6067194
3618936
5969549
2505127
6262656
2938510
2897148
4419307
2113651
4715675
3120629
7201675
7532660
3235186
9799914
3169116
8846411
8638555
7158955
1923497
8762106
8399931
6469569
9861640
3746811
9988741
4683024
8791521
4946959
5359425
1391962
9062576
4367210
9634604
1021492
8125764
1505059
6875423
5602163
3857329
7366912
7241539
6834696
4132154
9177634
3334893
3473316
6413825
9698197
5574654
4705557
4605339
4062531
9183326
3371234
9661815
2673433
8754704
6864452
2175239
8619154
9080993
1785214
8899266
7817155
7217133
7876614
1668672
2756423
6825985
4098125
3657462
3807212
6164880
2959963
9704932
9716831
8700359
6529039
7585293
6599804
1016235
5851630
4863774
7806664
4592437
8555122
3956305
3024746
7983076
9099741
5629252
5102951
7761147
1124150
9908189
8871006
9637515
1041675
9822432
8295876
5076604
3801360
5141412
1602392
8354424
7198736
2966281
9732218
1589320
2798394
7037038
2700976
9709873
2775830
3304642
8314818
7195673
3383263
7866256
9046047
5101390
8772707
9969312
8330351
4784704
3569634
7858083
1914650
5111680
3289924
2956446
1018449
8940688
5480910
9531154
6616740
2789675
3919038
2342898
6515828
1281743
3000565
4722782
7619514
5035458
7082837
4057671
1450672
3278602
8031403
4646708
5146615
5706425
5075191
7298987
6017185
7327016
3095706
3349723
5258424
6959706
5366703
8653001
7293934
2753036
8486382
2347400
2336759
6156755
4067989
4543294
1735292
9080757
6439912
4424516
4130362
1787188
9654818
1465710
3925203
8459024
6329621
5385275
1965947
8272572
7401751
4633502
4489885
4588755
6334278
6812549
3910415
4446683
3519310
2250505
4871028
1875377
1363631
9710599
9484170
8014790
9784197
5193870
7841843
9850186
7308203
6222737
2706679
1398808
4106735
4785190
7461754
7608130
8231173
8002775
8535218
7678230
2645813
7974432
6851717
9025592
2806902
6047578
2808161
1938009
8732831
6227183
9513955
1690135
2704083
2339702
7939908
2797990
3953294
6134144
6593009
4407014
7150542
6333676
9747378
2706374
9559339
5024735
9624502
8855810
3504954
2713759
8048357
2979112
9439983
1768242
4983775
3653360
8616842
3152257
2046875
8981396
3494684
1815218
8524074
1606662
3524337
3019398
9740590
2880337
5955704
7187991
8527221
4896153
4398513
1269533
7813283
5193254
6100639
9639482
9759455
7887110
6109038
9872820
9928204
6569778
7688199
5447978
3845219
2743820
8755698
4588074
1417527
2758334
1260235
7231074
6053042
3288469
5887401
9134109
9392815
3743896
7448339
5627400
2259904
4483211
2603036
8677012
9391968
1746592
7089897
3301526
3522684
9648775
5053368
5661213
9758118
4551564
1727419
1125346
3476346
4289657
2799710
7118950
4873533
9092926
5758646
7602640
7031114
7958766
5049691
8131997
9559400
1042506
1751671
9172021
8716921
7825723
3901976
9501322
4434924
8660611
3086938
6132547
6880861
4570709
3000296
7560002
5284372
6133813
2700093
3895866
5693748
8914258
6981599
3403612
9830756
8217747
5452868
8041155
2697147
2330687
7083727
4827493
2600608
2609625
5528660
8526549
2371129
6907154
2084299
3518174
5055157
9337080
2692074
4233810
2347028
6181047
7966047
4186987
5944453
7931255
6719460
7304712
8089616
4658166
5116883
4870988
9863277
1772758
6775877
1107443
4834061
1138297
8716205
7101766
8269920
3844947
6340827
7842104
2240519
6663896
5529150
2872713
9292588
7120847
6706946
9390234
9745750
6961551
5856019
2451169
2107834
2737624
9097552
9109950
3870974
1657852
6909796
8077743
1710392
1269927
2431672
5345753
6307143
5448588
1725998
7666183
6548032
7627249
8554714
4488391
3419916
9359501
2499082
9770658
8113888
8993536
9200376
3371859
5443502
1950675
8925021
4634587
3068202
2215737
3953889
6521692
4020448
5535485
8950208
6648580
4337612
1396534
7090975
7747916
4524978
3506247
1844312
4833384
7046087
5174851
8506587
6279001
1780744
3514984
2378517
6485161
5416642
8580315
6751054
5159077
7889514
8212804
4782501
2312249
1053158
4438186
4376551
6498704
2069723
7708161
4649097
6040635
2569897
7481170
3698601
4752116
2669749
1658356
3860068
2515282
8603214
9413153
4269268
5016646
7506954
9671523
6903289
3193878
1023185
8145199
1366386
8419401
2307154
8835018
2921780
5964132
6212589
1116875
6421106
7912412
9855322
1849904
3302917
7077085
5230192
4492973
7398622
8785193
3773241
9503225
1442291
3920220
8451988
3609098
6418143
9178622
8631402
6400988
7161869
3829202
6455534
1360981
2861342
3567694
3464391
7163557
9192352
1063019
2162992
9370787
9416914
4620520
5531131
3420130
8859926
5878840
6535353
6037157
9606599
2485572
8646069
7896791
9152179
9855582
1518666
8200408
5265546
4230650
3657242
6292644
8664672
3697564
2160224
8537997
9253608
8930477
7513721
8333356
7099355
3752127
9375687
2193915
3425127
5926690
8793870
4142254
8322627
1164015
3398523
9668715
5475882
2405332
2174914
3487454
5133038
9497488
1427023
6803881
3859143
1619498
5705223
8195219
7509452
3470828
6746168
4932895
4829434
5356853
5543007
8735280
1728331
5704942
8323369
8519635
8249385
2885636
5417556
7528317
7114092
6022991
2889223
9505950
6660616
6616370
1022823
7179542
5185650
9085259
6195748
4371398
7519085
2938356
1206932
6285369
1374136
4348131
6517798
1369171
7077859
9838046
1792482
7555585
2753698
7959690
7638719
9926027
7423121
2466957
7955805
2344056
3012568
9069426
3777492
2916480
8554969
6871236
7166141
9900310
3156601
4156254
6534513
2798079
1765084
5299002
4602551
6690909
7598828
3666576
9936993
3153561
4294643
1888168
6508137
7231527
5038046
8388562
4343168
7324555
6988021
2852142
7502368
1616900
6375481
8289175
1758051
3838231
9747598
8369836
8894348
2138944
6087954
6149570
6852205
5390659
4158572
9493099
1411560
7098120
8402968
6057075
2933850
3154880
9438642
8697916
1021637
6997218
1261377
4927559
6695293
4107691
8486335
2980261
2772526
4462676
9219126
6265598
3456372
9381909
9641949
1831426
3805219
3101786
2602644
5801501
7717160
6554420
3688309
6297664
8466808
4989674
7828940
6752436
9826144
7726025
1280896
9674641
4665405
8339770
5992794
8881576
8110189
7538986
3663565
6698045
5947926
6188439
4680671
7877792
1422070
8067296
6604496
1353685
6044898
4326877
1443713
8448153
7624163
4874648
2390311
2934831
3143743
5331171
5803768
5584276
4400404
8555668
7553309
6211047
6393770
2539150
1150577
4618853
6932865
4984537
8303705
9837035
1828513
9425636
5479997
8143356
2137049
6054721
4970269
3318341
4299827
9299720
9476912
3257830
1534750
7573480
9261850
1077626
2362876
8116443
8376884
9216946
1598069
4275025
7963969
2611423
3933820
9364327
8544646
8338295
5433081
5527752
7156073
1677201
9758366
5829644
9991086
9604394
5009591
3912591
3349254
5023546
1338812
6605677
8684633
1460570
2031137
5053364
3575990
6381657
5891783
1897946
5713592
8609767
2294868
6620159
4485828
6162480
2789546
3910893
2565097
1607076
7044276
4118583
7480479
3251326
6859862
7543535
4409331
4943211
5142029
4079556
3317994
3747269
2473725
1317338
6404604
5426687
1163986
2817524
5803051
1951419
3737178
1712599
2104373
4627330
6286673
4504144
2599790
6905746
8081004
5993904
5261898
6292647
6431875
1349061
6498522
2271850
8329513
9273077
6347532
8669382
2800078
8173646
6720824
9219364
9559039
2297993
2091801
2051693
4906716
4545727
6457913
8107760
2757067
8394715
1957577
1429427
6071571
8478898
2986551
9024406
8168084
7989576
6264657
6855117
1648749
3452228
6939825
2128798
8681590
5978661
2775362
1593219
4943200
3449902
4376338
9382578
5766593
3131784
8089000
2366906
7931421
7325358
9482177
2616416
6119058
2032838
2262965
8008658
1073403
1502350
5597136
5454995
6027735
2762588
4863158
3360176
3912987
1603970
8034270
5967849
3203038
8874145
7477667
3889307
2690843
1803908
4604383
9397004
8572220
7265623
2094689
6468080
5304181
8349809
1629001
8998476
7767360
9505136
7669474
3187520
9108920
3176508
5121983
9580169
3410280
4504245
6161057
5705943
3670124
2850952
7751760
3148267
1031560
3505847
1427169
9797661
3090600
6539096
8461367
9640092
4002192
9333280
4923997
9517471
2015758
3522248
8850571
6918147
5957476
2948008
4410142
4159852
8992859
6508459
5748166
7001937
3845869
4895315
5918419
8847578
7764681
6114918
4562759
4478205
7540229
6368944
6187530
6694337
4655583
3601441
1738186
3934177
6392308
2061986
6511154
2808605
9057893
8314227
6834325
1560757
6256047
7059248
8371187
1179695
5164939
3378533
5872475
8766193
5940718
8103262
4015482
6349442
6496625
4489155
2140451
5445166
1956484
9053612
9669520
5484128
2057351
6341929
4499528
4552716
5621969
7131668
4146873
1933980
3741781
2446538
9540497
2556522
1546777
8253342
5794464
6104287
4993561
4610440
8692960
3906188
1150412
9392942
7147591
4368166
4795373
4712497
1196580
7826774
4813294
9105650
2903081
7670024
2128144
1519390
4008105
3517748
7651406
2318647
8005667
4085827
1917595
2439052
5664573
3448707
4481433
4737939
7271236
2086678
1543572
5364133
6073228
8902287
1173599
3515906
1203267
8899118
7821325
6696086
7411147
6005773
3192762
4397324
2579263
9125828
7163956
2999737
1802886
9766969
1448452
8118707
3615294
3288883
3055962
5523954
9639067
9071536
5566920
5281151
4512641
2644116
8342341
7512876
8454142
1450748
9015758
3246636
2885900
8228635
1894328
4223379
8968942
8189028
8717289
6055824
1200593
8016537
2619456
6357354
1152397
8986427
8597003
2819023
8624084
9397618
2789184
2571204
3864282
9935279
5312901
3140018
7351758
2666887
1774380
4798549
9939360
2693410
8533738
4619306
9787060
8779324
9494215
5951376
8787014
4427523
6323875
4232503
3695399
7112889
7112071
7274008
6299655
7314523
8690554
8733237
2801540
5869010
4749317
8560074
6779778
6464098
3081713
9594203
2275771
4801945
8222184
8839503
1673025
4224001
2591682
1224253
4084722
4041761
4332729
2246157
2756436
5358360
4260351
2337409
2039489
8781891
7258135
5836245
8521700
4333312
1630665
3964915
8801341
6991771
5655866
6945684
4025907
2371040
6239220
6947603
3821272
1833817
4463234
7961707
9303841
3154370
6900567
9143740
9377733
4102563
8745367
6582809
4804070
7463229
4318918
9569750
6632775
1454287
9761200
3772383
2300133
4845666
9403033
2104018
6096273
6884348
5997319
1749161
7512509
4280969
3771885
4296042
9180029
6377464
6201457
2061138
2677768
7508716
5181272
6014729
7081583
8113009
2533073
1070502
2826037
9742241
4602071
2919965
2458577
3163790
4556339
9987359
1388040
8631882
4767650
9537970
5583063
9500925
7653307
5174946
4891984
2566942
9133540
6991272
8432682
1650117
5068230
7748850
7147558
2757360
4235438
8967106
6500935
4059955
7656005
5765482
7454482
4178556
5760907
8101583
8390623
6773383
2509000
3256349
3503303
9157303
9027107
3903123
6972543
7622958
7897751
6595791
9775988
9750062
1933778
6409669
1473511
6396744
8160144
8501979
5570683
6894508
3172305
9921920
1827325
5059921
1770774
4597774
6057572
2667527
1752121
5154668
9651281
7980018
8410150
6762376
7871057
4103466
2103293
9171757
4402721
5634872
7767482
7260760
5822201
2872090
3483863
5718145
8856972
4262050
4733240
2207671
8537943
3823954
6416248
8588915
9069233
4762236
2458970
1365178
6274266
2090321
3849706
1606372
5354328
3079152
1980206
4099010
4451461
1132489
3155767
6259079
9054477
3754594
2624085
5825461
8351327
5418136
6246354
9575931
3716930
5424473
6434078
2396380
8145162
7895377
3633939
2400995
2658243
2416195
8466866
5813877
6713014
4543227
1101022
5777847
1962410
5199744
6098799
8730361
3476469
2589078
6422082
8416458
1538403
2027020
2363287
4050045
6026862
3559434
7159876
8194260
3613583
5195495
2912361
6003411
3456885
5750578
4638116
7117296
2842347
5636063
5232485
4325529
5486823
8801419
5170796
5011869
1291352
8764954
7110242
2294622
9841056
8570592
3458926
7611958
4813891
6336319
9738337
4943514
5408559
7749336
5775421
8281524
2924844
1951260
6439777
6836308
5808750
3638476
8718880
2987809
1758177
9334375
1893764
9157404
6442189
3161195
5961749
1140445
4813619
7101983
9750830
2073761
6786454
3314280
7357586
7138339
1960813
5158394
3731931
5544106
7632424
6053312
2651812
4866043
9144266
3131719
1983232
4646231
7505350
7860575
4778938
5050759
4197310
1791403
6208390
5974783
2165168
3295435
6689040
1324208
9817081
3834766
4219844
7754290
1984687
1349437
4528415
7551521
8641913
4808117
2183980
9141910
4498259
8054188
6430705
9935064
5657735
4312024
8207075
3059348
3585374
9867036
7962056
4370298
8999656
8583155
6939500
7846794
8741072
3930905
8188590
5979254
6014716
5420439
6645476
6129336
1841267
8116551
7923828
8657351
2178344
1660632
4702077
1590325
7847654
6321676
9062589
9799765
1968389
2366599
1937645
2570906
8362460
6857602
5797066
7267738
1429072
3421144
4468910
8254572
9764469
4170263
5760686
5009607
8700978
2915947
4780669
3934037
6040266
7039927
2805609
5056607
2243360
7458820
7520565
9228529
3022459
5565070
5045784
9793248
6164931
4764605
1923724
7387699
4884810
2710441
2285937
6853551
1334287
9546849
9412187
6318871
8025487
2408748
4327449
9878987
7523125
7206896
1144048
2313303
6226012
1221755
8984608
2835527
5394163
5012528
7565701
8189776
7799776
1019092
4417977
5975314
1757240
3042169
5614544
7055829
6165415
6291001
4808933
6497208
9682203
6102254
6011115
2263681
9588510
7412489
6583599
8075737
8788660
6246473
2112452
7746431
5321625
4751581
9346039
3180975
9009359
3727877
9924260
2859332
8763503
7594277
1531385
1728691
6540374
3105691
4618554
8292945
7727986
4912691
2223917
9357271
1562830
3528616
2201159
5559075
6254410
4005965
7768151
5342434
1151655
8890523
8293474
7194957
6980481
7700605
3556182
2226049
2888662
7077722
9918931
2188843
5465559
6419282
2051359
3924267
2264724
1457540
4006186
1227006
7594333
9100966
9770354
6619066
8949886
2328390
5382999
8712205
1094156
3388008
6972257
8449814
1618125
2987704
6919617
5183264
6291981
3053842
2358150
6669468
2413958
3670655
8723154
2842429
9425656
4606418
9952084
8763857
5497394
5361355
5244319
2396054
4524447
2831939
8697771
5721778
6171661
9143304
6113530
2472231
8381434
5280874
8058134
2954541
8087960
5057103
3222370
1954978
1687547
4778196
1039655
7461951
4858777
1874004
9515280
7587828
4204226
1410349
8987039
5629974
9927592
3754512
1490282
4672135
9247184
1835304
9563529
8129590
3909690
4909287
9347633
7929928
4121957
9082404
2433062
7675975
4805223
1379616
4290669
7620873
1495629
1058459
1665472
6346075
7078054
2192602
5862413
9601550
3792261
7144555
9989073
8770826
5131702
6867819
6065386
1637378
3530120
1749647
1242587
5097544
8730309
6161305
2268868
6578546
7364998
1409021
5818920
5218635
4141618
2137572
2443665
3931430
4851465
9061008
7914977
5093416
8586133
4728016
5491107
6235653
9224545
9263709
6332866
7154013
7036748
6997429
4521624
6749455
3342087
8200440
4148274
7907910
9322797
2804297
9220242
2091715
4358315
3326574
7013957
8681971
9349722
8812570
4160494
5049745
4860553
7100106
6475148
3188406
3245462
4115550
8131359
9944271
5265582
4440066
7936697
7774831
9691626
2343390
2034203
7638350
8921013
4258737
2010678
7326122
3958844
8269700
5475283
5779076
8853462
7417726
7825717
1951125
8272517
6716714
9850205
3308225
3361643
6239369
9580255
3984476
8271433
2889781
5598156
7130853
5421204
1330235
4803911
8180272
9495944
8098324
7475852
8042358
1478010
9747484
6868022
6914306
8564545
4357692
3232432
2060580
8875014
4641565
9680343
5476170
6403932
5528309
2617598
1382288
8698281
9525070
5077474
6785452
6769310
3881252
2476160
2296854
2395731
4806710
2475683
8645719
5736879
3126521
4414675
4104321
6722055
9636209
9073130
6791750
3423332
3699184
3389345
1061261
2879802
8479763
2008811
5656106
5288231
5225930
2725920
1886428
5184570
4687528
4285742
6688084
5193765
4988475
7205555
2122580
6235043
9419341
2810790
5538021
7590085
6586076
3345527
1911389
5103074
3645326
8219124
8564904
2164349
8760593
1232893
8782925
9130684
8858345
6786698
4987092
4430623
6919657
8365636
6076454
2938798
8669255
8677362
4579053
8889646
2009003
4224902
2928877
5118973
6938632
8438839
7409954
7282787
8703285
2157480
5889259
9340556
8477909
7048721
8332214
5077845
2604301
3514933
6863694
3323307
2155222
9838644
6453986
6149186
2249539
2426890
2616718
7976116
7862580
8430239
4836503
9785137
3273355
1831049
8210138
8795447
5883901
8303039
5676454
8459690
7604717
9969824
3173939
3585246
3981077
7545244
6052986
1033778
2126966
2682232
2585998
6194111
5961658
2532888
6526338
5350410
5991127
8725345
2041116
4890166
1642717
6102109
7162970
4464366
8707555
8784755
8801835
6450650
2685126
6967894
8706384
5889064
1946139
3295524
2467748
7031910
1292375
2774075
8637754
2792677
3287980
3810079
5170813
4448488
3085342
6012503
8774093
6128421
3218709
7004577
9065391
4473843
3834237
7261771
9980685
8094102
9072596
2308532
8243448
5308255
2761099
6693043
6426306
3925895
8216360
1109535
7955784
2605110
1691162
2575198
5791678
9931783
3646469
8664674
5179661
4523694
2319240
4269160
7253427
7395757
5370310
3167147
1271297
2252068
7246593
4557626
4508041
3499519
2496972
3250038
6185304
7328261
7742802
1128191
9022474
1806270
4039154
7013023
9925989
2971660
6210454
6635198
3242920
9985438
9596300
9245200
3884677
1365169
6366747
4536828
9276371
5952361
5950225
2816063
9420896
4028087
5597363
9412905
5753894
8320666
5170454
2924983
9220277
2670155
9941037
4697337
8469769
7124220
8335035
6605836
3073316
7762170
1328387
7419955
5511263
7002163
7896838
5177057
7894700
8422449
8915836
5429611
9945727
3718048
8063182
5245780
4142333
8568101
5128938
5100441
6211260
4852000
1350239
1800687
5042549
3535451
5422723
2368154
3999303
5359883
4855019
3109575
8504565
9417503
3973450
1936716
7604186
9991887
9835420
9780326
1527723
5877559
7869909
9572676
5389381
8197044
4644485
2912275
5478528
3912870
2990903
3899130
4170851
4975152
2894337
7048527
4757313
4090684
2928901
2421073
4636116
4344802
1487624
9447520
2424080
3040778
4058714
6272330
4322866
8775641
5605423
6302839
2441746
5114545
1349413
8133255
9529222
6781748
3462871
8199900
4644480
8532946
3320656
7169467
1710002
5994857
5023187
1994254
2875377
2239182
2187498
5215127
4428871
9799465
7880340
8234166
5522212
5543445
5711444
6827404
9490639
1530632
5157423
8918107
4234313
2093248
3154221
2359950
2003298
4519432
6117579
9419061
2961967
8477602
8470487
2584548
4167051
2028029
1260269
7430909
9318324
3159528
8376026
7887483
6143233
8258928
5586390
9245993
2055931
9271671
3971950
1779987
9723001
2625478
3347498
8501859
6380279
2671765
8837020
3811190
7781584
6506240
4808585
5579777
1923843
5458436
1471036
9359998
8133724
3317987
2491032
6774444
4876052
9761332
8119653
9886606
9645258
5683727
4684271
5953163
6453747
7607416
6167202
1614886
2124447
4707202
5561466
6315807
5526349
1279446
7397386
7593242
5086450
9495028
6567138
4849350
2668277
4227770
4875061
2253113
2992446
7989155
3132659
9672026
7287999
8389993
3023132
3202024
7286930
1385734
9159214
2990818
6094949
1672664
9002288
4133278
9591331
3080164
9084414
2624110
6192468
2781973
8283551
7585432
1397262
5125756
3491685
6091533
7970445
4505250
7380212
1107948
8152801
8293668
3272607
5702040
7622918
5963168
3145102
1907632
3442929
6028765
4523419
8915550
2920136
6785959
4701878
9680403
2043467
5936204
2967399
7780608
7305425
1082744
6159564
9747688
3988013
4852792
9812715
8330757
2783371
1283014
1431489
4769696
6045068
6060768
3991298
4062853
6129105
2372767
5524556
7851159
9514094
9165740
9655359
3522168
3589990
1306029
8936534
2447868
5424600
1284498
2392444
7134662
9435559
4285721
1136592
9118307
1386159
8020913
8521914
7822671
5929622
6753221
9927010
3470612
1128225
6779334
5040894
1953746
1232936
4703031
7881604
7960932
1692731
8163756
7731472
2457927
9628965
2331235
3594704
8866113
5933402
7323398
2375613
2432776
5325749
1998119
7079691
2516881
1679316
2862765
5283476
8911442
2642311
3148590
7745249
2916017
2111870
5289422
7468059
6198519
6227562
8316152
9152480
3708576
9426766
4351315
3064704
8601069
4204831
1925119
9244650
3448108
1564704
8534664
9997938
5880973
8591418
1101410
1763038
4299833
3443028
3193173
6522096
8708615
6793630
2130563
7912566
1657135
5268836
8782497
8386959
2855883
1818216
6844419
8488536
5109850
7418128
7567795
2030503
9226279
7663434
6423786
5437062
2786490
8100804
7820160
9938188
3079726
2489607
7443394
4717928
7140955
6046534
5485602
6565975
9719253
1662779
6174139
9506671
5790181
8589115
5106125
2275500
7602766
7813674
3118606
6025242
6260043
4934369
4613746
7836284
6068463
8220398
3361133
8710444
4248430
7046924
8437462
7477634
1324418
2220828
3840823
8148473
6791873
9344235
9027922
8268512
5606869
1169574
7949574
9983166
8723044
9396626
8158819
3446785
2584849
6500256
5475978
6813192
4032579
8260736
3337362
9291735
5023205
3267661
8316542
1510954
5514694
5464913
7761250
2191053
2609954
2318209
3146777
3481978
2547504
3289227
7530111
9088379
7498655
1410839
9633916
5320234
5176907
8264987
9793963
6812495
2873492
1503594
2985128
9417330
9379945
8638407
5241937
7499976
2682377
8300701
3063191
5270106
5808882
1211619
2521613
5023187
8084686
4032654
2187592
1892562
5714907
7017534
7290623
8849217
7451554
3585477
3905469
6173484
1645786
4256972
9147350
6813973
8469502
2623632
2226671
9320718
8795461
8939484
6183249
8699704
2030457
3759080
8418510
8405763
4201963
4863281
3100045
3518518
3830413
7946146
1754860
9700465
5978200
1761340
7724484
1438473
5680190
6838169
8646561
6413803
5937299
4766286
6781642
3792835
4531672
3530857
7277710
7215542
1321049
5987536
8139641
4963046
3515984
4724132
3398261
3012446
2007433
3557837
1698684
9747566
4855383
4589679
6447501
8977584
3268567
6239292
9599661
9808491
9331941
3417675
9774313
2129039
1709124
9673329
6606217
6390969
6685242
7074070
1419143
1553873
9309458
3629755
8203168
9892634
4281636
7147274
7522155
8403489
6384691
6451381
8172536
8687281
4863598
2895091
4299619
9013398
4360329
3196431
3339762
7046423
9242093
9746299
8947099
3856088
7857077
9649429
7654785
2846696
6945435
8741383
7971889
5460368
2423507
7275564
4593760
2758373
4096845
6389465
3046464
2337654
5037898
7962706
8729323
9610889
1486735
4138999
1613950
6773739
9805334
3937261
3952035
8769390
4182918
2658424
3021552
9115503
5125735
4622841
9542236
4233607
1560155
8661684
1221123
5744802
1638145
6588013
3644216
9824598
8191725
3984979
6499483
2095285
5982117
4299532
8697868
2851885
2515925
1300866
7894647
7212863
2701333
8717446
2335368
3729783
6847905
8855444
8891633
7642187
1801346
3544214
5541329
5454567
2634523
3136709
3426815
1735607
1708855
7488380
8277048
9795453
4496369
2341862
9375534
9332077
9010709
6924507
5757634
2418430
4207813
5239398
4220956
4496075
7758839
2887578
9735057
3741194
4860757
3682829
6189020
6084396
5716149
7159965
5043535
6014638
8502411
4576201
7649724
5206031
3463483
4688338
8835104
4366051
4329324
8277011
3909424
7993382
6531633
6327438
6476263
3544259
4442426
5682913
2569383
9241102
2161499
3521944
1521342
3453720
9007627
4196132
3515186
2841811
1784824
9467828
6025664
6480623
4430834
8564753
1386098
1615979
1512710
7154255
1478408
3370470
6474347
6246330
3602289
3933136
7423450
6787599
4310802
6133540
8100842
7837508
8493686
8280025
7478794
4018994
7948263
2346960
9534347
7251913
3974396
1763159
7691277
9029307
3118931
6558359
6608329
8092965
1637209
6634938
1079815
3183195
8254624
5470297
1109417
1114339
2392521
6225164
6951016
5608420
7763635
2153482
8685517
1712823
4206419
2893506
6517267
1497102
8856108
6500019
4618036
2721812
9404169
7679824
6438618
9355300
4770960
5941888
6621343
3791053
5675890
4687820
6859374
9255613
9332593
8163385
9873956
6384798
8790001
1925641
2618554
6581030
4764858
7634724
8396660
2258578
2734157
2343867
1165831
5872109
9973501
4594967
7827959
4509012
8920280
1336311
4104415
9286629
9621551
9767753
8053077
3167473
5739691
4877818
3934101
6715199
2999025
9009560
6565604
9199546
8972935
7536631
9010352
1060949
6592207
8443714
2363695
9605037
6300731
9575780
1391694
1846247
2148474
6837614
7425363
6230778
5831299
4995707
1779445
5687815
8592608
2932770
2576178
8899760
2805493
3756083
2854233
9625495
5895273
6167381
9682986
5649504
5923252
8010783
6558836
3652160
1648290
6578100
7176493
1984007
9169535
5284803
7940431
1611211
4580236
6109271
6140713
1910150
8955585
7835756
2397475
7676538
4026211
7467419
2629743
2075300
9354664
2861816
6556917
1307046
3549866
2934144
9648406
2157600
7826209
3052167
2165187
4989345
7451123
3567035
8052143
7804609
2268912
9079314
7329451
9687322
8589865
2049523
2859920
2444712
5147754
3014787
5671410
8167406
2388313
1701525
4046852
3656947
3369365
1944103
5752823
6407788
5072970
2597186
4279615
2323610
1602780
3510906
3352496
7495038
4873131
7076406
3902181
4343043
9101070
4087113
1465225
2546901
1616851
1897153
4095881
3136664
3928910
7908783
3393218
3790491
5492040
5562576
1817264
5240174
9803242
2436922
9161223
7831352
9232859
4349274
1622886
5923086
6441502
8520773
9183145
5851544
4674144
6062373
9872125
4290749
3605169
4349582
2491594
1988890
6988088
5030449
6896172
9162678
8857253
5575544
2131234
3275256
2741161
2345330
7399956
7140996
7110041
7754832
7889758
5738532
9150283
2445449
6887634
6837891
4273168
5360666
4497118
4759791
8199099
2320529
6960946
5509551
4986929
1121227
8862693
3302929
1617578
9120436
7630352
8642809
9230703
2820294
3301091
4069631
1956085
7642053
4639423
6236975
6484688
4529050
8278364
7311814
5297332
4742485
7440796
6121202
7994361
8065832
6216464
6180403
2447109
7543273
8863058
7737280
6191326
4410440
5883795
4102356
3536800
5902409
1432198
9568354
9079204
5901842
2558788
8180166
2547626
7878208
2619770
1353981
6852441
4842375
6289576
5760383
5033269
4160432
6114220
9471739
9538920
9345408
6570367
6402931
2002228
4422205
4509862
1348082
3897128
7368963
6098467
8957434
3432033
8249864
3832397
2340689
9941260
6754115
5175622
2104414
7809010
7845300
4809924
6953664
2183347
5988727
2354531
1852047
9839997
5218770
9133505
6223302
8275711
9664112
9568538
8666856
5105314
8547198
6218973
7895643
2058360
8437894
4899878
3764818
3577039
5328569
6516926
1999270
5319863
8067394
8432025
8896550
9390331
7398799
6378422
5910518
6876406
5480915
5289196
3843613
2778062
5500017
9185163
3121699
9844621
7936555
8298826
6306354
1579469
6574323
9702919
6803731
8057836
8430984
2222260
3673397
7596449
1676029
3637904
1223328
9990566
1974846
5225724
4870216
6290095
8994684
8886320
2966583
7835481
6510097
5685836
6245515
7802415
4727431
6885228
9550585
4158330
5982462
4392374
7612993
8136367
9992924
6672750
1903892
5318861
8222802
8314748
5094451
9767767
4893483
3507204
8869641
3696639
3294527
9922047
4361210
1166213
5920896
9125121
7275445
1237854
1021788
1680851
8898647
9519416
3147235
1474641
5068162
9560774
9917683
6793695
8966573
3073391
2353850
9465960
9202517
2002300
6059338
7737471
7225723
6725441
6410675
8134378
4666831
3455916
5129077
5506923
3962261
3026236
7529653
3047313
8932230
8225436
7174921
8952472
5130066
6818065
1143158
6960564
8341404
1434913
2994417
6991364
2706518
5341260
8112916
8649957
8046005
1004039
8941171
6057460
6292583
6451023
4027086
1685729
9748763
9715251
3192489
2506344
8055561
1460126
2773906
6531530
9600148
6447091
5272714
5030459
7525756
5546234
4628199
8975677
7975136
8132963
1224984
1784790
5495483
3476176
1486674
6416670
5490837
3956456
5317458
5690812
1542629
7819241
4841163
4025473
5661917
3730758
7250178
3227133
5817694
6718482
3971575
3619689
4657181
2519243
6908342
6450013
8228397
9600507
5418558
6079036
6452958
1511700
2061593
1285981
5253749
1670906
9826948
8190475
5462269
9995485
2387321
7366454
6478622
2052463
6548395
8179812
5587549
1726107
5215376
4818483
2912404
4399544
9739085
9813625
8350162
5098805
6585261
7595558
9405596
8531805
6624940
8527216
9890781
2162924
3945267
7382544
9155596
9468394
9549299
5018427
1529173
4992552
5494159
5820147
2166018
2262698
3443468
3632927
2352226
4663692
4753972
8210649
3029202
5760728
5527363
5778151
7567930
5271247
4560120
9627421
4713123
7243454
7422551
9505473
4587831
4414155
4461222
3042383
4171160
8997760
9671254
3181334
4901661
5555408
6735028
8403019
6389665
3914896
1655576
8267685
1187829
3235464
9974669
9642488
8182921
8336322
7148841
4105302
7372175
5934298
1000150
8016763
7601440
8760727
5893338
6123280
6710874
2097241
6481491
7547540
6060041
1042996
8503078
9120685
9729692
4797757
4653337
7708493
8491875
8055578
8144182
4427163
2732015
3412631
8670827
9897152
3341161
8623022
6485920
5084020
5469591
6648942
7827935
2779808
4075708
2459001
5877210
1422093
8603991
1782055
8788225
8951580
5302302
5505735
2261842
9432184
9038235
4332398
6777381
9175362
6608119
8694745
8933951
1847660
2498517
4361193
5154695
9840160
6032146
6165932
9015967
9161538
4434955
8548492
5406948
5012611
5097479
3371058
2117889
9370815
1482806
1538187
7919464
4623210
6937864
1109783
3690282
8416287
1722874
5211085
9546808
4556713
1596334
9349731
3414050
4728918
1175618
8291173
5650567
7343633
7809564
1931029
8285158
7481463
4019123
3203210
9555780
3586596
7954000
3112092
3886526
3862031
8203022
1175559
5321832
3779196
2798647
3763821
3134174
6063825
5854433
6055665
7921387
8378003
1872312
4966050
9812919
5662665
8090909
9609085
5365934
6662754
4247262
7704695
6205869
5116691
9385191
2683458
5306375
9455252
5189449
3187933
8824009
4492844
9334353
2468577
6195610
1107370
6435195
7197937
2536263
9292686
6914352
9690938
1541005
7715519
6874381
4608621
1647431
4473847
6443293
9995001
5955329
9524307
4409017
5156259
6215445
9298800
1794870
1566546
6906566
8113899
4604464
6683055
5169267
2778271
9011125
6465211
6652429
1446469
2961516
7258396
6441796
9648903
4023846
7907801
6496670
6485382
7299189
1692003
7342265
1377317
1378451
7097247
1062482
9507374
7457301
3616618
9429037
9954811
2455650
6931116
1588768
1601456
8326542
5344105
5692195
7633312
9314675
1182147
5093274
1341989
6512777
1682796
3921525
5675492
8171908
6538100
5855974
7385544
6867151
2985398
4618301
7517453
4912911
7068944
6771168
8497169
3734514
6459378
6484998
6942967
4681329
7059295
9496053
9271908
6435179
6498602
4063425
8433414
4731651
5676171
7062016
1489561
9249612
1790451
1182403
7309684
9295146
9616012
7140934
7423556
1859308
3679645
1258923
8734543
6467209
3563468
1853820
3391972
2680216
3949021
1086415
7812722
4494252
1037539
5757078
2555374
2571030
8362476
8251326
4249241
3854781
4203018
6086647
6824114
2586043
3325544
3035189
3182928
7436176
8444969
9087150
5918034
6505396
1247528
8415020
5796627
1340961
8974451
7594220
8701896
3991895
5775434
8843648
5509516
1024843
2617487
5483617
9124735
2166145
1039294
7055305
9779674
4452568
1753752
2142975
5594943
3197023
2847130
8046307
3853351
5577158
8831660
8648572
4968195
1135847
8352167
2841447
1399424
5004094
2894854
2962042
7947421
7851270
1904376
2659025
2673702
3269301
8592645
8235873
7804006
2908802
2450800
6644434
2717809
9699829
1824157
5957769
1361945
3848967
5805979
9688990
2043066
4037636
4783563
5989810
4747855
7563253
6242626
5583564
2399638
4337313
5490355
7606542
3960554
5772918
5496553
1268611
8407384
9943140
8489468
7253323
7121804
2973442
6402610
8249362
7616189
4412693
9183345
8404076
1531543
4261685
1997194
5264436
8168400
4618857
5814184
2729055
3744125
9631133
5053841
1289468
4115422
7092402
4826428
7462630
7653671
8986647
3760540
2009741
6441113
9629182
5340740
5760873
2220273
6865665
6591748
3703399
7492575
1048829
8031916
1642600
7985298
7715215
9114055
4143816
4572130
9687686
7708049
7162387
9223486
8970705
3506156
9976526
9029376
9662457
2311335
6841036
8714750
7285425
1094321
4048487
6965658
4783564
7377501
1197778
9789460
6344535
7065878
2133668
6825175
6702992
7374262
8744166
3219834
3977454
5193250
6756335
6295248
2324763
5447176
7873007
4296250
7700343
3208091
7956075
2547851
1382350
3248830
6576912
9679597
4718147
5949752
7618122
5100466
2805966
3873279
4219414
3059942
6427507
7993073
1036486
7718180
4645709
5423031
7230949
8505606
4145298
7164339
9672171
6768961
4713576
7057675
4357466
1082792
7501120
4888270
3372417
3006112
6459264
3981456
9178992
6556316
1355407
4194097
5086725
1126738
5199612
3067931
8931510
6576662
5920271
3126043
3276679
1740998
2791051
8119663
9371013
8195438
3034267
5538058
9290467
8888693
9213620
9994612
5790669
5015624
6308035
5392494
6505898
1437406
7975465
6127549
5144366
1504148
9830187
2287564
5117808
1019122
3413037
9935799
9885449
1426397
3657369
5409677
2476574
6620950
4923707
9448855
6119775
8416220
1020345
4716015
7539640
2712550
2827705
6520610
5638174
2373787
4851018
8922201
1395829
9802966
7953223
4965700
8417314
5157396
2725472
8035697
5974924
2682713
8999858
6726020
7384431
2778754
8956114
6064200
7165468
5780876
7769605
8825325
5180002
1609901
1735443
2216994
5251608
8221617
3424717
4101317
6274895
5677689
7577923
4798704
4753491
5451935
1289427
2351991
7390626
8529197
3722334
8671216
9754824
5948823
1685467
7887987
2412313
5808942
9235674
8509546
6166159
4804295
7160753
8938354
2167118
9062804
6603634
6912651
3553261
6866201
8589321
2704637
8525096
7062569
8031768
7226028
3051971
7969210
3055204
5805597
1439520
5109287
4219844
8241018
1616300
1346981
3607800
1139114
8403302
4075697
7092912
6208293
5904721
2974176
3106703
3748943
1915899
6535079
9536454
3564050
5174223
5718820
3242261
2034266
2733927
2442732
3475799
3232531
4898789
3332367
6659532
3656182
3155867
8001465
1178236
4915333
9857577
6794699
6237641
3704147
4538958
7845426
1993158
7815119
9634426
3496006
8022854
1878650
3006706
3172942
6239063
1283432
5673389
2080674
2479824
1529156
2618894
8271617
5966120
8032751
8966738
6980733
6221697
5431898
7810820
2084900
4814668
5517338
4069686
6908400
4295550
5240244
9684498
2764066
1353898
7804650
7213280
5507650
3428079
5296293
9704555
9125210
9206621
7301371
8443855
4649180
6037076
5904283
9957388
7319193
3352837
3656631
6526577
4977549
7501996
2931457
4662954
9320055
1598461
1221850
1211091
2770261
6070630
8979199
6919489
4257920
6380781
8766381
1560333
3071491
3021403
2867711
6490812
6857067
4422143
6202157
2243757
5585506
7058695
8836183
3902386
6664564
8970212
5258755
6915338
1386806
7131573
4923364
3412965
8675763
4564631
3021323
2771064
3082137
9024066
6815523
2539315
3292589
9841151
9182983
4197601
1180363
9671319
6262535
2292735
8913224
2200647
5995716
4594432
3672499
4328602
8743344
5124751
5698129
9946135
7109578
4300253
8665177
9151348
8911377
9983365
5734688
8999658
6101623
9911542
9013869
5031818
3454983
3057320
9685040
2226279
3883234
4473066
8522311
7355942
3353887
3789163
7845994
2802003
6967314
1456255
1694224
8037333
9312351
8976467
9359656
3434260
4138502
2754363
2196317
1242321
9439745
9509859
4321789
9215645
4459252
4780500
8659745
7833694
4031677
3433897
2723306
3350135
4821621
2342986
9176601
7689391
5284214
5573592
6053824
7822852
7366926
5780034
9826424
3019664
5199042
5025638
7125211
4840868
7320030
4573139
8523331
6026267
5484045
4342198
6107698
3548394
5985356
3437419
8276268
8352510
6491652
3842325
1080554
5981845
6837200
9052353
7920409
5002865
9168684
4454567
3480691
3338690
2720167
9654617
3173132
5512986
3797979
1824721
3558991
1902166
7287610
8492326
3424770
5464811
4293339
4051558
6078040
4590399
4454022
8000745
6584159
5379929
2441820
3444005
9970481
3984466
1585507
4218893
8760662
5724109
2388257
1758591
1848938
6992708
2982295
1000821
1999987
2630469
8001816
3605291
2992495
9306596
9559794
1775402
3834939
1461585
5618485
6116932
5992575
8494317
4459442
6421896
5926353
9649624
6297045
1313688
8618383
5709982
2380182
3057840
4793041
3929179
2297917
3189216
4491974
3679795
5456437
6567733
5568454
2428055
2211931
3815045
4844817
7534684
4241310
8519817
6080822
3791533
1180593
7768967
4922894
4666267
3247448
7253096
4415699
7236347
9443215
9270014
9328155
7533841
3419505
8081393
2114833
1095443
7750440
9740883
4218039
9550536
8564433
1174874
4000605
8298305
2564026
6118566
7073653
3393495
2556527
3956059
2955618
9640447
7202337
8224895
