100
5703690
3980198
3620922
3076985
3964331
1768161
6002335
7844976
1608656
6413577
3398777
8756934
3059280
5547166
3218398
3976244
6117931
3302413
6226095
1937848
1944454
2120233
8515140
3930905
3804343
4415173
3520889
3675544
1634010
1104214
8746560
3108984
5395029
9443655
6502408
1766719
8970255
8585805
9691262
1982781
7488311
1946997
2860507
3906085
4455612
2692138
5019293
2873363
5425136
6008851
3224937
2797196
1337282
4566933
8256841
1308980
8202283
5299518
3177985
5119932
1176944
7593050
1470248
2529059
9308921
6623609
1534117
5131520
1420465
3258833
8434758
2575885
7586247
5475608
7702336
9915973
4556627
2642781
4664419
3375937
6501459
2083888
9151261
4554472
8186800
5631086
1078930
3865469
6655132
2014834
9506442
9033134
1595790
8443873
1297131
9967179
3018681
2479293
2204855
8757747
