1000
5677475
4785064
5984176
1337205
8160987
2786752
5321644
8383281
6133895
8841198
1010896
1103312
4929407
6401525
5916084
4856316
9895219
1914367
1276836
2854720
1206531
8604439
8250167
5138327
4700129
6174801
3777669
5464560
7370822
8106542
2439824
4183101
1250595
2308746
2846063
5151939
2029305
3308975
9635895
1334732
6281651
2664239
2599828
9787106
3329027
7037084
1716455
9599102
6423210
7343628
6777600
9064018
2751516
5991779
7360949
8873610
9157803
9381008
2615484
2919153
4914972
1663605
6702414
4173306
2330119
8105928
6183325
7427742
1417219
2973294
8756408
6050509
5838634
9053554
1372916
3884840
8911480
5319033
4640277
3018205
8798570
2673802
4733389
9661747
4436293
6469203
7353053
8153088
8268260
4127854
1114082
2247441
7771311
5805374
8653515
6723849
1694297
1414627
5700656
3222180
9644808
1798861
9635437
9437710
3660779
7441872
9836151
3561743
7897439
2055756
2960310
5032138
9605730
7960600
5256301
3268381
6123933
2680439
1628318
3723266
6545700
3668147
2571009
7032942
5397351
7277192
7932783
8976105
8662670
5805483
8220322
1727399
3957137
8744980
2656799
3844854
2221086
3445545
1148631
6123089
2672791
5925789
7916571
6778603
7900419
9516896
6883606
7574127
8445492
6366759
8857536
4543607
4348689
6284550
1473984
4993146
6871125
1231181
2683361
5525267
9402921
2100600
7223833
2664207
5766485
8642195
3243567
8610742
4232388
9240085
9822931
4169349
2780177
1250139
9021866
5839122
1890965
4677256
4501682
2635697
5658243
1449979
3449291
5556855
8812094
5047729
9125367
1147812
3738809
1692539
2019955
3713949
2553791
2381474
3006503
7350450
5709581
9963593
5557835
1749365
2252117
7793004
2489427
5364267
8997149
6060431
4290028
2016335
5257295
5803641
4118616
2801540
6713602
5720530
7314959
4387178
1386377
3285970
8718622
5573669
4470866
8858011
8323756
1333121
7141627
8286601
9520355
7707946
7819368
6589880
9493725
8029299
9618536
2794437
6366207
6508324
1258242
6725297
6707914
4861000
1063402
1510243
9326600
9027375
5724040
7146085
8335172
9875561
1830602
2118794
5796157
5256412
1931137
2571421
7180284
8856567
3196835
7713564
3301285
7255014
9056775
8575998
8915147
3131240
9746974
1026218
3860767
3464735
7892672
1019449
4225867
1301535
1845877
6974646
8910234
4863355
6265174
8569396
2893586
4613179
2448667
4155344
9791788
3707777
8985518
3541369
3213011
3507261
7599655
5813948
1541597
3041711
2075642
1313508
3496271
9719005
9363127
3456873
2427940
8929220
7692408
4128911
2835558
1553404
2987377
7860130
5933526
6694438
5073835
9004527
9878881
6336488
9855529
3562230
4256436
1807236
6583280
8426766
1014738
9190765
6470464
1530497
8017003
6250828
3462560
4139210
5571287
2440761
3207754
4918555
6179268
2198236
5143866
8643714
5497381
8512493
6185693
3622134
5116356
1735786
3812608
7107086
9377529
9301137
7445751
1996986
2326963
7500462
1215447
3753070
2143519
1560991
7544398
9064115
1624319
6898429
8191802
4565519
6284413
2622332
7860983
6195183
1581400
3864974
8128910
8795508
1675823
2523276
6678378
9741563
1834780
3266062
3842756
6406992
5286490
7443589
8224258
3442077
8794338
2329934
5687260
4689583
3201203
7417969
1335496
8943170
5915073
3832010
7239391
9903861
5979888
3811127
8683471
5399767
9448161
6422130
2222386
5458715
6802555
6681113
5020656
4722481
3511494
4169667
3914760
5605711
7702285
4915197
3209741
2602895
1034474
8671797
5576639
5812082
8755359
6851389
8897863
7647189
6489897
2964644
2206264
9481506
5737744
7765905
8884010
2362313
1484013
7897369
9928825
5911304
3350579
8995714
6537742
5092880
8227602
3690736
6014548
7816249
6224920
4085431
4960790
3974760
5312385
8733002
5082487
6873495
8877113
6091754
6135898
1216861
9370831
5808834
8388876
5427967
7677501
5460850
9911223
4012223
4514829
8913626
3447737
8842322
9221918
2457449
3638292
2866680
9415080
9141445
1516031
2255463
4652733
9768885
8885061
1076920
3012265
5556469
7868693
2728989
9840154
8892993
1961906
2714106
1934324
5241821
1008828
2581372
9888471
7089963
5828799
2461591
1481354
8461805
5139850
4811595
1593852
4042965
1043955
1390728
6394849
7131403
4725338
4851217
1363242
2533502
8167811
7222782
5868944
6547086
2760288
8409814
7723123
6147081
9366487
5461468
8678462
1906883
1988471
2655392
6657990
5755899
7706025
6918673
1913739
5062083
8292573
4786025
8913453
5639639
5015283
3495569
3604163
8404489
4408508
3866222
4396601
5091347
9303824
2211987
3970664
6643782
1276593
5820760
1806219
7043418
5656072
2569187
1449974
1112502
9406607
4770477
7080418
8852130
3466254
7309423
7995311
2603602
9890298
5143293
3062282
9887126
4364123
4572907
7302455
6303319
6727870
4509199
9831144
7907603
9101555
8635567
4829304
2684452
3097072
9809164
5106433
2906988
6141693
1175966
9983765
6702430
9271017
1684153
9221907
5681785
3804206
5659487
7262504
4341013
2308632
9666927
8190225
3875738
3440156
7967142
4167102
8932245
7536127
8093717
6485769
1429342
4145989
1110482
2774151
4805728
6599940
7329210
6142479
2817664
3982215
1669903
8601378
4882385
9286167
8567261
8113329
6532110
3960432
1177907
6370693
2059929
2923632
6011231
6955123
4138139
8212198
1887834
9463815
2069892
8388504
1640350
1373163
7248453
8099709
7044388
4020367
3206747
2317629
9738090
3706628
3535669
8651334
3469788
8046460
3156593
8317505
3225649
2059885
8605708
4254780
5397185
4327126
4142472
7735570
9243053
5981912
5429650
4888592
5492007
8343481
1015083
6995673
2512522
8319734
4244015
7939364
4565868
1903519
5225612
3485484
3573307
2791944
4572116
5396345
7781574
9110373
1165013
3922158
2108781
8868029
7620064
9317004
2881218
9262459
7109801
3672932
6832552
8162249
2484638
3755282
1502308
7310630
7677147
2229521
8475203
8580218
9442156
5184506
8129668
9344119
7259699
8261369
9243215
6659979
5122468
3777609
4839676
5242348
4845110
3591239
8838360
1778474
5975484
7558613
9443365
4958220
4009740
5358889
3892737
8364348
9486663
8415349
6661386
3756429
2557682
7426616
4011904
7450607
6850892
2899446
5680226
8685015
3775120
1502827
4562404
5777077
1822541
9665086
4129672
6777488
7499315
2506844
4913476
8839725
5057695
8697026
3157916
2784113
1722154
1112127
8173857
3955683
9299334
4242633
5202513
8658222
2991490
2849512
3399680
6196149
9227128
1460864
3722911
5321231
2371724
6688851
1220083
4646070
8067807
7477335
7933296
3635843
1496100
6476980
2236455
9299308
3696010
9534952
4190317
4691482
3263642
9416247
6605237
6269748
7540914
6461109
9915425
9647992
2148643
6924742
9399668
8047652
6478119
9555273
9247786
8601200
3175095
7299185
5847699
7972118
5695555
9941980
8250981
7856100
6035370
9772639
2119938
6676777
7404627
1877938
4893945
1591847
1713540
7676832
6986288
8916065
4273555
7304818
7617249
6939597
8260947
9001989
1643316
9045876
6258241
1184553
4272309
5391224
4220087
5206252
2717086
3266637
7458496
7865710
7944623
2601051
8917067
4132030
9746413
7460171
3215332
5382894
9180872
6908064
8215921
5229147
5526192
9240177
3777226
5851400
5380579
4870068
9694180
9896987
8867847
2429213
2440223
1354343
3371630
2746016
8298990
2210692
6205546
7936531
5165926
4297117
5599510
4381200
5542106
5682809
5245607
1642858
9070333
2248028
9522098
3491702
1514360
2338975
3840679
2319883
4013550
9957326
2533165
7665077
7347158
1587080
2287031
4407471
3808912
1690956
6609366
1306464
8336899
7040362
4862233
4735264
2232493
5900552
6287090
6133387
7837900
1711383
6080866
7719461
7900420
2452686
2111551
8075199
7953169
9733245
6415555
6971313
9693503
5792132
9730456
7667705
7250895
2441669
6455250
3460787
4433580
2592232
1843989
2832561
5326878
3886566
4418377
8310557
4362502
5883272
3944042
1608164
7402835
3971537
2427540
7386094
6078971
3586505
8931086
9212637
9709165
6532636
6149173
9515546
9976414
9834491
4349828
6805902
2732681
6825298
6867361
3339087
9763012
5004378
7183739
8739241
6630192
4564591
8472450
9886688
7940609
6462060
7690207
6678188
3598566
2142110
9334830
7379196
9735786
5714191
4990488
5111734
3022131
1784277
7113965
7776990
3238498
6340371
8325816
2661797
7488004
8732726
1355604
1228021
3768719
2950898
6767712
5491546
8901680
1124174
6264542
7885659
6565820
1237069
3973817
2335521
1153717
4063087
2721712
9403927
3141247
