1000
633400
633401
633402
633403
633404
633405
633406
633407
633408
633409
633410
633411
633412
633413
633414
633415
633416
633417
633418
633419
633420
633421
633422
633423
633424
633425
633426
633427
633428
633429
633430
633431
633432
633433
633434
633435
633436
633437
633438
633439
633440
633441
633442
633443
633444
633445
633446
633447
633448
633449
633450
633451
633452
633453
633454
633455
633456
633457
633458
633459
633460
633461
633462
633463
633464
633465
633466
633467
633468
633469
633470
633471
633472
633473
633474
633475
633476
633477
633478
633479
633480
633481
633482
633483
633484
633485
633486
633487
633488
633489
633490
633491
633492
633493
633494
633495
633496
633497
633498
633499
633500
633501
633502
633503
633504
633505
633506
633507
633508
633509
633510
633511
633512
633513
633514
633515
633516
633517
633518
633519
633520
633521
633522
633523
633524
633525
633526
633527
633528
633529
633530
633531
633532
633533
633534
633535
633536
633537
633538
633539
633540
633541
633542
633543
633544
633545
633546
633547
633548
633549
633550
633551
633552
633553
633554
633555
633556
633557
633558
633559
633560
633561
633562
633563
633564
633565
633566
633567
633568
633569
633570
633571
633572
633573
633574
633575
633576
633577
633578
633579
633580
633581
633582
633583
633584
633585
633586
633587
633588
633589
633590
633591
633592
633593
633594
633595
633596
633597
633598
633599
633600
633601
633602
633603
633604
633605
633606
633607
633608
633609
633610
633611
633612
633613
633614
633615
633616
633617
633618
633619
633620
633621
633622
633623
633624
633625
633626
633627
633628
633629
633630
633631
633632
633633
633634
633635
633636
633637
633638
633639
633640
633641
633642
633643
633644
633645
633646
633647
633648
633649
633650
633651
633652
633653
633654
633655
633656
633657
633658
633659
633660
633661
633662
633663
633664
633665
633666
633667
633668
633669
633670
633671
633672
633673
633674
633675
633676
633677
633678
633679
633680
633681
633682
633683
633684
633685
633686
633687
633688
633689
633690
633691
633692
633693
633694
633695
633696
633697
633698
633699
633700
633701
633702
633703
633704
633705
633706
633707
633708
633709
633710
633711
633712
633713
633714
633715
633716
633717
633718
633719
633720
633721
633722
633723
633724
633725
633726
633727
633728
633729
633730
633731
633732
633733
633734
633735
633736
633737
633738
633739
633740
633741
633742
633743
633744
633745
633746
633747
633748
633749
633750
633751
633752
633753
633754
633755
633756
633757
633758
633759
633760
633761
633762
633763
633764
633765
633766
633767
633768
633769
633770
633771
633772
633773
633774
633775
633776
633777
633778
633779
633780
633781
633782
633783
633784
633785
633786
633787
633788
633789
633790
633791
633792
633793
633794
633795
633796
633797
633798
633799
633800
633801
633802
633803
633804
633805
633806
633807
633808
633809
633810
633811
633812
633813
633814
633815
633816
633817
633818
633819
633820
633821
633822
633823
633824
633825
633826
633827
633828
633829
633830
633831
633832
633833
633834
633835
633836
633837
633838
633839
633840
633841
633842
633843
633844
633845
633846
633847
633848
633849
633850
633851
633852
633853
633854
633855
633856
633857
633858
633859
633860
633861
633862
633863
633864
633865
633866
633867
633868
633869
633870
633871
633872
633873
633874
633875
633876
633877
633878
633879
633880
633881
633882
633883
633884
633885
633886
633887
633888
633889
633890
633891
633892
633893
633894
633895
633896
633897
633898
633899
633900
633901
633902
633903
633904
633905
633906
633907
633908
633909
633910
633911
633912
633913
633914
633915
633916
633917
633918
633919
633920
633921
633922
633923
633924
633925
633926
633927
633928
633929
633930
633931
633932
633933
633934
633935
633936
633937
633938
633939
633940
633941
633942
633943
633944
633945
633946
633947
633948
633949
633950
633951
633952
633953
633954
633955
633956
633957
633958
633959
633960
633961
633962
633963
633964
633965
633966
633967
633968
633969
633970
633971
633972
633973
633974
633975
633976
633977
633978
633979
633980
633981
633982
633983
633