10000
9009999
9009998
9009997
9009996
9009995
9009994
9009993
9009992
9009991
9009990
9009989
9009988
9009987
9009986
9009985
9009984
9009983
9009982
9009981
9009980
9009979
9009978
9009977
9009976
9009975
9009974
9009973
9009972
9009971
9009970
9009969
9009968
9009967
9009966
9009965
9009964
9009963
9009962
9009961
9009960
9009959
9009958
9009957
9009956
9009955
9009954
9009953
9009952
9009951
9009950
9009949
9009948
9009947
9009946
9009945
9009944
9009943
9009942
9009941
9009940
9009939
9009938
9009937
9009936
9009935
9009934
9009933
9009932
9009931
9009930
9009929
9009928
9009927
9009926
9009925
9009924
9009923
9009922
9009921
9009920
9009919
9009918
9009917
9009916
9009915
9009914
9009913
9009912
9009911
9009910
9009909
9009908
9009907
9009906
9009905
9009904
9009903
9009902
9009901
9009900
9009899
9009898
9009897
9009896
9009895
9009894
9009893
9009892
9009891
9009890
9009889
9009888
9009887
9009886
9009885
9009884
9009883
9009882
9009881
9009880
9009879
9009878
9009877
9009876
9009875
9009874
9009873
9009872
9009871
9009870
9009869
9009868
9009867
9009866
9009865
9009864
9009863
9009862
9009861
9009860
9009859
9009858
9009857
9009856
9009855
9009854
9009853
9009852
9009851
9009850
9009849
9009848
9009847
9009846
9009845
9009844
9009843
9009842
9009841
9009840
9009839
9009838
9009837
9009836
9009835
9009834
9009833
9009832
9009831
9009830
9009829
9009828
9009827
9009826
9009825
9009824
9009823
9009822
9009821
9009820
9009819
9009818
9009817
9009816
9009815
9009814
9009813
9009812
9009811
9009810
9009809
9009808
9009807
9009806
9009805
9009804
9009803
9009802
9009801
9009800
9009799
9009798
9009797
9009796
9009795
9009794
9009793
9009792
9009791
9009790
9009789
9009788
9009787
9009786
9009785
9009784
9009783
9009782
9009781
9009780
9009779
9009778
9009777
9009776
9009775
9009774
9009773
9009772
9009771
9009770
9009769
9009768
9009767
9009766
9009765
9009764
9009763
9009762
9009761
9009760
9009759
9009758
9009757
9009756
9009755
9009754
9009753
9009752
9009751
9009750
9009749
9009748
9009747
9009746
9009745
9009744
9009743
9009742
9009741
9009740
9009739
9009738
9009737
9009736
9009735
9009734
9009733
9009732
9009731
9009730
9009729
9009728
9009727
9009726
9009725
9009724
9009723
9009722
9009721
9009720
9009719
9009718
9009717
9009716
9009715
9009714
9009713
9009712
9009711
9009710
9009709
9009708
9009707
9009706
9009705
9009704
9009703
9009702
9009701
9009700
9009699
9009698
9009697
9009696
9009695
9009694
9009693
9009692
9009691
9009690
9009689
9009688
9009687
9009686
9009685
9009684
9009683
9009682
9009681
9009680
9009679
9009678
9009677
9009676
9009675
9009674
9009673
9009672
9009671
9009670
9009669
9009668
9009667
9009666
9009665
9009664
9009663
9009662
9009661
9009660
9009659
9009658
9009657
9009656
9009655
9009654
9009653
9009652
9009651
9009650
9009649
9009648
9009647
9009646
9009645
9009644
9009643
9009642
9009641
9009640
9009639
9009638
9009637
9009636
9009635
9009634
9009633
9009632
9009631
9009630
9009629
9009628
9009627
9009626
9009625
9009624
9009623
9009622
9009621
9009620
9009619
9009618
9009617
9009616
9009615
9009614
9009613
9009612
9009611
9009610
9009609
9009608
9009607
9009606
9009605
9009604
9009603
9009602
9009601
9009600
9009599
9009598
9009597
9009596
9009595
9009594
9009593
9009592
9009591
9009590
9009589
9009588
9009587
9009586
9009585
9009584
9009583
9009582
9009581
9009580
9009579
9009578
9009577
9009576
9009575
9009574
9009573
9009572
9009571
9009570
9009569
9009568
9009567
9009566
9009565
9009564
9009563
9009562
9009561
9009560
9009559
9009558
9009557
9009556
9009555
9009554
9009553
9009552
9009551
9009550
9009549
9009548
9009547
9009546
9009545
9009544
9009543
9009542
9009541
9009540
9009539
9009538
9009537
9009536
9009535
9009534
9009533
9009532
9009531
9009530
9009529
9009528
9009527
9009526
9009525
9009524
9009523
9009522
9009521
9009520
9009519
9009518
9009517
9009516
9009515
9009514
9009513
9009512
9009511
9009510
9009509
9009508
9009507
9009506
9009505
9009504
9009503
9009502
9009501
9009500
9009499
9009498
9009497
9009496
9009495
9009494
9009493
9009492
9009491
9009490
9009489
9009488
9009487
9009486
9009485
9009484
9009483
9009482
9009481
9009480
9009479
9009478
9009477
9009476
9009475
9009474
9009473
9009472
9009471
9009470
9009469
9009468
9009467
9009466
9009465
9009464
9009463
9009462
9009461
9009460
9009459
9009458
9009457
9009456
9009455
9009454
9009453
9009452
9009451
9009450
9009449
9009448
9009447
9009446
9009445
9009444
9009443
9009442
9009441
9009440
9009439
9009438
9009437
9009436
9009435
9009434
9009433
9009432
9009431
9009430
9009429
9009428
9009427
9009426
9009425
9009424
9009423
9009422
9009421
9009420
9009419
9009418
9009417
9009416
9009415
9009414
9009413
9009412
9009411
9009410
9009409
9009408
9009407
9009406
9009405
9009404
9009403
9009402
9009401
9009400
9009399
9009398
9009397
9009396
9009395
9009394
9009393
9009392
9009391
9009390
9009389
9009388
9009387
9009386
9009385
9009384
9009383
9009382
9009381
9009380
9009379
9009378
9009377
9009376
9009375
9009374
9009373
9009372
9009371
9009370
9009369
9009368
9009367
9009366
9009365
9009364
9009363
9009362
9009361
9009360
9009359
9009358
9009357
9009356
9009355
9009354
9009353
9009352
9009351
9009350
9009349
9009348
9009347
9009346
9009345
9009344
9009343
9009342
9009341
9009340
9009339
9009338
9009337
9009336
9009335
9009334
9009333
9009332
9009331
9009330
9009329
9009328
9009327
9009326
9009325
9009324
9009323
9009322
9009321
9009320
9009319
9009318
9009317
9009316
9009315
9009314
9009313
9009312
9009311
9009310
9009309
9009308
9009307
9009306
9009305
9009304
9009303
9009302
9009301
9009300
9009299
9009298
9009297
9009296
9009295
9009294
9009293
9009292
9009291
9009290
9009289
9009288
9009287
9009286
9009285
9009284
9009283
9009282
9009281
9009280
9009279
9009278
9009277
9009276
9009275
9009274
9009273
9009272
9009271
9009270
9009269
9009268
9009267
9009266
9009265
9009264
9009263
9009262
9009261
9009260
9009259
9009258
9009257
9009256
9009255
9009254
9009253
9009252
9009251
9009250
9009249
9009248
9009247
9009246
9009245
9009244
9009243
9009242
9009241
9009240
9009239
9009238
9009237
9009236
9009235
9009234
9009233
9009232
9009231
9009230
9009229
9009228
9009227
9009226
9009225
9009224
9009223
9009222
9009221
9009220
9009219
9009218
9009217
9009216
9009215
9009214
9009213
9009212
9009211
9009210
9009209
9009208
9009207
9009206
9009205
9009204
9009203
9009202
9009201
9009200
9009199
9009198
9009197
9009196
9009195
9009194
9009193
9009192
9009191
9009190
9009189
9009188
9009187
9009186
9009185
9009184
9009183
9009182
9009181
9009180
9009179
9009178
9009177
9009176
9009175
9009174
9009173
9009172
9009171
9009170
9009169
9009168
9009167
9009166
9009165
9009164
9009163
9009162
9009161
9009160
9009159
9009158
9009157
9009156
9009155
9009154
9009153
9009152
9009151
9009150
9009149
9009148
9009147
9009146
9009145
9009144
9009143
9009142
9009141
9009140
9009139
9009138
9009137
9009136
9009135
9009134
9009133
9009132
9009131
9009130
9009129
9009128
9009127
9009126
9009125
9009124
9009123
9009122
9009121
9009120
9009119
9009118
9009117
9009116
9009115
9009114
9009113
9009112
9009111
9009110
9009109
9009108
9009107
9009106
9009105
9009104
9009103
9009102
9009101
9009100
9009099
9009098
9009097
9009096
9009095
9009094
9009093
9009092
9009091
9009090
9009089
9009088
9009087
9009086
9009085
9009084
9009083
9009082
9009081
9009080
9009079
9009078
9009077
9009076
9009075
9009074
9009073
9009072
9009071
9009070
9009069
9009068
9009067
9009066
9009065
9009064
9009063
9009062
9009061
9009060
9009059
9009058
9009057
9009056
9009055
9009054
9009053
9009052
9009051
9009050
9009049
9009048
9009047
9009046
9009045
9009044
9009043
9009042
9009041
9009040
9009039
9009038
9009037
9009036
9009035
9009034
9009033
9009032
9009031
9009030
9009029
9009028
9009027
9009026
9009025
9009024
9009023
9009022
9009021
9009020
9009019
9009018
9009017
9009016
9009015
9009014
9009013
9009012
9009011
9009010
9009009
9009008
9009007
9009006
9009005
9009004
9009003
9009002
9009001
9009000
9008999
9008998
9008997
9008996
9008995
9008994
9008993
9008992
9008991
9008990
9008989
9008988
9008987
9008986
9008985
9008984
9008983
9008982
9008981
9008980
9008979
9008978
9008977
9008976
9008975
9008974
9008973
9008972
9008971
9008970
9008969
9008968
9008967
9008966
9008965
9008964
9008963
9008962
9008961
9008960
9008959
9008958
9008957
9008956
9008955
9008954
9008953
9008952
9008951
9008950
9008949
9008948
9008947
9008946
9008945
9008944
9008943
9008942
9008941
9008940
9008939
9008938
9008937
9008936
9008935
9008934
9008933
9008932
9008931
9008930
9008929
9008928
9008927
9008926
9008925
9008924
9008923
9008922
9008921
9008920
9008919
9008918
9008917
9008916
9008915
9008914
9008913
9008912
9008911
9008910
9008909
9008908
9008907
9008906
9008905
9008904
9008903
9008902
9008901
9008900
9008899
9008898
9008897
9008896
9008895
9008894
9008893
9008892
9008891
9008890
9008889
9008888
9008887
9008886
9008885
9008884
9008883
9008882
9008881
9008880
9008879
9008878
9008877
9008876
9008875
9008874
9008873
9008872
9008871
9008870
9008869
9008868
9008867
9008866
9008865
9008864
9008863
9008862
9008861
9008860
9008859
9008858
9008857
9008856
9008855
9008854
9008853
9008852
9008851
9008850
9008849
9008848
9008847
9008846
9008845
9008844
9008843
9008842
9008841
9008840
9008839
9008838
9008837
9008836
9008835
9008834
9008833
9008832
9008831
9008830
9008829
9008828
9008827
9008826
9008825
9008824
9008823
9008822
9008821
9008820
9008819
9008818
9008817
9008816
9008815
9008814
9008813
9008812
9008811
9008810
9008809
9008808
9008807
9008806
9008805
9008804
9008803
9008802
9008801
9008800
9008799
9008798
9008797
9008796
9008795
9008794
9008793
9008792
9008791
9008790
9008789
9008788
9008787
9008786
9008785
9008784
9008783
9008782
9008781
9008780
9008779
9008778
9008777
9008776
9008775
9008774
9008773
9008772
9008771
9008770
9008769
9008768
9008767
9008766
9008765
9008764
9008763
9008762
9008761
9008760
9008759
9008758
9008757
9008756
9008755
9008754
9008753
9008752
9008751
9008750
9008749
9008748
9008747
9008746
9008745
9008744
9008743
9008742
9008741
9008740
9008739
9008738
9008737
9008736
9008735
9008734
9008733
9008732
9008731
9008730
9008729
9008728
9008727
9008726
9008725
9008724
9008723
9008722
9008721
9008720
9008719
9008718
9008717
9008716
9008715
9008714
9008713
9008712
9008711
9008710
9008709
9008708
9008707
9008706
9008705
9008704
9008703
9008702
9008701
9008700
9008699
9008698
9008697
9008696
9008695
9008694
9008693
9008692
9008691
9008690
9008689
9008688
9008687
9008686
9008685
9008684
9008683
9008682
9008681
9008680
9008679
9008678
9008677
9008676
9008675
9008674
9008673
9008672
9008671
9008670
9008669
9008668
9008667
9008666
9008665
9008664
9008663
9008662
9008661
9008660
9008659
9008658
9008657
9008656
9008655
9008654
9008653
9008652
9008651
9008650
9008649
9008648
9008647
9008646
9008645
9008644
9008643
9008642
9008641
9008640
9008639
9008638
9008637
9008636
9008635
9008634
9008633
9008632
9008631
9008630
9008629
9008628
9008627
9008626
9008625
9008624
9008623
9008622
9008621
9008620
9008619
9008618
9008617
9008616
9008615
9008614
9008613
9008612
9008611
9008610
9008609
9008608
9008607
9008606
9008605
9008604
9008603
9008602
9008601
9008600
9008599
9008598
9008597
9008596
9008595
9008594
9008593
9008592
9008591
9008590
9008589
9008588
9008587
9008586
9008585
9008584
9008583
9008582
9008581
9008580
9008579
9008578
9008577
9008576
9008575
9008574
9008573
9008572
9008571
9008570
9008569
9008568
9008567
9008566
9008565
9008564
9008563
9008562
9008561
9008560
9008559
9008558
9008557
9008556
9008555
9008554
9008553
9008552
9008551
9008550
9008549
9008548
9008547
9008546
9008545
9008544
9008543
9008542
9008541
9008540
9008539
9008538
9008537
9008536
9008535
9008534
9008533
9008532
9008531
9008530
9008529
9008528
9008527
9008526
9008525
9008524
9008523
9008522
9008521
9008520
9008519
9008518
9008517
9008516
9008515
9008514
9008513
9008512
9008511
9008510
9008509
9008508
9008507
9008506
9008505
9008504
9008503
9008502
9008501
9008500
9008499
9008498
9008497
9008496
9008495
9008494
9008493
9008492
9008491
9008490
9008489
9008488
9008487
9008486
9008485
9008484
9008483
9008482
9008481
9008480
9008479
9008478
9008477
9008476
9008475
9008474
9008473
9008472
9008471
9008470
9008469
9008468
9008467
9008466
9008465
9008464
9008463
9008462
9008461
9008460
9008459
9008458
9008457
9008456
9008455
9008454
9008453
9008452
9008451
9008450
9008449
9008448
9008447
9008446
9008445
9008444
9008443
9008442
9008441
9008440
9008439
9008438
9008437
9008436
9008435
9008434
9008433
9008432
9008431
9008430
9008429
9008428
9008427
9008426
9008425
9008424
9008423
9008422
9008421
9008420
9008419
9008418
9008417
9008416
9008415
9008414
9008413
9008412
9008411
9008410
9008409
9008408
9008407
9008406
9008405
9008404
9008403
9008402
9008401
9008400
9008399
9008398
9008397
9008396
9008395
9008394
9008393
9008392
9008391
9008390
9008389
9008388
9008387
9008386
9008385
9008384
9008383
9008382
9008381
9008380
9008379
9008378
9008377
9008376
9008375
9008374
9008373
9008372
9008371
9008370
9008369
9008368
9008367
9008366
9008365
9008364
9008363
9008362
9008361
9008360
9008359
9008358
9008357
9008356
9008355
9008354
9008353
9008352
9008351
9008350
9008349
9008348
9008347
9008346
9008345
9008344
9008343
9008342
9008341
9008340
9008339
9008338
9008337
9008336
9008335
9008334
9008333
9008332
9008331
9008330
9008329
9008328
9008327
9008326
9008325
9008324
9008323
9008322
9008321
9008320
9008319
9008318
9008317
9008316
9008315
9008314
9008313
9008312
9008311
9008310
9008309
9008308
9008307
9008306
9008305
9008304
9008303
9008302
9008301
9008300
9008299
9008298
9008297
9008296
9008295
9008294
9008293
9008292
9008291
9008290
9008289
9008288
9008287
9008286
9008285
9008284
9008283
9008282
9008281
9008280
9008279
9008278
9008277
9008276
9008275
9008274
9008273
9008272
9008271
9008270
9008269
9008268
9008267
9008266
9008265
9008264
9008263
9008262
9008261
9008260
9008259
9008258
9008257
9008256
9008255
9008254
9008253
9008252
9008251
9008250
9008249
9008248
9008247
9008246
9008245
9008244
9008243
9008242
9008241
9008240
9008239
9008238
9008237
9008236
9008235
9008234
9008233
9008232
9008231
9008230
9008229
9008228
9008227
9008226
9008225
9008224
9008223
9008222
9008221
9008220
9008219
9008218
9008217
9008216
9008215
9008214
9008213
9008212
9008211
9008210
9008209
9008208
9008207
9008206
9008205
9008204
9008203
9008202
9008201
9008200
9008199
9008198
9008197
9008196
9008195
9008194
9008193
9008192
9008191
9008190
9008189
9008188
9008187
9008186
9008185
9008184
9008183
9008182
9008181
9008180
9008179
9008178
9008177
9008176
9008175
9008174
9008173
9008172
9008171
9008170
9008169
9008168
9008167
9008166
9008165
9008164
9008163
9008162
9008161
9008160
9008159
9008158
9008157
9008156
9008155
9008154
9008153
9008152
9008151
9008150
9008149
9008148
9008147
9008146
9008145
9008144
9008143
9008142
9008141
9008140
9008139
9008138
9008137
9008136
9008135
9008134
9008133
9008132
9008131
9008130
9008129
9008128
9008127
9008126
9008125
9008124
9008123
9008122
9008121
9008120
9008119
9008118
9008117
9008116
9008115
9008114
9008113
9008112
9008111
9008110
9008109
9008108
9008107
9008106
9008105
9008104
9008103
9008102
9008101
9008100
9008099
9008098
9008097
9008096
9008095
9008094
9008093
9008092
9008091
9008090
9008089
9008088
9008087
9008086
9008085
9008084
9008083
9008082
9008081
9008080
9008079
9008078
9008077
9008076
9008075
9008074
9008073
9008072
9008071
9008070
9008069
9008068
9008067
9008066
9008065
9008064
9008063
9008062
9008061
9008060
9008059
9008058
9008057
9008056
9008055
9008054
9008053
9008052
9008051
9008050
9008049
9008048
9008047
9008046
9008045
9008044
9008043
9008042
9008041
9008040
9008039
9008038
9008037
9008036
9008035
9008034
9008033
9008032
9008031
9008030
9008029
9008028
9008027
9008026
9008025
9008024
9008023
9008022
9008021
9008020
9008019
9008018
9008017
9008016
9008015
9008014
9008013
9008012
9008011
9008010
9008009
9008008
9008007
9008006
9008005
9008004
9008003
9008002
9008001
9008000
9007999
9007998
9007997
9007996
9007995
9007994
9007993
9007992
9007991
9007990
9007989
9007988
9007987
9007986
9007985
9007984
9007983
9007982
9007981
9007980
9007979
9007978
9007977
9007976
9007975
9007974
9007973
9007972
9007971
9007970
9007969
9007968
9007967
9007966
9007965
9007964
9007963
9007962
9007961
9007960
9007959
9007958
9007957
9007956
9007955
9007954
9007953
9007952
9007951
9007950
9007949
9007948
9007947
9007946
9007945
9007944
9007943
9007942
9007941
9007940
9007939
9007938
9007937
9007936
9007935
9007934
9007933
9007932
9007931
9007930
9007929
9007928
9007927
9007926
9007925
9007924
9007923
9007922
9007921
9007920
9007919
9007918
9007917
9007916
9007915
9007914
9007913
9007912
9007911
9007910
9007909
9007908
9007907
9007906
9007905
9007904
9007903
9007902
9007901
9007900
9007899
9007898
9007897
9007896
9007895
9007894
9007893
9007892
9007891
9007890
9007889
9007888
9007887
9007886
9007885
9007884
9007883
9007882
9007881
9007880
9007879
9007878
9007877
9007876
9007875
9007874
9007873
9007872
9007871
9007870
9007869
9007868
9007867
9007866
9007865
9007864
9007863
9007862
9007861
9007860
9007859
9007858
9007857
9007856
9007855
9007854
9007853
9007852
9007851
9007850
9007849
9007848
9007847
9007846
9007845
9007844
9007843
9007842
9007841
9007840
9007839
9007838
9007837
9007836
9007835
9007834
9007833
9007832
9007831
9007830
9007829
9007828
9007827
9007826
9007825
9007824
9007823
9007822
9007821
9007820
9007819
9007818
9007817
9007816
9007815
9007814
9007813
9007812
9007811
9007810
9007809
9007808
9007807
9007806
9007805
9007804
9007803
9007802
9007801
9007800
9007799
9007798
9007797
9007796
9007795
9007794
9007793
9007792
9007791
9007790
9007789
9007788
9007787
9007786
9007785
9007784
9007783
9007782
9007781
9007780
9007779
9007778
9007777
9007776
9007775
9007774
9007773
9007772
9007771
9007770
9007769
9007768
9007767
9007766
9007765
9007764
9007763
9007762
9007761
9007760
9007759
9007758
9007757
9007756
9007755
9007754
9007753
9007752
9007751
9007750
9007749
9007748
9007747
9007746
9007745
9007744
9007743
9007742
9007741
9007740
9007739
9007738
9007737
9007736
9007735
9007734
9007733
9007732
9007731
9007730
9007729
9007728
9007727
9007726
9007725
9007724
9007723
9007722
9007721
9007720
9007719
9007718
9007717
9007716
9007715
9007714
9007713
9007712
9007711
9007710
9007709
9007708
9007707
9007706
9007705
9007704
9007703
9007702
9007701
9007700
9007699
9007698
9007697
9007696
9007695
9007694
9007693
9007692
9007691
9007690
9007689
9007688
9007687
9007686
9007685
9007684
9007683
9007682
9007681
9007680
9007679
9007678
9007677
9007676
9007675
9007674
9007673
9007672
9007671
9007670
9007669
9007668
9007667
9007666
9007665
9007664
9007663
9007662
9007661
9007660
9007659
9007658
9007657
9007656
9007655
9007654
9007653
9007652
9007651
9007650
9007649
9007648
9007647
9007646
9007645
9007644
9007643
9007642
9007641
9007640
9007639
9007638
9007637
9007636
9007635
9007634
9007633
9007632
9007631
9007630
9007629
9007628
9007627
9007626
9007625
9007624
9007623
9007622
9007621
9007620
9007619
9007618
9007617
9007616
9007615
9007614
9007613
9007612
9007611
9007610
9007609
9007608
9007607
9007606
9007605
9007604
9007603
9007602
9007601
9007600
9007599
9007598
9007597
9007596
9007595
9007594
9007593
9007592
9007591
9007590
9007589
9007588
9007587
9007586
9007585
9007584
9007583
9007582
9007581
9007580
9007579
9007578
9007577
9007576
9007575
9007574
9007573
9007572
9007571
9007570
9007569
9007568
9007567
9007566
9007565
9007564
9007563
9007562
9007561
9007560
9007559
9007558
9007557
9007556
9007555
9007554
9007553
9007552
9007551
9007550
9007549
9007548
9007547
9007546
9007545
9007544
9007543
9007542
9007541
9007540
9007539
9007538
9007537
9007536
9007535
9007534
9007533
9007532
9007531
9007530
9007529
9007528
9007527
9007526
9007525
9007524
9007523
9007522
9007521
9007520
9007519
9007518
9007517
9007516
9007515
9007514
9007513
9007512
9007511
9007510
9007509
9007508
9007507
9007506
9007505
9007504
9007503
9007502
9007501
9007500
9007499
9007498
9007497
9007496
9007495
9007494
9007493
9007492
9007491
9007490
9007489
9007488
9007487
9007486
9007485
9007484
9007483
9007482
9007481
9007480
9007479
9007478
9007477
9007476
9007475
9007474
9007473
9007472
9007471
9007470
9007469
9007468
9007467
9007466
9007465
9007464
9007463
9007462
9007461
9007460
9007459
9007458
9007457
9007456
9007455
9007454
9007453
9007452
9007451
9007450
9007449
9007448
9007447
9007446
9007445
9007444
9007443
9007442
9007441
9007440
9007439
9007438
9007437
9007436
9007435
9007434
9007433
9007432
9007431
9007430
9007429
9007428
9007427
9007426
9007425
9007424
9007423
9007422
9007421
9007420
9007419
9007418
9007417
9007416
9007415
9007414
9007413
9007412
9007411
9007410
9007409
9007408
9007407
9007406
9007405
9007404
9007403
9007402
9007401
9007400
9007399
9007398
9007397
9007396
9007395
9007394
9007393
9007392
9007391
9007390
9007389
9007388
9007387
9007386
9007385
9007384
9007383
9007382
9007381
9007380
9007379
9007378
9007377
9007376
9007375
9007374
9007373
9007372
9007371
9007370
9007369
9007368
9007367
9007366
9007365
9007364
9007363
9007362
9007361
9007360
9007359
9007358
9007357
9007356
9007355
9007354
9007353
9007352
9007351
9007350
9007349
9007348
9007347
9007346
9007345
9007344
9007343
9007342
9007341
9007340
9007339
9007338
9007337
9007336
9007335
9007334
9007333
9007332
9007331
9007330
9007329
9007328
9007327
9007326
9007325
9007324
9007323
9007322
9007321
9007320
9007319
9007318
9007317
9007316
9007315
9007314
9007313
9007312
9007311
9007310
9007309
9007308
9007307
9007306
9007305
9007304
9007303
9007302
9007301
9007300
9007299
9007298
9007297
9007296
9007295
9007294
9007293
9007292
9007291
9007290
9007289
9007288
9007287
9007286
9007285
9007284
9007283
9007282
9007281
9007280
9007279
9007278
9007277
9007276
9007275
9007274
9007273
9007272
9007271
9007270
9007269
9007268
9007267
9007266
9007265
9007264
9007263
9007262
9007261
9007260
9007259
9007258
9007257
9007256
9007255
9007254
9007253
9007252
9007251
9007250
9007249
9007248
9007247
9007246
9007245
9007244
9007243
9007242
9007241
9007240
9007239
9007238
9007237
9007236
9007235
9007234
9007233
9007232
9007231
9007230
9007229
9007228
9007227
9007226
9007225
9007224
9007223
9007222
9007221
9007220
9007219
9007218
9007217
9007216
9007215
9007214
9007213
9007212
9007211
9007210
9007209
9007208
9007207
9007206
9007205
9007204
9007203
9007202
9007201
9007200
9007199
9007198
9007197
9007196
9007195
9007194
9007193
9007192
9007191
9007190
9007189
9007188
9007187
9007186
9007185
9007184
9007183
9007182
9007181
9007180
9007179
9007178
9007177
9007176
9007175
9007174
9007173
9007172
9007171
9007170
9007169
9007168
9007167
9007166
9007165
9007164
9007163
9007162
9007161
9007160
9007159
9007158
9007157
9007156
9007155
9007154
9007153
9007152
9007151
9007150
9007149
9007148
9007147
9007146
9007145
9007144
9007143
9007142
9007141
9007140
9007139
9007138
9007137
9007136
9007135
9007134
9007133
9007132
9007131
9007130
9007129
9007128
9007127
9007126
9007125
9007124
9007123
9007122
9007121
9007120
9007119
9007118
9007117
9007116
9007115
9007114
9007113
9007112
9007111
9007110
9007109
9007108
9007107
9007106
9007105
9007104
9007103
9007102
9007101
9007100
9007099
9007098
9007097
9007096
9007095
9007094
9007093
9007092
9007091
9007090
9007089
9007088
9007087
9007086
9007085
9007084
9007083
9007082
9007081
9007080
9007079
9007078
9007077
9007076
9007075
9007074
9007073
9007072
9007071
9007070
9007069
9007068
9007067
9007066
9007065
9007064
9007063
9007062
9007061
9007060
9007059
9007058
9007057
9007056
9007055
9007054
9007053
9007052
9007051
9007050
9007049
9007048
9007047
9007046
9007045
9007044
9007043
9007042
9007041
9007040
9007039
9007038
9007037
9007036
9007035
9007034
9007033
9007032
9007031
9007030
9007029
9007028
9007027
9007026
9007025
9007024
9007023
9007022
9007021
9007020
9007019
9007018
9007017
9007016
9007015
9007014
9007013
9007012
9007011
9007010
9007009
9007008
9007007
9007006
9007005
9007004
9007003
9007002
9007001
9007000
9006999
9006998
9006997
9006996
9006995
9006994
9006993
9006992
9006991
9006990
9006989
9006988
9006987
9006986
9006985
9006984
9006983
9006982
9006981
9006980
9006979
9006978
9006977
9006976
9006975
9006974
9006973
9006972
9006971
9006970
9006969
9006968
9006967
9006966
9006965
9006964
9006963
9006962
9006961
9006960
9006959
9006958
9006957
9006956
9006955
9006954
9006953
9006952
9006951
9006950
9006949
9006948
9006947
9006946
9006945
9006944
9006943
9006942
9006941
9006940
9006939
9006938
9006937
9006936
9006935
9006934
9006933
9006932
9006931
9006930
9006929
9006928
9006927
9006926
9006925
9006924
9006923
9006922
9006921
9006920
9006919
9006918
9006917
9006916
9006915
9006914
9006913
9006912
9006911
9006910
9006909
9006908
9006907
9006906
9006905
9006904
9006903
9006902
9006901
9006900
9006899
9006898
9006897
9006896
9006895
9006894
9006893
9006892
9006891
9006890
9006889
9006888
9006887
9006886
9006885
9006884
9006883
9006882
9006881
9006880
9006879
9006878
9006877
9006876
9006875
9006874
9006873
9006872
9006871
9006870
9006869
9006868
9006867
9006866
9006865
9006864
9006863
9006862
9006861
9006860
9006859
9006858
9006857
9006856
9006855
9006854
9006853
9006852
9006851
9006850
9006849
9006848
9006847
9006846
9006845
9006844
9006843
9006842
9006841
9006840
9006839
9006838
9006837
9006836
9006835
9006834
9006833
9006832
9006831
9006830
9006829
9006828
9006827
9006826
9006825
9006824
9006823
9006822
9006821
9006820
9006819
9006818
9006817
9006816
9006815
9006814
9006813
9006812
9006811
9006810
9006809
9006808
9006807
9006806
9006805
9006804
9006803
9006802
9006801
9006800
9006799
9006798
9006797
9006796
9006795
9006794
9006793
9006792
9006791
9006790
9006789
9006788
9006787
9006786
9006785
9006784
9006783
9006782
9006781
9006780
9006779
9006778
9006777
9006776
9006775
9006774
9006773
9006772
9006771
9006770
9006769
9006768
9006767
9006766
9006765
9006764
9006763
9006762
9006761
9006760
9006759
9006758
9006757
9006756
9006755
9006754
9006753
9006752
9006751
9006750
9006749
9006748
9006747
9006746
9006745
9006744
9006743
9006742
9006741
9006740
9006739
9006738
9006737
9006736
9006735
9006734
9006733
9006732
9006731
9006730
9006729
9006728
9006727
9006726
9006725
9006724
9006723
9006722
9006721
9006720
9006719
9006718
9006717
9006716
9006715
9006714
9006713
9006712
9006711
9006710
9006709
9006708
9006707
9006706
9006705
9006704
9006703
9006702
9006701
9006700
9006699
9006698
9006697
9006696
9006695
9006694
9006693
9006692
9006691
9006690
9006689
9006688
9006687
9006686
9006685
9006684
9006683
9006682
9006681
9006680
9006679
9006678
9006677
9006676
9006675
9006674
9006673
9006672
9006671
9006670
9006669
9006668
9006667
9006666
9006665
9006664
9006663
9006662
9006661
9006660
9006659
9006658
9006657
9006656
9006655
9006654
9006653
9006652
9006651
9006650
9006649
9006648
9006647
9006646
9006645
9006644
9006643
9006642
9006641
9006640
9006639
9006638
9006637
9006636
9006635
9006634
9006633
9006632
9006631
9006630
9006629
9006628
9006627
9006626
9006625
9006624
9006623
9006622
9006621
9006620
9006619
9006618
9006617
9006616
9006615
9006614
9006613
9006612
9006611
9006610
9006609
9006608
9006607
9006606
9006605
9006604
9006603
9006602
9006601
9006600
9006599
9006598
9006597
9006596
9006595
9006594
9006593
9006592
9006591
9006590
9006589
9006588
9006587
9006586
9006585
9006584
9006583
9006582
9006581
9006580
9006579
9006578
9006577
9006576
9006575
9006574
9006573
9006572
9006571
9006570
9006569
9006568
9006567
9006566
9006565
9006564
9006563
9006562
9006561
9006560
9006559
9006558
9006557
9006556
9006555
9006554
9006553
9006552
9006551
9006550
9006549
9006548
9006547
9006546
9006545
9006544
9006543
9006542
9006541
9006540
9006539
9006538
9006537
9006536
9006535
9006534
9006533
9006532
9006531
9006530
9006529
9006528
9006527
9006526
9006525
9006524
9006523
9006522
9006521
9006520
9006519
9006518
9006517
9006516
9006515
9006514
9006513
9006512
9006511
9006510
9006509
9006508
9006507
9006506
9006505
9006504
9006503
9006502
9006501
9006500
9006499
9006498
9006497
9006496
9006495
9006494
9006493
9006492
9006491
9006490
9006489
9006488
9006487
9006486
9006485
9006484
9006483
9006482
9006481
9006480
9006479
9006478
9006477
9006476
9006475
9006474
9006473
9006472
9006471
9006470
9006469
9006468
9006467
9006466
9006465
9006464
9006463
9006462
9006461
9006460
9006459
9006458
9006457
9006456
9006455
9006454
9006453
9006452
9006451
9006450
9006449
9006448
9006447
9006446
9006445
9006444
9006443
9006442
9006441
9006440
9006439
9006438
9006437
9006436
9006435
9006434
9006433
9006432
9006431
9006430
9006429
9006428
9006427
9006426
9006425
9006424
9006423
9006422
9006421
9006420
9006419
9006418
9006417
9006416
9006415
9006414
9006413
9006412
9006411
9006410
9006409
9006408
9006407
9006406
9006405
9006404
9006403
9006402
9006401
9006400
9006399
9006398
9006397
9006396
9006395
9006394
9006393
9006392
9006391
9006390
9006389
9006388
9006387
9006386
9006385
9006384
9006383
9006382
9006381
9006380
9006379
9006378
9006377
9006376
9006375
9006374
9006373
9006372
9006371
9006370
9006369
9006368
9006367
9006366
9006365
9006364
9006363
9006362
9006361
9006360
9006359
9006358
9006357
9006356
9006355
9006354
9006353
9006352
9006351
9006350
9006349
9006348
9006347
9006346
9006345
9006344
9006343
9006342
9006341
9006340
9006339
9006338
9006337
9006336
9006335
9006334
9006333
9006332
9006331
9006330
9006329
9006328
9006327
9006326
9006325
9006324
9006323
9006322
9006321
9006320
9006319
9006318
9006317
9006316
9006315
9006314
9006313
9006312
9006311
9006310
9006309
9006308
9006307
9006306
9006305
9006304
9006303
9006302
9006301
9006300
9006299
9006298
9006297
9006296
9006295
9006294
9006293
9006292
9006291
9006290
9006289
9006288
9006287
9006286
9006285
9006284
9006283
9006282
9006281
9006280
9006279
9006278
9006277
9006276
9006275
9006274
9006273
9006272
9006271
9006270
9006269
9006268
9006267
9006266
9006265
9006264
9006263
9006262
9006261
9006260
9006259
9006258
9006257
9006256
9006255
9006254
9006253
9006252
9006251
9006250
9006249
9006248
9006247
9006246
9006245
9006244
9006243
9006242
9006241
9006240
9006239
9006238
9006237
9006236
9006235
9006234
9006233
9006232
9006231
9006230
9006229
9006228
9006227
9006226
9006225
9006224
9006223
9006222
9006221
9006220
9006219
9006218
9006217
9006216
9006215
9006214
9006213
9006212
9006211
9006210
9006209
9006208
9006207
9006206
9006205
9006204
9006203
9006202
9006201
9006200
9006199
9006198
9006197
9006196
9006195
9006194
9006193
9006192
9006191
9006190
9006189
9006188
9006187
9006186
9006185
9006184
9006183
9006182
9006181
9006180
9006179
9006178
9006177
9006176
9006175
9006174
9006173
9006172
9006171
9006170
9006169
9006168
9006167
9006166
9006165
9006164
9006163
9006162
9006161
9006160
9006159
9006158
9006157
9006156
9006155
9006154
9006153
9006152
9006151
9006150
9006149
9006148
9006147
9006146
9006145
9006144
9006143
9006142
9006141
9006140
9006139
9006138
9006137
9006136
9006135
9006134
9006133
9006132
9006131
9006130
9006129
9006128
9006127
9006126
9006125
9006124
9006123
9006122
9006121
9006120
9006119
9006118
9006117
9006116
9006115
9006114
9006113
9006112
9006111
9006110
9006109
9006108
9006107
9006106
9006105
9006104
9006103
9006102
9006101
9006100
9006099
9006098
9006097
9006096
9006095
9006094
9006093
9006092
9006091
9006090
9006089
9006088
9006087
9006086
9006085
9006084
9006083
9006082
9006081
9006080
9006079
9006078
9006077
9006076
9006075
9006074
9006073
9006072
9006071
9006070
9006069
9006068
9006067
9006066
9006065
9006064
9006063
9006062
9006061
9006060
9006059
9006058
9006057
9006056
9006055
9006054
9006053
9006052
9006051
9006050
9006049
9006048
9006047
9006046
9006045
9006044
9006043
9006042
9006041
9006040
9006039
9006038
9006037
9006036
9006035
9006034
9006033
9006032
9006031
9006030
9006029
9006028
9006027
9006026
9006025
9006024
9006023
9006022
9006021
9006020
9006019
9006018
9006017
9006016
9006015
9006014
9006013
9006012
9006011
9006010
9006009
9006008
9006007
9006006
9006005
9006004
9006003
9006002
9006001
9006000
9005999
9005998
9005997
9005996
9005995
9005994
9005993
9005992
9005991
9005990
9005989
9005988
9005987
9005986
9005985
9005984
9005983
9005982
9005981
9005980
9005979
9005978
9005977
9005976
9005975
9005974
9005973
9005972
9005971
9005970
9005969
9005968
9005967
9005966
9005965
9005964
9005963
9005962
9005961
9005960
9005959
9005958
9005957
9005956
9005955
9005954
9005953
9005952
9005951
9005950
9005949
9005948
9005947
9005946
9005945
9005944
9005943
9005942
9005941
9005940
9005939
9005938
9005937
9005936
9005935
9005934
9005933
9005932
9005931
9005930
9005929
9005928
9005927
9005926
9005925
9005924
9005923
9005922
9005921
9005920
9005919
9005918
9005917
9005916
9005915
9005914
9005913
9005912
9005911
9005910
9005909
9005908
9005907
9005906
9005905
9005904
9005903
9005902
9005901
9005900
9005899
9005898
9005897
9005896
9005895
9005894
9005893
9005892
9005891
9005890
9005889
9005888
9005887
9005886
9005885
9005884
9005883
9005882
9005881
9005880
9005879
9005878
9005877
9005876
9005875
9005874
9005873
9005872
9005871
9005870
9005869
9005868
9005867
9005866
9005865
9005864
9005863
9005862
9005861
9005860
9005859
9005858
9005857
9005856
9005855
9005854
9005853
9005852
9005851
9005850
9005849
9005848
9005847
9005846
9005845
9005844
9005843
9005842
9005841
9005840
9005839
9005838
9005837
9005836
9005835
9005834
9005833
9005832
9005831
9005830
9005829
9005828
9005827
9005826
9005825
9005824
9005823
9005822
9005821
9005820
9005819
9005818
9005817
9005816
9005815
9005814
9005813
9005812
9005811
9005810
9005809
9005808
9005807
9005806
9005805
9005804
9005803
9005802
9005801
9005800
9005799
9005798
9005797
9005796
9005795
9005794
9005793
9005792
9005791
9005790
9005789
9005788
9005787
9005786
9005785
9005784
9005783
9005782
9005781
9005780
9005779
9005778
9005777
9005776
9005775
9005774
9005773
9005772
9005771
9005770
9005769
9005768
9005767
9005766
9005765
9005764
9005763
9005762
9005761
9005760
9005759
9005758
9005757
9005756
9005755
9005754
9005753
9005752
9005751
9005750
9005749
9005748
9005747
9005746
9005745
9005744
9005743
9005742
9005741
9005740
9005739
9005738
9005737
9005736
9005735
9005734
9005733
9005732
9005731
9005730
9005729
9005728
9005727
9005726
9005725
9005724
9005723
9005722
9005721
9005720
9005719
9005718
9005717
9005716
9005715
9005714
9005713
9005712
9005711
9005710
9005709
9005708
9005707
9005706
9005705
9005704
9005703
9005702
9005701
9005700
9005699
9005698
9005697
9005696
9005695
9005694
9005693
9005692
9005691
9005690
9005689
9005688
9005687
9005686
9005685
9005684
9005683
9005682
9005681
9005680
9005679
9005678
9005677
9005676
9005675
9005674
9005673
9005672
9005671
9005670
9005669
9005668
9005667
9005666
9005665
9005664
9005663
9005662
9005661
9005660
9005659
9005658
9005657
9005656
9005655
9005654
9005653
9005652
9005651
9005650
9005649
9005648
9005647
9005646
9005645
9005644
9005643
9005642
9005641
9005640
9005639
9005638
9005637
9005636
9005635
9005634
9005633
9005632
9005631
9005630
9005629
9005628
9005627
9005626
9005625
9005624
9005623
9005622
9005621
9005620
9005619
9005618
9005617
9005616
9005615
9005614
9005613
9005612
9005611
9005610
9005609
9005608
9005607
9005606
9005605
9005604
9005603
9005602
9005601
9005600
9005599
9005598
9005597
9005596
9005595
9005594
9005593
9005592
9005591
9005590
9005589
9005588
9005587
9005586
9005585
9005584
9005583
9005582
9005581
9005580
9005579
9005578
9005577
9005576
9005575
9005574
9005573
9005572
9005571
9005570
9005569
9005568
9005567
9005566
9005565
9005564
9005563
9005562
9005561
9005560
9005559
9005558
9005557
9005556
9005555
9005554
9005553
9005552
9005551
9005550
9005549
9005548
9005547
9005546
9005545
9005544
9005543
9005542
9005541
9005540
9005539
9005538
9005537
9005536
9005535
9005534
9005533
9005532
9005531
9005530
9005529
9005528
9005527
9005526
9005525
9005524
9005523
9005522
9005521
9005520
9005519
9005518
9005517
9005516
9005515
9005514
9005513
9005512
9005511
9005510
9005509
9005508
9005507
9005506
9005505
9005504
9005503
9005502
9005501
9005500
9005499
9005498
9005497
9005496
9005495
9005494
9005493
9005492
9005491
9005490
9005489
9005488
9005487
9005486
9005485
9005484
9005483
9005482
9005481
9005480
9005479
9005478
9005477
9005476
9005475
9005474
9005473
9005472
9005471
9005470
9005469
9005468
9005467
9005466
9005465
9005464
9005463
9005462
9005461
9005460
9005459
9005458
9005457
9005456
9005455
9005454
9005453
9005452
9005451
9005450
9005449
9005448
9005447
9005446
9005445
9005444
9005443
9005442
9005441
9005440
9005439
9005438
9005437
9005436
9005435
9005434
9005433
9005432
9005431
9005430
9005429
9005428
9005427
9005426
9005425
9005424
9005423
9005422
9005421
9005420
9005419
9005418
9005417
9005416
9005415
9005414
9005413
9005412
9005411
9005410
9005409
9005408
9005407
9005406
9005405
9005404
9005403
9005402
9005401
9005400
9005399
9005398
9005397
9005396
9005395
9005394
9005393
9005392
9005391
9005390
9005389
9005388
9005387
9005386
9005385
9005384
9005383
9005382
9005381
9005380
9005379
9005378
9005377
9005376
9005375
9005374
9005373
9005372
9005371
9005370
9005369
9005368
9005367
9005366
9005365
9005364
9005363
9005362
9005361
9005360
9005359
9005358
9005357
9005356
9005355
9005354
9005353
9005352
9005351
9005350
9005349
9005348
9005347
9005346
9005345
9005344
9005343
9005342
9005341
9005340
9005339
9005338
9005337
9005336
9005335
9005334
9005333
9005332
9005331
9005330
9005329
9005328
9005327
9005326
9005325
9005324
9005323
9005322
9005321
9005320
9005319
9005318
9005317
9005316
9005315
9005314
9005313
9005312
9005311
9005310
9005309
9005308
9005307
9005306
9005305
9005304
9005303
9005302
9005301
9005300
9005299
9005298
9005297
9005296
9005295
9005294
9005293
9005292
9005291
9005290
9005289
9005288
9005287
9005286
9005285
9005284
9005283
9005282
9005281
9005280
9005279
9005278
9005277
9005276
9005275
9005274
9005273
9005272
9005271
9005270
9005269
9005268
9005267
9005266
9005265
9005264
9005263
9005262
9005261
9005260
9005259
9005258
9005257
9005256
9005255
9005254
9005253
9005252
9005251
9005250
9005249
9005248
9005247
9005246
9005245
9005244
9005243
9005242
9005241
9005240
9005239
9005238
9005237
9005236
9005235
9005234
9005233
9005232
9005231
9005230
9005229
9005228
9005227
9005226
9005225
9005224
9005223
9005222
9005221
9005220
9005219
9005218
9005217
9005216
9005215
9005214
9005213
9005212
9005211
9005210
9005209
9005208
9005207
9005206
9005205
9005204
9005203
9005202
9005201
9005200
9005199
9005198
9005197
9005196
9005195
9005194
9005193
9005192
9005191
9005190
9005189
9005188
9005187
9005186
9005185
9005184
9005183
9005182
9005181
9005180
9005179
9005178
9005177
9005176
9005175
9005174
9005173
9005172
9005171
9005170
9005169
9005168
9005167
9005166
9005165
9005164
9005163
9005162
9005161
9005160
9005159
9005158
9005157
9005156
9005155
9005154
9005153
9005152
9005151
9005150
9005149
9005148
9005147
9005146
9005145
9005144
9005143
9005142
9005141
9005140
9005139
9005138
9005137
9005136
9005135
9005134
9005133
9005132
9005131
9005130
9005129
9005128
9005127
9005126
9005125
9005124
9005123
9005122
9005121
9005120
9005119
9005118
9005117
9005116
9005115
9005114
9005113
9005112
9005111
9005110
9005109
9005108
9005107
9005106
9005105
9005104
9005103
9005102
9005101
9005100
9005099
9005098
9005097
9005096
9005095
9005094
9005093
9005092
9005091
9005090
9005089
9005088
9005087
9005086
9005085
9005084
9005083
9005082
9005081
9005080
9005079
9005078
9005077
9005076
9005075
9005074
9005073
9005072
9005071
9005070
9005069
9005068
9005067
9005066
9005065
9005064
9005063
9005062
9005061
9005060
9005059
9005058
9005057
9005056
9005055
9005054
9005053
9005052
9005051
9005050
9005049
9005048
9005047
9005046
9005045
9005044
9005043
9005042
9005041
9005040
9005039
9005038
9005037
9005036
9005035
9005034
9005033
9005032
9005031
9005030
9005029
9005028
9005027
9005026
9005025
9005024
9005023
9005022
9005021
9005020
9005019
9005018
9005017
9005016
9005015
9005014
9005013
9005012
9005011
9005010
9005009
9005008
9005007
9005006
9005005
9005004
9005003
9005002
9005001
9005000
9004999
9004998
9004997
9004996
9004995
9004994
9004993
9004992
9004991
9004990
9004989
9004988
9004987
9004986
9004985
9004984
9004983
9004982
9004981
9004980
9004979
9004978
9004977
9004976
9004975
9004974
9004973
9004972
9004971
9004970
9004969
9004968
9004967
9004966
9004965
9004964
9004963
9004962
9004961
9004960
9004959
9004958
9004957
9004956
9004955
9004954
9004953
9004952
9004951
9004950
9004949
9004948
9004947
9004946
9004945
9004944
9004943
9004942
9004941
9004940
9004939
9004938
9004937
9004936
9004935
9004934
9004933
9004932
9004931
9004930
9004929
9004928
9004927
9004926
9004925
9004924
9004923
9004922
9004921
9004920
9004919
9004918
9004917
9004916
9004915
9004914
9004913
9004912
9004911
9004910
9004909
9004908
9004907
9004906
9004905
9004904
9004903
9004902
9004901
9004900
9004899
9004898
9004897
9004896
9004895
9004894
9004893
9004892
9004891
9004890
9004889
9004888
9004887
9004886
9004885
9004884
9004883
9004882
9004881
9004880
9004879
9004878
9004877
9004876
9004875
9004874
9004873
9004872
9004871
9004870
9004869
9004868
9004867
9004866
9004865
9004864
9004863
9004862
9004861
9004860
9004859
9004858
9004857
9004856
9004855
9004854
9004853
9004852
9004851
9004850
9004849
9004848
9004847
9004846
9004845
9004844
9004843
9004842
9004841
9004840
9004839
9004838
9004837
9004836
9004835
9004834
9004833
9004832
9004831
9004830
9004829
9004828
9004827
9004826
9004825
9004824
9004823
9004822
9004821
9004820
9004819
9004818
9004817
9004816
9004815
9004814
9004813
9004812
9004811
9004810
9004809
9004808
9004807
9004806
9004805
9004804
9004803
9004802
9004801
9004800
9004799
9004798
9004797
9004796
9004795
9004794
9004793
9004792
9004791
9004790
9004789
9004788
9004787
9004786
9004785
9004784
9004783
9004782
9004781
9004780
9004779
9004778
9004777
9004776
9004775
9004774
9004773
9004772
9004771
9004770
9004769
9004768
9004767
9004766
9004765
9004764
9004763
9004762
9004761
9004760
9004759
9004758
9004757
9004756
9004755
9004754
9004753
9004752
9004751
9004750
9004749
9004748
9004747
9004746
9004745
9004744
9004743
9004742
9004741
9004740
9004739
9004738
9004737
9004736
9004735
9004734
9004733
9004732
9004731
9004730
9004729
9004728
9004727
9004726
9004725
9004724
9004723
9004722
9004721
9004720
9004719
9004718
9004717
9004716
9004715
9004714
9004713
9004712
9004711
9004710
9004709
9004708
9004707
9004706
9004705
9004704
9004703
9004702
9004701
9004700
9004699
9004698
9004697
9004696
9004695
9004694
9004693
9004692
9004691
9004690
9004689
9004688
9004687
9004686
9004685
9004684
9004683
9004682
9004681
9004680
9004679
9004678
9004677
9004676
9004675
9004674
9004673
9004672
9004671
9004670
9004669
9004668
9004667
9004666
9004665
9004664
9004663
9004662
9004661
9004660
9004659
9004658
9004657
9004656
9004655
9004654
9004653
9004652
9004651
9004650
9004649
9004648
9004647
9004646
9004645
9004644
9004643
9004642
9004641
9004640
9004639
9004638
9004637
9004636
9004635
9004634
9004633
9004632
9004631
9004630
9004629
9004628
9004627
9004626
9004625
9004624
9004623
9004622
9004621
9004620
9004619
9004618
9004617
9004616
9004615
9004614
9004613
9004612
9004611
9004610
9004609
9004608
9004607
9004606
9004605
9004604
9004603
9004602
9004601
9004600
9004599
9004598
9004597
9004596
9004595
9004594
9004593
9004592
9004591
9004590
9004589
9004588
9004587
9004586
9004585
9004584
9004583
9004582
9004581
9004580
9004579
9004578
9004577
9004576
9004575
9004574
9004573
9004572
9004571
9004570
9004569
9004568
9004567
9004566
9004565
9004564
9004563
9004562
9004561
9004560
9004559
9004558
9004557
9004556
9004555
9004554
9004553
9004552
9004551
9004550
9004549
9004548
9004547
9004546
9004545
9004544
9004543
9004542
9004541
9004540
9004539
9004538
9004537
9004536
9004535
9004534
9004533
9004532
9004531
9004530
9004529
9004528
9004527
9004526
9004525
9004524
9004523
9004522
9004521
9004520
9004519
9004518
9004517
9004516
9004515
9004514
9004513
9004512
9004511
9004510
9004509
9004508
9004507
9004506
9004505
9004504
9004503
9004502
9004501
9004500
9004499
9004498
9004497
9004496
9004495
9004494
9004493
9004492
9004491
9004490
9004489
9004488
9004487
9004486
9004485
9004484
9004483
9004482
9004481
9004480
9004479
9004478
9004477
9004476
9004475
9004474
9004473
9004472
9004471
9004470
9004469
9004468
9004467
9004466
9004465
9004464
9004463
9004462
9004461
9004460
9004459
9004458
9004457
9004456
9004455
9004454
9004453
9004452
9004451
9004450
9004449
9004448
9004447
9004446
9004445
9004444
9004443
9004442
9004441
9004440
9004439
9004438
9004437
9004436
9004435
9004434
9004433
9004432
9004431
9004430
9004429
9004428
9004427
9004426
9004425
9004424
9004423
9004422
9004421
9004420
9004419
9004418
9004417
9004416
9004415
9004414
9004413
9004412
9004411
9004410
9004409
9004408
9004407
9004406
9004405
9004404
9004403
9004402
9004401
9004400
9004399
9004398
9004397
9004396
9004395
9004394
9004393
9004392
9004391
9004390
9004389
9004388
9004387
9004386
9004385
9004384
9004383
9004382
9004381
9004380
9004379
9004378
9004377
9004376
9004375
9004374
9004373
9004372
9004371
9004370
9004369
9004368
9004367
9004366
9004365
9004364
9004363
9004362
9004361
9004360
9004359
9004358
9004357
9004356
9004355
9004354
9004353
9004352
9004351
9004350
9004349
9004348
9004347
9004346
9004345
9004344
9004343
9004342
9004341
9004340
9004339
9004338
9004337
9004336
9004335
9004334
9004333
9004332
9004331
9004330
9004329
9004328
9004327
9004326
9004325
9004324
9004323
9004322
9004321
9004320
9004319
9004318
9004317
9004316
9004315
9004314
9004313
9004312
9004311
9004310
9004309
9004308
9004307
9004306
9004305
9004304
9004303
9004302
9004301
9004300
9004299
9004298
9004297
9004296
9004295
9004294
9004293
9004292
9004291
9004290
9004289
9004288
9004287
9004286
9004285
9004284
9004283
9004282
9004281
9004280
9004279
9004278
9004277
9004276
9004275
9004274
9004273
9004272
9004271
9004270
9004269
9004268
9004267
9004266
9004265
9004264
9004263
9004262
9004261
9004260
9004259
9004258
9004257
9004256
9004255
9004254
9004253
9004252
9004251
9004250
9004249
9004248
9004247
9004246
9004245
9004244
9004243
9004242
9004241
9004240
9004239
9004238
9004237
9004236
9004235
9004234
9004233
9004232
9004231
9004230
9004229
9004228
9004227
9004226
9004225
9004224
9004223
9004222
9004221
9004220
9004219
9004218
9004217
9004216
9004215
9004214
9004213
9004212
9004211
9004210
9004209
9004208
9004207
9004206
9004205
9004204
9004203
9004202
9004201
9004200
9004199
9004198
9004197
9004196
9004195
9004194
9004193
9004192
9004191
9004190
9004189
9004188
9004187
9004186
9004185
9004184
9004183
9004182
9004181
9004180
9004179
9004178
9004177
9004176
9004175
9004174
9004173
9004172
9004171
9004170
9004169
9004168
9004167
9004166
9004165
9004164
9004163
9004162
9004161
9004160
9004159
9004158
9004157
9004156
9004155
9004154
9004153
9004152
9004151
9004150
9004149
9004148
9004147
9004146
9004145
9004144
9004143
9004142
9004141
9004140
9004139
9004138
9004137
9004136
9004135
9004134
9004133
9004132
9004131
9004130
9004129
9004128
9004127
9004126
9004125
9004124
9004123
9004122
9004121
9004120
9004119
9004118
9004117
9004116
9004115
9004114
9004113
9004112
9004111
9004110
9004109
9004108
9004107
9004106
9004105
9004104
9004103
9004102
9004101
9004100
9004099
9004098
9004097
9004096
9004095
9004094
9004093
9004092
9004091
9004090
9004089
9004088
9004087
9004086
9004085
9004084
9004083
9004082
9004081
9004080
9004079
9004078
9004077
9004076
9004075
9004074
9004073
9004072
9004071
9004070
9004069
9004068
9004067
9004066
9004065
9004064
9004063
9004062
9004061
9004060
9004059
9004058
9004057
9004056
9004055
9004054
9004053
9004052
9004051
9004050
9004049
9004048
9004047
9004046
9004045
9004044
9004043
9004042
9004041
9004040
9004039
9004038
9004037
9004036
9004035
9004034
9004033
9004032
9004031
9004030
9004029
9004028
9004027
9004026
9004025
9004024
9004023
9004022
9004021
9004020
9004019
9004018
9004017
9004016
9004015
9004014
9004013
9004012
9004011
9004010
9004009
9004008
9004007
9004006
9004005
9004004
9004003
9004002
9004001
9004000
9003999
9003998
9003997
9003996
9003995
9003994
9003993
9003992
9003991
9003990
9003989
9003988
9003987
9003986
9003985
9003984
9003983
9003982
9003981
9003980
9003979
9003978
9003977
9003976
9003975
9003974
9003973
9003972
9003971
9003970
9003969
9003968
9003967
9003966
9003965
9003964
9003963
9003962
9003961
9003960
9003959
9003958
9003957
9003956
9003955
9003954
9003953
9003952
9003951
9003950
9003949
9003948
9003947
9003946
9003945
9003944
9003943
9003942
9003941
9003940
9003939
9003938
9003937
9003936
9003935
9003934
9003933
9003932
9003931
9003930
9003929
9003928
9003927
9003926
9003925
9003924
9003923
9003922
9003921
9003920
9003919
9003918
9003917
9003916
9003915
9003914
9003913
9003912
9003911
9003910
9003909
9003908
9003907
9003906
9003905
9003904
9003903
9003902
9003901
9003900
9003899
9003898
9003897
9003896
9003895
9003894
9003893
9003892
9003891
9003890
9003889
9003888
9003887
9003886
9003885
9003884
9003883
9003882
9003881
9003880
9003879
9003878
9003877
9003876
9003875
9003874
9003873
9003872
9003871
9003870
9003869
9003868
9003867
9003866
9003865
9003864
9003863
9003862
9003861
9003860
9003859
9003858
9003857
9003856
9003855
9003854
9003853
9003852
9003851
9003850
9003849
9003848
9003847
9003846
9003845
9003844
9003843
9003842
9003841
9003840
9003839
9003838
9003837
9003836
9003835
9003834
9003833
9003832
9003831
9003830
9003829
9003828
9003827
9003826
9003825
9003824
9003823
9003822
9003821
9003820
9003819
9003818
9003817
9003816
9003815
9003814
9003813
9003812
9003811
9003810
9003809
9003808
9003807
9003806
9003805
9003804
9003803
9003802
9003801
9003800
9003799
9003798
9003797
9003796
9003795
9003794
9003793
9003792
9003791
9003790
9003789
9003788
9003787
9003786
9003785
9003784
9003783
9003782
9003781
9003780
9003779
9003778
9003777
9003776
9003775
9003774
9003773
9003772
9003771
9003770
9003769
9003768
9003767
9003766
9003765
9003764
9003763
9003762
9003761
9003760
9003759
9003758
9003757
9003756
9003755
9003754
9003753
9003752
9003751
9003750
9003749
9003748
9003747
9003746
9003745
9003744
9003743
9003742
9003741
9003740
9003739
9003738
9003737
9003736
9003735
9003734
9003733
9003732
9003731
9003730
9003729
9003728
9003727
9003726
9003725
9003724
9003723
9003722
9003721
9003720
9003719
9003718
9003717
9003716
9003715
9003714
9003713
9003712
9003711
9003710
9003709
9003708
9003707
9003706
9003705
9003704
9003703
9003702
9003701
9003700
9003699
9003698
9003697
9003696
9003695
9003694
9003693
9003692
9003691
9003690
9003689
9003688
9003687
9003686
9003685
9003684
9003683
9003682
9003681
9003680
9003679
9003678
9003677
9003676
9003675
9003674
9003673
9003672
9003671
9003670
9003669
9003668
9003667
9003666
9003665
9003664
9003663
9003662
9003661
9003660
9003659
9003658
9003657
9003656
9003655
9003654
9003653
9003652
9003651
9003650
9003649
9003648
9003647
9003646
9003645
9003644
9003643
9003642
9003641
9003640
9003639
9003638
9003637
9003636
9003635
9003634
9003633
9003632
9003631
9003630
9003629
9003628
9003627
9003626
9003625
9003624
9003623
9003622
9003621
9003620
9003619
9003618
9003617
9003616
9003615
9003614
9003613
9003612
9003611
9003610
9003609
9003608
9003607
9003606
9003605
9003604
9003603
9003602
9003601
9003600
9003599
9003598
9003597
9003596
9003595
9003594
9003593
9003592
9003591
9003590
9003589
9003588
9003587
9003586
9003585
9003584
9003583
9003582
9003581
9003580
9003579
9003578
9003577
9003576
9003575
9003574
9003573
9003572
9003571
9003570
9003569
9003568
9003567
9003566
9003565
9003564
9003563
9003562
9003561
9003560
9003559
9003558
9003557
9003556
9003555
9003554
9003553
9003552
9003551
9003550
9003549
9003548
9003547
9003546
9003545
9003544
9003543
9003542
9003541
9003540
9003539
9003538
9003537
9003536
9003535
9003534
9003533
9003532
9003531
9003530
9003529
9003528
9003527
9003526
9003525
9003524
9003523
9003522
9003521
9003520
9003519
9003518
9003517
9003516
9003515
9003514
9003513
9003512
9003511
9003510
9003509
9003508
9003507
9003506
9003505
9003504
9003503
9003502
9003501
9003500
9003499
9003498
9003497
9003496
9003495
9003494
9003493
9003492
9003491
9003490
9003489
9003488
9003487
9003486
9003485
9003484
9003483
9003482
9003481
9003480
9003479
9003478
9003477
9003476
9003475
9003474
9003473
9003472
9003471
9003470
9003469
9003468
9003467
9003466
9003465
9003464
9003463
9003462
9003461
9003460
9003459
9003458
9003457
9003456
9003455
9003454
9003453
9003452
9003451
9003450
9003449
9003448
9003447
9003446
9003445
9003444
9003443
9003442
9003441
9003440
9003439
9003438
9003437
9003436
9003435
9003434
9003433
9003432
9003431
9003430
9003429
9003428
9003427
9003426
9003425
9003424
9003423
9003422
9003421
9003420
9003419
9003418
9003417
9003416
9003415
9003414
9003413
9003412
9003411
9003410
9003409
9003408
9003407
9003406
9003405
9003404
9003403
9003402
9003401
9003400
9003399
9003398
9003397
9003396
9003395
9003394
9003393
9003392
9003391
9003390
9003389
9003388
9003387
9003386
9003385
9003384
9003383
9003382
9003381
9003380
9003379
9003378
9003377
9003376
9003375
9003374
9003373
9003372
9003371
9003370
9003369
9003368
9003367
9003366
9003365
9003364
9003363
9003362
9003361
9003360
9003359
9003358
9003357
9003356
9003355
9003354
9003353
9003352
9003351
9003350
9003349
9003348
9003347
9003346
9003345
9003344
9003343
9003342
9003341
9003340
9003339
9003338
9003337
9003336
9003335
9003334
9003333
9003332
9003331
9003330
9003329
9003328
9003327
9003326
9003325
9003324
9003323
9003322
9003321
9003320
9003319
9003318
9003317
9003316
9003315
9003314
9003313
9003312
9003311
9003310
9003309
9003308
9003307
9003306
9003305
9003304
9003303
9003302
9003301
9003300
9003299
9003298
9003297
9003296
9003295
9003294
9003293
9003292
9003291
9003290
9003289
9003288
9003287
9003286
9003285
9003284
9003283
9003282
9003281
9003280
9003279
9003278
9003277
9003276
9003275
9003274
9003273
9003272
9003271
9003270
9003269
9003268
9003267
9003266
9003265
9003264
9003263
9003262
9003261
9003260
9003259
9003258
9003257
9003256
9003255
9003254
9003253
9003252
9003251
9003250
9003249
9003248
9003247
9003246
9003245
9003244
9003243
9003242
9003241
9003240
9003239
9003238
9003237
9003236
9003235
9003234
9003233
9003232
9003231
9003230
9003229
9003228
9003227
9003226
9003225
9003224
9003223
9003222
9003221
9003220
9003219
9003218
9003217
9003216
9003215
9003214
9003213
9003212
9003211
9003210
9003209
9003208
9003207
9003206
9003205
9003204
9003203
9003202
9003201
9003200
9003199
9003198
9003197
9003196
9003195
9003194
9003193
9003192
9003191
9003190
9003189
9003188
9003187
9003186
9003185
9003184
9003183
9003182
9003181
9003180
9003179
9003178
9003177
9003176
9003175
9003174
9003173
9003172
9003171
9003170
9003169
9003168
9003167
9003166
9003165
9003164
9003163
9003162
9003161
9003160
9003159
9003158
9003157
9003156
9003155
9003154
9003153
9003152
9003151
9003150
9003149
9003148
9003147
9003146
9003145
9003144
9003143
9003142
9003141
9003140
9003139
9003138
9003137
9003136
9003135
9003134
9003133
9003132
9003131
9003130
9003129
9003128
9003127
9003126
9003125
9003124
9003123
9003122
9003121
9003120
9003119
9003118
9003117
9003116
9003115
9003114
9003113
9003112
9003111
9003110
9003109
9003108
9003107
9003106
9003105
9003104
9003103
9003102
9003101
9003100
9003099
9003098
9003097
9003096
9003095
9003094
9003093
9003092
9003091
9003090
9003089
9003088
9003087
9003086
9003085
9003084
9003083
9003082
9003081
9003080
9003079
9003078
9003077
9003076
9003075
9003074
9003073
9003072
9003071
9003070
9003069
9003068
9003067
9003066
9003065
9003064
9003063
9003062
9003061
9003060
9003059
9003058
9003057
9003056
9003055
9003054
9003053
9003052
9003051
9003050
9003049
9003048
9003047
9003046
9003045
9003044
9003043
9003042
9003041
9003040
9003039
9003038
9003037
9003036
9003035
9003034
9003033
9003032
9003031
9003030
9003029
9003028
9003027
9003026
9003025
9003024
9003023
9003022
9003021
9003020
9003019
9003018
9003017
9003016
9003015
9003014
9003013
9003012
9003011
9003010
9003009
9003008
9003007
9003006
9003005
9003004
9003003
9003002
9003001
9003000
9002999
9002998
9002997
9002996
9002995
9002994
9002993
9002992
9002991
9002990
9002989
9002988
9002987
9002986
9002985
9002984
9002983
9002982
9002981
9002980
9002979
9002978
9002977
9002976
9002975
9002974
9002973
9002972
9002971
9002970
9002969
9002968
9002967
9002966
9002965
9002964
9002963
9002962
9002961
9002960
9002959
9002958
9002957
9002956
9002955
9002954
9002953
9002952
9002951
9002950
9002949
9002948
9002947
9002946
9002945
9002944
9002943
9002942
9002941
9002940
9002939
9002938
9002937
9002936
9002935
9002934
9002933
9002932
9002931
9002930
9002929
9002928
9002927
9002926
9002925
9002924
9002923
9002922
9002921
9002920
9002919
9002918
9002917
9002916
9002915
9002914
9002913
9002912
9002911
9002910
9002909
9002908
9002907
9002906
9002905
9002904
9002903
9002902
9002901
9002900
9002899
9002898
9002897
9002896
9002895
9002894
9002893
9002892
9002891
9002890
9002889
9002888
9002887
9002886
9002885
9002884
9002883
9002882
9002881
9002880
9002879
9002878
9002877
9002876
9002875
9002874
9002873
9002872
9002871
9002870
9002869
9002868
9002867
9002866
9002865
9002864
9002863
9002862
9002861
9002860
9002859
9002858
9002857
9002856
9002855
9002854
9002853
9002852
9002851
9002850
9002849
9002848
9002847
9002846
9002845
9002844
9002843
9002842
9002841
9002840
9002839
9002838
9002837
9002836
9002835
9002834
9002833
9002832
9002831
9002830
9002829
9002828
9002827
9002826
9002825
9002824
9002823
9002822
9002821
9002820
9002819
9002818
9002817
9002816
9002815
9002814
9002813
9002812
9002811
9002810
9002809
9002808
9002807
9002806
9002805
9002804
9002803
9002802
9002801
9002800
9002799
9002798
9002797
9002796
9002795
9002794
9002793
9002792
9002791
9002790
9002789
9002788
9002787
9002786
9002785
9002784
9002783
9002782
9002781
9002780
9002779
9002778
9002777
9002776
9002775
9002774
9002773
9002772
9002771
9002770
9002769
9002768
9002767
9002766
9002765
9002764
9002763
9002762
9002761
9002760
9002759
9002758
9002757
9002756
9002755
9002754
9002753
9002752
9002751
9002750
9002749
9002748
9002747
9002746
9002745
9002744
9002743
9002742
9002741
9002740
9002739
9002738
9002737
9002736
9002735
9002734
9002733
9002732
9002731
9002730
9002729
9002728
9002727
9002726
9002725
9002724
9002723
9002722
9002721
9002720
9002719
9002718
9002717
9002716
9002715
9002714
9002713
9002712
9002711
9002710
9002709
9002708
9002707
9002706
9002705
9002704
9002703
9002702
9002701
9002700
9002699
9002698
9002697
9002696
9002695
9002694
9002693
9002692
9002691
9002690
9002689
9002688
9002687
9002686
9002685
9002684
9002683
9002682
9002681
9002680
9002679
9002678
9002677
9002676
9002675
9002674
9002673
9002672
9002671
9002670
9002669
9002668
9002667
9002666
9002665
9002664
9002663
9002662
9002661
9002660
9002659
9002658
9002657
9002656
9002655
9002654
9002653
9002652
9002651
9002650
9002649
9002648
9002647
9002646
9002645
9002644
9002643
9002642
9002641
9002640
9002639
9002638
9002637
9002636
9002635
9002634
9002633
9002632
9002631
9002630
9002629
9002628
9002627
9002626
9002625
9002624
9002623
9002622
9002621
9002620
9002619
9002618
9002617
9002616
9002615
9002614
9002613
9002612
9002611
9002610
9002609
9002608
9002607
9002606
9002605
9002604
9002603
9002602
9002601
9002600
9002599
9002598
9002597
9002596
9002595
9002594
9002593
9002592
9002591
9002590
9002589
9002588
9002587
9002586
9002585
9002584
9002583
9002582
9002581
9002580
9002579
9002578
9002577
9002576
9002575
9002574
9002573
9002572
9002571
9002570
9002569
9002568
9002567
9002566
9002565
9002564
9002563
9002562
9002561
9002560
9002559
9002558
9002557
9002556
9002555
9002554
9002553
9002552
9002551
9002550
9002549
9002548
9002547
9002546
9002545
9002544
9002543
9002542
9002541
9002540
9002539
9002538
9002537
9002536
9002535
9002534
9002533
9002532
9002531
9002530
9002529
9002528
9002527
9002526
9002525
9002524
9002523
9002522
9002521
9002520
9002519
9002518
9002517
9002516
9002515
9002514
9002513
9002512
9002511
9002510
9002509
9002508
9002507
9002506
9002505
9002504
9002503
9002502
9002501
9002500
9002499
9002498
9002497
9002496
9002495
9002494
9002493
9002492
9002491
9002490
9002489
9002488
9002487
9002486
9002485
9002484
9002483
9002482
9002481
9002480
9002479
9002478
9002477
9002476
9002475
9002474
9002473
9002472
9002471
9002470
9002469
9002468
9002467
9002466
9002465
9002464
9002463
9002462
9002461
9002460
9002459
9002458
9002457
9002456
9002455
9002454
9002453
9002452
9002451
9002450
9002449
9002448
9002447
9002446
9002445
9002444
9002443
9002442
9002441
9002440
9002439
9002438
9002437
9002436
9002435
9002434
9002433
9002432
9002431
9002430
9002429
9002428
9002427
9002426
9002425
9002424
9002423
9002422
9002421
9002420
9002419
9002418
9002417
9002416
9002415
9002414
9002413
9002412
9002411
9002410
9002409
9002408
9002407
9002406
9002405
9002404
9002403
9002402
9002401
9002400
9002399
9002398
9002397
9002396
9002395
9002394
9002393
9002392
9002391
9002390
9002389
9002388
9002387
9002386
9002385
9002384
9002383
9002382
9002381
9002380
9002379
9002378
9002377
9002376
9002375
9002374
9002373
9002372
9002371
9002370
9002369
9002368
9002367
9002366
9002365
9002364
9002363
9002362
9002361
9002360
9002359
9002358
9002357
9002356
9002355
9002354
9002353
9002352
9002351
9002350
9002349
9002348
9002347
9002346
9002345
9002344
9002343
9002342
9002341
9002340
9002339
9002338
9002337
9002336
9002335
9002334
9002333
9002332
9002331
9002330
9002329
9002328
9002327
9002326
9002325
9002324
9002323
9002322
9002321
9002320
9002319
9002318
9002317
9002316
9002315
9002314
9002313
9002312
9002311
9002310
9002309
9002308
9002307
9002306
9002305
9002304
9002303
9002302
9002301
9002300
9002299
9002298
9002297
9002296
9002295
9002294
9002293
9002292
9002291
9002290
9002289
9002288
9002287
9002286
9002285
9002284
9002283
9002282
9002281
9002280
9002279
9002278
9002277
9002276
9002275
9002274
9002273
9002272
9002271
9002270
9002269
9002268
9002267
9002266
9002265
9002264
9002263
9002262
9002261
9002260
9002259
9002258
9002257
9002256
9002255
9002254
9002253
9002252
9002251
9002250
9002249
9002248
9002247
9002246
9002245
9002244
9002243
9002242
9002241
9002240
9002239
9002238
9002237
9002236
9002235
9002234
9002233
9002232
9002231
9002230
9002229
9002228
9002227
9002226
9002225
9002224
9002223
9002222
9002221
9002220
9002219
9002218
9002217
9002216
9002215
9002214
9002213
9002212
9002211
9002210
9002209
9002208
9002207
9002206
9002205
9002204
9002203
9002202
9002201
9002200
9002199
9002198
9002197
9002196
9002195
9002194
9002193
9002192
9002191
9002190
9002189
9002188
9002187
9002186
9002185
9002184
9002183
9002182
9002181
9002180
9002179
9002178
9002177
9002176
9002175
9002174
9002173
9002172
9002171
9002170
9002169
9002168
9002167
9002166
9002165
9002164
9002163
9002162
9002161
9002160
9002159
9002158
9002157
9002156
9002155
9002154
9002153
9002152
9002151
9002150
9002149
9002148
9002147
9002146
9002145
9002144
9002143
9002142
9002141
9002140
9002139
9002138
9002137
9002136
9002135
9002134
9002133
9002132
9002131
9002130
9002129
9002128
9002127
9002126
9002125
9002124
9002123
9002122
9002121
9002120
9002119
9002118
9002117
9002116
9002115
9002114
9002113
9002112
9002111
9002110
9002109
9002108
9002107
9002106
9002105
9002104
9002103
9002102
9002101
9002100
9002099
9002098
9002097
9002096
9002095
9002094
9002093
9002092
9002091
9002090
9002089
9002088
9002087
9002086
9002085
9002084
9002083
9002082
9002081
9002080
9002079
9002078
9002077
9002076
9002075
9002074
9002073
9002072
9002071
9002070
9002069
9002068
9002067
9002066
9002065
9002064
9002063
9002062
9002061
9002060
9002059
9002058
9002057
9002056
9002055
9002054
9002053
9002052
9002051
9002050
9002049
9002048
9002047
9002046
9002045
9002044
9002043
9002042
9002041
9002040
9002039
9002038
9002037
9002036
9002035
9002034
9002033
9002032
9002031
9002030
9002029
9002028
9002027
9002026
9002025
9002024
9002023
9002022
9002021
9002020
9002019
9002018
9002017
9002016
9002015
9002014
9002013
9002012
9002011
9002010
9002009
9002008
9002007
9002006
9002005
9002004
9002003
9002002
9002001
9002000
9001999
9001998
9001997
9001996
9001995
9001994
9001993
9001992
9001991
9001990
9001989
9001988
9001987
9001986
9001985
9001984
9001983
9001982
9001981
9001980
9001979
9001978
9001977
9001976
9001975
9001974
9001973
9001972
9001971
9001970
9001969
9001968
9001967
9001966
9001965
9001964
9001963
9001962
9001961
9001960
9001959
9001958
9001957
9001956
9001955
9001954
9001953
9001952
9001951
9001950
9001949
9001948
9001947
9001946
9001945
9001944
9001943
9001942
9001941
9001940
9001939
9001938
9001937
9001936
9001935
9001934
9001933
9001932
9001931
9001930
9001929
9001928
9001927
9001926
9001925
9001924
9001923
9001922
9001921
9001920
9001919
9001918
9001917
9001916
9001915
9001914
9001913
9001912
9001911
9001910
9001909
9001908
9001907
9001906
9001905
9001904
9001903
9001902
9001901
9001900
9001899
9001898
9001897
9001896
9001895
9001894
9001893
9001892
9001891
9001890
9001889
9001888
9001887
9001886
9001885
9001884
9001883
9001882
9001881
9001880
9001879
9001878
9001877
9001876
9001875
9001874
9001873
9001872
9001871
9001870
9001869
9001868
9001867
9001866
9001865
9001864
9001863
9001862
9001861
9001860
9001859
9001858
9001857
9001856
9001855
9001854
9001853
9001852
9001851
9001850
9001849
9001848
9001847
9001846
9001845
9001844
9001843
9001842
9001841
9001840
9001839
9001838
9001837
9001836
9001835
9001834
9001833
9001832
9001831
9001830
9001829
9001828
9001827
9001826
9001825
9001824
9001823
9001822
9001821
9001820
9001819
9001818
9001817
9001816
9001815
9001814
9001813
9001812
9001811
9001810
9001809
9001808
9001807
9001806
9001805
9001804
9001803
9001802
9001801
9001800
9001799
9001798
9001797
9001796
9001795
9001794
9001793
9001792
9001791
9001790
9001789
9001788
9001787
9001786
9001785
9001784
9001783
9001782
9001781
9001780
9001779
9001778
9001777
9001776
9001775
9001774
9001773
9001772
9001771
9001770
9001769
9001768
9001767
9001766
9001765
9001764
9001763
9001762
9001761
9001760
9001759
9001758
9001757
9001756
9001755
9001754
9001753
9001752
9001751
9001750
9001749
9001748
9001747
9001746
9001745
9001744
9001743
9001742
9001741
9001740
9001739
9001738
9001737
9001736
9001735
9001734
9001733
9001732
9001731
9001730
9001729
9001728
9001727
9001726
9001725
9001724
9001723
9001722
9001721
9001720
9001719
9001718
9001717
9001716
9001715
9001714
9001713
9001712
9001711
9001710
9001709
9001708
9001707
9001706
9001705
9001704
9001703
9001702
9001701
9001700
9001699
9001698
9001697
9001696
9001695
9001694
9001693
9001692
9001691
9001690
9001689
9001688
9001687
9001686
9001685
9001684
9001683
9001682
9001681
9001680
9001679
9001678
9001677
9001676
9001675
9001674
9001673
9001672
9001671
9001670
9001669
9001668
9001667
9001666
9001665
9001664
9001663
9001662
9001661
9001660
9001659
9001658
9001657
9001656
9001655
9001654
9001653
9001652
9001651
9001650
9001649
9001648
9001647
9001646
9001645
9001644
9001643
9001642
9001641
9001640
9001639
9001638
9001637
9001636
9001635
9001634
9001633
9001632
9001631
9001630
9001629
9001628
9001627
9001626
9001625
9001624
9001623
9001622
9001621
9001620
9001619
9001618
9001617
9001616
9001615
9001614
9001613
9001612
9001611
9001610
9001609
9001608
9001607
9001606
9001605
9001604
9001603
9001602
9001601
9001600
9001599
9001598
9001597
9001596
9001595
9001594
9001593
9001592
9001591
9001590
9001589
9001588
9001587
9001586
9001585
9001584
9001583
9001582
9001581
9001580
9001579
9001578
9001577
9001576
9001575
9001574
9001573
9001572
9001571
9001570
9001569
9001568
9001567
9001566
9001565
9001564
9001563
9001562
9001561
9001560
9001559
9001558
9001557
9001556
9001555
9001554
9001553
9001552
9001551
9001550
9001549
9001548
9001547
9001546
9001545
9001544
9001543
9001542
9001541
9001540
9001539
9001538
9001537
9001536
9001535
9001534
9001533
9001532
9001531
9001530
9001529
9001528
9001527
9001526
9001525
9001524
9001523
9001522
9001521
9001520
9001519
9001518
9001517
9001516
9001515
9001514
9001513
9001512
9001511
9001510
9001509
9001508
9001507
9001506
9001505
9001504
9001503
9001502
9001501
9001500
9001499
9001498
9001497
9001496
9001495
9001494
9001493
9001492
9001491
9001490
9001489
9001488
9001487
9001486
9001485
9001484
9001483
9001482
9001481
9001480
9001479
9001478
9001477
9001476
9001475
9001474
9001473
9001472
9001471
9001470
9001469
9001468
9001467
9001466
9001465
9001464
9001463
9001462
9001461
9001460
9001459
9001458
9001457
9001456
9001455
9001454
9001453
9001452
9001451
9001450
9001449
9001448
9001447
9001446
9001445
9001444
9001443
9001442
9001441
9001440
9001439
9001438
9001437
9001436
9001435
9001434
9001433
9001432
9001431
9001430
9001429
9001428
9001427
9001426
9001425
9001424
9001423
9001422
9001421
9001420
9001419
9001418
9001417
9001416
9001415
9001414
9001413
9001412
9001411
9001410
9001409
9001408
9001407
9001406
9001405
9001404
9001403
9001402
9001401
9001400
9001399
9001398
9001397
9001396
9001395
9001394
9001393
9001392
9001391
9001390
9001389
9001388
9001387
9001386
9001385
9001384
9001383
9001382
9001381
9001380
9001379
9001378
9001377
9001376
9001375
9001374
9001373
9001372
9001371
9001370
9001369
9001368
9001367
9001366
9001365
9001364
9001363
9001362
9001361
9001360
9001359
9001358
9001357
9001356
9001355
9001354
9001353
9001352
9001351
9001350
9001349
9001348
9001347
9001346
9001345
9001344
9001343
9001342
9001341
9001340
9001339
9001338
9001337
9001336
9001335
9001334
9001333
9001332
9001331
9001330
9001329
9001328
9001327
9001326
9001325
9001324
9001323
9001322
9001321
9001320
9001319
9001318
9001317
9001316
9001315
9001314
9001313
9001312
9001311
9001310
9001309
9001308
9001307
9001306
9001305
9001304
9001303
9001302
9001301
9001300
9001299
9001298
9001297
9001296
9001295
9001294
9001293
9001292
9001291
9001290
9001289
9001288
9001287
9001286
9001285
9001284
9001283
9001282
9001281
9001280
9001279
9001278
9001277
9001276
9001275
9001274
9001273
9001272
9001271
9001270
9001269
9001268
9001267
9001266
9001265
9001264
9001263
9001262
9001261
9001260
9001259
9001258
9001257
9001256
9001255
9001254
9001253
9001252
9001251
9001250
9001249
9001248
9001247
9001246
9001245
9001244
9001243
9001242
9001241
9001240
9001239
9001238
9001237
9001236
9001235
9001234
9001233
9001232
9001231
9001230
9001229
9001228
9001227
9001226
9001225
9001224
9001223
9001222
9001221
9001220
9001219
9001218
9001217
9001216
9001215
9001214
9001213
9001212
9001211
9001210
9001209
9001208
9001207
9001206
9001205
9001204
9001203
9001202
9001201
9001200
9001199
9001198
9001197
9001196
9001195
9001194
9001193
9001192
9001191
9001190
9001189
9001188
9001187
9001186
9001185
9001184
9001183
9001182
9001181
9001180
9001179
9001178
9001177
9001176
9001175
9001174
9001173
9001172
9001171
9001170
9001169
9001168
9001167
9001166
9001165
9001164
9001163
9001162
9001161
9001160
9001159
9001158
9001157
9001156
9001155
9001154
9001153
9001152
9001151
9001150
9001149
9001148
9001147
9001146
9001145
9001144
9001143
9001142
9001141
9001140
9001139
9001138
9001137
9001136
9001135
9001134
9001133
9001132
9001131
9001130
9001129
9001128
9001127
9001126
9001125
9001124
9001123
9001122
9001121
9001120
9001119
9001118
9001117
9001116
9001115
9001114
9001113
9001112
9001111
9001110
9001109
9001108
9001107
9001106
9001105
9001104
9001103
9001102
9001101
9001100
9001099
9001098
9001097
9001096
9001095
9001094
9001093
9001092
9001091
9001090
9001089
9001088
9001087
9001086
9001085
9001084
9001083
9001082
9001081
9001080
9001079
9001078
9001077
9001076
9001075
9001074
9001073
9001072
9001071
9001070
9001069
9001068
9001067
9001066
9001065
9001064
9001063
9001062
9001061
9001060
9001059
9001058
9001057
9001056
9001055
9001054
9001053
9001052
9001051
9001050
9001049
9001048
9001047
9001046
9001045
9001044
9001043
9001042
9001041
9001040
9001039
9001038
9001037
9001036
9001035
9001034
9001033
9001032
9001031
9001030
9001029
9001028
9001027
9001026
9001025
9001024
9001023
9001022
9001021
9001020
9001019
9001018
9001017
9001016
9001015
9001014
9001013
9001012
9001011
9001010
9001009
9001008
9001007
9001006
9001005
9001004
9001003
9001002
9001001
9001000
9000999
9000998
9000997
9000996
9000995
9000994
9000993
9000992
9000991
9000990
9000989
9000988
9000987
9000986
9000985
9000984
9000983
9000982
9000981
9000980
9000979
9000978
9000977
9000976
9000975
9000974
9000973
9000972
9000971
9000970
9000969
9000968
9000967
9000966
9000965
9000964
9000963
9000962
9000961
9000960
9000959
9000958
9000957
9000956
9000955
9000954
9000953
9000952
9000951
9000950
9000949
9000948
9000947
9000946
9000945
9000944
9000943
9000942
9000941
9000940
9000939
9000938
9000937
9000936
9000935
9000934
9000933
9000932
9000931
9000930
9000929
9000928
9000927
9000926
9000925
9000924
9000923
9000922
9000921
9000920
9000919
9000918
9000917
9000916
9000915
9000914
9000913
9000912
9000911
9000910
9000909
9000908
9000907
9000906
9000905
9000904
9000903
9000902
9000901
9000900
9000899
9000898
9000897
9000896
9000895
9000894
9000893
9000892
9000891
9000890
9000889
9000888
9000887
9000886
9000885
9000884
9000883
9000882
9000881
9000880
9000879
9000878
9000877
9000876
9000875
9000874
9000873
9000872
9000871
9000870
9000869
9000868
9000867
9000866
9000865
9000864
9000863
9000862
9000861
9000860
9000859
9000858
9000857
9000856
9000855
9000854
9000853
9000852
9000851
9000850
9000849
9000848
9000847
9000846
9000845
9000844
9000843
9000842
9000841
9000840
9000839
9000838
9000837
9000836
9000835
9000834
9000833
9000832
9000831
9000830
9000829
9000828
9000827
9000826
9000825
9000824
9000823
9000822
9000821
9000820
9000819
9000818
9000817
9000816
9000815
9000814
9000813
9000812
9000811
9000810
9000809
9000808
9000807
9000806
9000805
9000804
9000803
9000802
9000801
9000800
9000799
9000798
9000797
9000796
9000795
9000794
9000793
9000792
9000791
9000790
9000789
9000788
9000787
9000786
9000785
9000784
9000783
9000782
9000781
9000780
9000779
9000778
9000777
9000776
9000775
9000774
9000773
9000772
9000771
9000770
9000769
9000768
9000767
9000766
9000765
9000764
9000763
9000762
9000761
9000760
9000759
9000758
9000757
9000756
9000755
9000754
9000753
9000752
9000751
9000750
9000749
9000748
9000747
9000746
9000745
9000744
9000743
9000742
9000741
9000740
9000739
9000738
9000737
9000736
9000735
9000734
9000733
9000732
9000731
9000730
9000729
9000728
9000727
9000726
9000725
9000724
9000723
9000722
9000721
9000720
9000719
9000718
9000717
9000716
9000715
9000714
9000713
9000712
9000711
9000710
9000709
9000708
9000707
9000706
9000705
9000704
9000703
9000702
9000701
9000700
9000699
9000698
9000697
9000696
9000695
9000694
9000693
9000692
9000691
9000690
9000689
9000688
9000687
9000686
9000685
9000684
9000683
9000682
9000681
9000680
9000679
9000678
9000677
9000676
9000675
9000674
9000673
9000672
9000671
9000670
9000669
9000668
9000667
9000666
9000665
9000664
9000663
9000662
9000661
9000660
9000659
9000658
9000657
9000656
9000655
9000654
9000653
9000652
9000651
9000650
9000649
9000648
9000647
9000646
9000645
9000644
9000643
9000642
9000641
9000640
9000639
9000638
9000637
9000636
9000635
9000634
9000633
9000632
9000631
9000630
9000629
9000628
9000627
9000626
9000625
9000624
9000623
9000622
9000621
9000620
9000619
9000618
9000617
9000616
9000615
9000614
9000613
9000612
9000611
9000610
9000609
9000608
9000607
9000606
9000605
9000604
9000603
9000602
9000601
9000600
9000599
9000598
9000597
9000596
9000595
9000594
9000593
9000592
9000591
9000590
9000589
9000588
9000587
9000586
9000585
9000584
9000583
9000582
9000581
9000580
9000579
9000578
9000577
9000576
9000575
9000574
9000573
9000572
9000571
9000570
9000569
9000568
9000567
9000566
9000565
9000564
9000563
9000562
9000561
9000560
9000559
9000558
9000557
9000556
9000555
9000554
9000553
9000552
9000551
9000550
9000549
9000548
9000547
9000546
9000545
9000544
9000543
9000542
9000541
9000540
9000539
9000538
9000537
9000536
9000535
9000534
9000533
9000532
9000531
9000530
9000529
9000528
9000527
9000526
9000525
9000524
9000523
9000522
9000521
9000520
9000519
9000518
9000517
9000516
9000515
9000514
9000513
9000512
9000511
9000510
9000509
9000508
9000507
9000506
9000505
9000504
9000503
9000502
9000501
9000500
9000499
9000498
9000497
9000496
9000495
9000494
9000493
9000492
9000491
9000490
9000489
9000488
9000487
9000486
9000485
9000484
9000483
9000482
9000481
9000480
9000479
9000478
9000477
9000476
9000475
9000474
9000473
9000472
9000471
9000470
9000469
9000468
9000467
9000466
9000465
9000464
9000463
9000462
9000461
9000460
9000459
9000458
9000457
9000456
9000455
9000454
9000453
9000452
9000451
9000450
9000449
9000448
9000447
9000446
9000445
9000444
9000443
9000442
9000441
9000440
9000439
9000438
9000437
9000436
9000435
9000434
9000433
9000432
9000431
9000430
9000429
9000428
9000427
9000426
9000425
9000424
9000423
9000422
9000421
9000420
9000419
9000418
9000417
9000416
9000415
9000414
9000413
9000412
9000411
9000410
9000409
9000408
9000407
9000406
9000405
9000404
9000403
9000402
9000401
9000400
9000399
9000398
9000397
9000396
9000395
9000394
9000393
9000392
9000391
9000390
9000389
9000388
9000387
9000386
9000385
9000384
9000383
9000382
9000381
9000380
9000379
9000378
9000377
9000376
9000375
9000374
9000373
9000372
9000371
9000370
9000369
9000368
9000367
9000366
9000365
9000364
9000363
9000362
9000361
9000360
9000359
9000358
9000357
9000356
9000355
9000354
9000353
9000352
9000351
9000350
9000349
9000348
9000347
9000346
9000345
9000344
9000343
9000342
9000341
9000340
9000339
9000338
9000337
9000336
9000335
9000334
9000333
9000332
9000331
9000330
9000329
9000328
9000327
9000326
9000325
9000324
9000323
9000322
9000321
9000320
9000319
9000318
9000317
9000316
9000315
9000314
9000313
9000312
9000311
9000310
9000309
9000308
9000307
9000306
9000305
9000304
9000303
9000302
9000301
9000300
9000299
9000298
9000297
9000296
9000295
9000294
9000293
9000292
9000291
9000290
9000289
9000288
9000287
9000286
9000285
9000284
9000283
9000282
9000281
9000280
9000279
9000278
9000277
9000276
9000275
9000274
9000273
90