1000
5000999
5000998
5000997
5000996
5000995
5000994
5000993
5000992
5000991
5000990
5000989
5000988
5000987
5000986
5000985
5000984
5000983
5000982
5000981
5000980
5000979
5000978
5000977
5000976
5000975
5000974
5000973
5000972
5000971
5000970
5000969
5000968
5000967
5000966
5000965
5000964
5000963
5000962
5000961
5000960
5000959
5000958
5000957
5000956
5000955
5000954
5000953
5000952
5000951
5000950
5000949
5000948
5000947
5000946
5000945
5000944
5000943
5000942
5000941
5000940
5000939
5000938
5000937
5000936
5000935
5000934
5000933
5000932
5000931
5000930
5000929
5000928
5000927
5000926
5000925
5000924
5000923
5000922
5000921
5000920
5000919
5000918
5000917
5000916
5000915
5000914
5000913
5000912
5000911
5000910
5000909
5000908
5000907
5000906
5000905
5000904
5000903
5000902
5000901
5000900
5000899
5000898
5000897
5000896
5000895
5000894
5000893
5000892
5000891
5000890
5000889
5000888
5000887
5000886
5000885
5000884
5000883
5000882
5000881
5000880
5000879
5000878
5000877
5000876
5000875
5000874
5000873
5000872
5000871
5000870
5000869
5000868
5000867
5000866
5000865
5000864
5000863
5000862
5000861
5000860
5000859
5000858
5000857
5000856
5000855
5000854
5000853
5000852
5000851
5000850
5000849
5000848
5000847
5000846
5000845
5000844
5000843
5000842
5000841
5000840
5000839
5000838
5000837
5000836
5000835
5000834
5000833
5000832
5000831
5000830
5000829
5000828
5000827
5000826
5000825
5000824
5000823
5000822
5000821
5000820
5000819
5000818
5000817
5000816
5000815
5000814
5000813
5000812
5000811
5000810
5000809
5000808
5000807
5000806
5000805
5000804
5000803
5000802
5000801
5000800
5000799
5000798
5000797
5000796
5000795
5000794
5000793
5000792
5000791
5000790
5000789
5000788
5000787
5000786
5000785
5000784
5000783
5000782
5000781
5000780
5000779
5000778
5000777
5000776
5000775
5000774
5000773
5000772
5000771
5000770
5000769
5000768
5000767
5000766
5000765
5000764
5000763
5000762
5000761
5000760
5000759
5000758
5000757
5000756
5000755
5000754
5000753
5000752
5000751
5000750
5000749
5000748
5000747
5000746
5000745
5000744
5000743
5000742
5000741
5000740
5000739
5000738
5000737
5000736
5000735
5000734
5000733
5000732
5000731
5000730
5000729
5000728
5000727
5000726
5000725
5000724
5000723
5000722
5000721
5000720
5000719
5000718
5000717
5000716
5000715
5000714
5000713
5000712
5000711
5000710
5000709
5000708
5000707
5000706
5000705
5000704
5000703
5000702
5000701
5000700
5000699
5000698
5000697
5000696
5000695
5000694
5000693
5000692
5000691
5000690
5000689
5000688
5000687
5000686
5000685
5000684
5000683
5000682
5000681
5000680
5000679
5000678
5000677
5000676
5000675
5000674
5000673
5000672
5000671
5000670
5000669
5000668
5000667
5000666
5000665
5000664
5000663
5000662
5000661
5000660
5000659
5000658
5000657
5000656
5000655
5000654
5000653
5000652
5000651
5000650
5000649
5000648
5000647
5000646
5000645
5000644
5000643
5000642
5000641
5000640
5000639
5000638
5000637
5000636
5000635
5000634
5000633
5000632
5000631
5000630
5000629
5000628
5000627
5000626
5000625
5000624
5000623
5000622
5000621
5000620
5000619
5000618
5000617
5000616
5000615
5000614
5000613
5000612
5000611
5000610
5000609
5000608
5000607
5000606
5000605
5000604
5000603
5000602
5000601
5000600
5000599
5000598
5000597
5000596
5000595
5000594
5000593
5000592
5000591
5000590
5000589
5000588
5000587
5000586
5000585
5000584
5000583
5000582
5000581
5000580
5000579
5000578
5000577
5000576
5000575
5000574
5000573
5000572
5000571
5000570
5000569
5000568
5000567
5000566
5000565
5000564
5000563
5000562
5000561
5000560
5000559
5000558
5000557
5000556
5000555
5000554
5000553
5000552
5000551
5000550
5000549
5000548
5000547
5000546
5000545
5000544
5000543
5000542
5000541
5000540
5000539
5000538
5000537
5000536
5000535
5000534
5000533
5000532
5000531
5000530
5000529
5000528
5000527
5000526
5000525
5000524
5000523
5000522
5000521
5000520
5000519
5000518
5000517
5000516
5000515
5000514
5000513
5000512
5000511
5000510
5000509
5000508
5000507
5000506
5000505
5000504
5000503
5000502
5000501
5000500
5000499
5000498
5000497
5000496
5000495
5000494
5000493
5000492
5000491
5000490
5000489
500