1000
5000000
4999999
4999998
4999997
4999996
4999995
4999994
4999993
4999992
4999991
4999990
4999989
4999988
4999987
4999986
4999985
4999984
4999983
4999982
4999981
4999980
4999979
4999978
4999977
4999976
4999975
4999974
4999973
4999972
4999971
4999970
4999969
4999968
4999967
4999966
4999965
4999964
4999963
4999962
4999961
4999960
4999959
4999958
4999957
4999956
4999955
4999954
4999953
4999952
4999951
4999950
4999949
4999948
4999947
4999946
4999945
4999944
4999943
4999942
4999941
4999940
4999939
4999938
4999937
4999936
4999935
4999934
4999933
4999932
4999931
4999930
4999929
4999928
4999927
4999926
4999925
4999924
4999923
4999922
4999921
4999920
4999919
4999918
4999917
4999916
4999915
4999914
4999913
4999912
4999911
4999910
4999909
4999908
4999907
4999906
4999905
4999904
4999903
4999902
4999901
4999900
4999899
4999898
4999897
4999896
4999895
4999894
4999893
4999892
4999891
4999890
4999889
4999888
4999887
4999886
4999885
4999884
4999883
4999882
4999881
4999880
4999879
4999878
4999877
4999876
4999875
4999874
4999873
4999872
4999871
4999870
4999869
4999868
4999867
4999866
4999865
4999864
4999863
4999862
4999861
4999860
4999859
4999858
4999857
4999856
4999855
4999854
4999853
4999852
4999851
4999850
4999849
4999848
4999847
4999846
4999845
4999844
4999843
4999842
4999841
4999840
4999839
4999838
4999837
4999836
4999835
4999834
4999833
4999832
4999831
4999830
4999829
4999828
4999827
4999826
4999825
4999824
4999823
4999822
4999821
4999820
4999819
4999818
4999817
4999816
4999815
4999814
4999813
4999812
4999811
4999810
4999809
4999808
4999807
4999806
4999805
4999804
4999803
4999802
4999801
4999800
4999799
4999798
4999797
4999796
4999795
4999794
4999793
4999792
4999791
4999790
4999789
4999788
4999787
4999786
4999785
4999784
4999783
4999782
4999781
4999780
4999779
4999778
4999777
4999776
4999775
4999774
4999773
4999772
4999771
4999770
4999769
4999768
4999767
4999766
4999765
4999764
4999763
4999762
4999761
4999760
4999759
4999758
4999757
4999756
4999755
4999754
4999753
4999752
4999751
4999750
4999749
4999748
4999747
4999746
4999745
4999744
4999743
4999742
4999741
4999740
4999739
4999738
4999737
4999736
4999735
4999734
4999733
4999732
4999731
4999730
4999729
4999728
4999727
4999726
4999725
4999724
4999723
4999722
4999721
4999720
4999719
4999718
4999717
4999716
4999715
4999714
4999713
4999712
4999711
4999710
4999709
4999708
4999707
4999706
4999705
4999704
4999703
4999702
4999701
4999700
4999699
4999698
4999697
4999696
4999695
4999694
4999693
4999692
4999691
4999690
4999689
4999688
4999687
4999686
4999685
4999684
4999683
4999682
4999681
4999680
4999679
4999678
4999677
4999676
4999675
4999674
4999673
4999672
4999671
4999670
4999669
4999668
4999667
4999666
4999665
4999664
4999663
4999662
4999661
4999660
4999659
4999658
4999657
4999656
4999655
4999654
4999653
4999652
4999651
4999650
4999649
4999648
4999647
4999646
4999645
4999644
4999643
4999642
4999641
4999640
4999639
4999638
4999637
4999636
4999635
4999634
4999633
4999632
4999631
4999630
4999629
4999628
4999627
4999626
4999625
4999624
4999623
4999622
4999621
4999620
4999619
4999618
4999617
4999616
4999615
4999614
4999613
4999612
4999611
4999610
4999609
4999608
4999607
4999606
4999605
4999604
4999603
4999602
4999601
4999600
4999599
4999598
4999597
4999596
4999595
4999594
4999593
4999592
4999591
4999590
4999589
4999588
4999587
4999586
4999585
4999584
4999583
4999582
4999581
4999580
4999579
4999578
4999577
4999576
4999575
4999574
4999573
4999572
4999571
4999570
4999569
4999568
4999567
4999566
4999565
4999564
4999563
4999562
4999561
4999560
4999559
4999558
4999557
4999556
4999555
4999554
4999553
4999552
4999551
4999550
4999549
4999548
4999547
4999546
4999545
4999544
4999543
4999542
4999541
4999540
4999539
4999538
4999537
4999536
4999535
4999534
4999533
4999532
4999531
4999530
4999529
4999528
4999527
4999526
4999525
4999524
4999523
4999522
4999521
4999520
4999519
4999518
4999517
4999516
4999515
4999514
4999513
4999512
4999511
4999510
4999509
4999508
4999507
4999506
4999505
4999504
4999503
4999502
4999501
4999500
4999499
4999498
4999497
4999496
4999495
4999494
4999493
4999492
4999491
4999490
4999489
4999488
4999487
4999486
4999485
4999484
4999483
4999482
4999481
4999480
4999479
4999478
4999477
4999476
4999475
4999474
4999473
4999472
4999471
4999470
4999469
4999468
4999467
4999466
4999465
4999464
4999463
4999462
4999461
4999460
4999459
4999458
4999457
4999456
4999455
4999454
4999453
4999452
4999451
4999450
4999449
4999448
4999447
4999446
4999445
4999444
4999443
4999442
4999441
4999440
4999439
4999438
4999437
4999436
4999435
4999434
4999433
4999432
4999431
4999430
4999429
4999428
4999427
4999426
4999425
4999424
4999423
4999422
4999421
4999420
4999419
4999418
4999417
4999416
4999415
4999414
4999413
4999412
4999411
4999410
4999409
4999408
4999407
4999406
4999405
4999404
4999403
4999402
4999401
4999400
4999399
4999398
4999397
4999396
4999395
4999394
4999393
4999392
4999391
4999390
4999389
4999388
4999387
4999386
4999385
4999384
4999383
4999382
4999381
4999380
4999379
4999378
4999377
4999376
4999375
4999374
4999373
4999372
4999371
4999370
4999369
4999368
4999367
4999366
4999365
4999364
4999363
4999362
4999361
4999360
4999359
4999358
4999357
4999356
4999355
4999354
4999353
4999352
4999351
4999350
4999349
4999348
4999347
4999346
4999345
4999344
4999343
4999342
4999341
4999340
4999339
4999338
4999337
4999336
4999335
4999334
4999333
4999332
4999331
4999330
4999329
4999328
4999327
4999326
4999325
4999324
4999323
4999322
4999321
4999320
4999319
4999318
4999317
4999316
4999315
4999314
4999313
4999312
4999311
4999310
4999309
4999308
4999307
4999306
4999305
4999304
4999303
4999302
4999301
4999300
4999299
4999298
4999297
4999296
4999295
4999294
4999293
4999292
4999291
4999290
4999289
4999288
4999287
4999286
4999285
4999284
4999283
4999282
4999281
4999280
4999279
4999278
4999277
4999276
4999275
4999274
4999273
4999272
4999271
4999270
4999269
4999268
4999267
4999266
4999265
4999264
4999263
4999262
4999261
4999260
4999259
4999258
4999257
4999256
4999255
4999254
4999253
4999252
4999251
4999250
4999249
4999248
4999247
4999246
4999245
4999244
4999243
4999242
4999241
4999240
4999239
4999238
4999237
4999236
4999235
4999234
4999233
4999232
4999231
4999230
4999229
4999228
4999227
4999226
4999225
4999224
4999223
4999222
4999221
4999220
4999219
4999218
4999217
4999216
4999215
4999214
4999213
4999212
4999211
4999210
4999209
4999208
4999207
4999206
4999205
4999204
4999203
4999202
4999201
4999200
4999199
4999198
4999197
4999196
4999195
4999194
4999193
4999192
4999191
4999190
4999189
4999188
4999187
4999186
4999185
4999184
4999183
4999182
4999181
4999180
4999179
4999178
4999177
4999176
4999175
4999174
4999173
4999172
4999171
4999170
4999169
4999168
4999167
4999166
4999165
4999164
4999163
4999162
4999161
4999160
4999159
4999158
4999157
4999156
4999155
4999154
4999153
4999152
4999151
4999150
4999149
4999148
4999147
4999146
4999145
4999144
4999143
4999142
4999141
4999140
4999139
4999138
4999137
4999136
4999135
4999134
4999133
4999132
4999131
4999130
4999129
4999128
4999127
4999126
4999125
4999124
4999123
4999122
4999121
4999120
4999119
4999118
4999117
4999116
4999115
4999114
4999113
4999112
4999111
4999110
4999109
4999108
4999107
4999106
4999105
4999104
4999103
4999102
4999101
4999100
4999099
4999098
4999097
4999096
4999095
4999094
4999093
4999092
4999091
4999090
4999089
4999088
4999087
4999086
4999085
4999084
4999083
4999082
4999081
4999080
4999079
4999078
4999077
4999076
4999075
4999074
4999073
4999072
4999071
4999070
4999069
4999068
4999067
4999066
4999065
4999064
4999063
4999062
4999061
4999060
4999059
4999058
4999057
4999056
4999055
4999054
4999053
4999052
4999051
4999050
4999049
4999048
4999047
4999046
4999045
4999044
4999043
4999042
4999041
4999040
4999039
4999038
4999037
4999036
4999035
4999034
4999033
4999032
4999031
4999030
4999029
4999028
4999027
4999026
4999025
4999024
4999023
4999022
4999021
4999020
4999019
4999018
4999017
4999016
4999015
4999014
4999013
4999012
4999011
4999010
4999009
4999008
4999007
4999006
4999005
4999004
4999003
4999002
4999001
