100
8667299
7894703
7322333
8664141
6253868
7644662
3037859
5741529
6316035
2842288
5040942
1648446
8890729
7350006
1393548
2623084
8756840
2376931
3944439
2323537
7118082
3541833
7639658
3930977
9673386
2745924
3270829
7573097
9986290
9636355
9655574
8052350
8941724
6430107
5007337
7287753
8945909
4758221
3422946
9030413
7900591
6655410
3624537
1483595
5602350
5836374
7596021
5199668
9281734
3999418
2900788
8467728
6648483
3421310
9813514
1616935
5600249
1556798
4224008
6609989
7195485
4343523
6314503
4200458
3580796
9281589
7009157
8622538
2038179
9657958
5815888
7511202
7272055
9646362
8875433
4142844
9881998
3651021
2557476
3389075
7600510
1869861
1401789
2423002
8182285
7426617
3832932
9154721
2976329
8692425
8434549
7512145
3718753
5423279
5687529
8437866
4193195
5416286
9488282
2734114
