10000
7978748
8892444
4623353
8547346
6061904
8571886
2299056
4267751
3991166
2846093
1421912
9299444
4201328
6104768
4641296
1720244
8625219
2174984
8149014
1503032
3537814
9651219
5917683
5584252
6269248
3397424
8027148
4382271
7893877
1104484
7495811
2892798
7299890
5074549
4314173
4218865
5238911
4463508
4088245
3920106
4368421
6157647
3238122
2906706
4156345
6923118
8097836
2406510
8651880
5743741
7578949
3514785
7624204
7917227
2102286
1698979
9489758
6775410
8089296
2112122
8672836
6553976
6085652
4397751
7435693
3916716
4511125
7296939
6056826
7758588
6586108
2628979
7549280
5128062
4719677
3047785
4406684
3769709
2421945
1016860
8335190
3049005
4388675
3377130
9555482
2000754
3488215
8310940
4997707
1304237
4499792
6612682
2351129
5033600
5683857
2710968
9641732
5684499
7869583
1692640
7012810
5835663
3897677
4134553
2878286
5734075
7712984
5792504
4055913
5473084
3122053
8822750
9917006
5197505
4357599
1898985
6084592
7996855
2338342
5795742
5506767
9793505
1609924
8465239
3209492
4175036
3647618
6727712
7909841
5090034
3286523
6344736
6416893
8971844
2285200
1285325
1668006
1008541
6536980
2470384
4328936
4700523
8411040
5504483
1141670
1506088
8107266
3678199
9155191
8832858
8917290
5707234
5462402
1426095
6314350
2279776
9879301
5676164
4570038
2144561
5200643
9061647
2808290
9979618
5007284
2977675
5709371
6339336
4501034
3358436
2897504
6202105
7032065
6481579
3727771
4382140
1488319
8513259
9271283
8038012
8759501
4733059
2649595
6541416
2052565
7138310
9055787
1222439
7648804
8368441
7668974
2137633
2745018
1974252
1956524
3581144
6334296
3027205
2291641
5191471
1700217
1943624
3505157
7666275
8632789
4145003
3901326
3184649
9405346
8970336
7793323
7856896
7776692
2290795
2350315
4361760
3729534
2082806
9584790
5182066
7388425
3610450
3621193
1754593
4280638
9420345
9865696
3390632
3839183
6129753
9613600
1145861
2318963
4907554
5617211
2264966
2942698
3155587
2158464
7510946
7380165
6540297
3464194
8270715
1206106
7696833
4067415
4175354
8919079
8321592
4197509
2071658
2859997
7899120
8036984
1915953
3741199
2208844
4681879
3207259
1849075
9124607
4884128
6145481
1149168
6307793
2105697
4955641
5133097
2736555
2954930
6904279
9870754
8176701
3086231
4975260
6938657
4438981
6242618
4631061
9781990
9672563
5502928
2898447
2406222
2794577
2683547
8485464
7337653
9130255
2858512
8318201
6276506
4684023
3312250
8311850
2488520
2183798
6848784
3187462
7258859
9016172
6441683
4015976
9298039
5205997
9769675
1387020
8442735
5373480
3777786
4785522
9979085
5935735
3186096
9085752
4260982
2688919
1792065
8198496
6011976
1121202
4702564
4572257
1920654
1080298
9960510
2867033
1136499
9790376
2272703
8967515
7495566
2186437
6626364
1665908
5360814
9012752
4706525
2249179
1313838
7421145
9969839
7565762
9681970
2053708
8715429
9689663
2541259
5572514
8988170
8199655
7444936
9406427
9523371
5073461
1934102
7417463
2126595
2213406
6859305
2833223
7879519
1793585
8371444
2271087
1519596
3552492
3257590
7357886
7865686
6259313
2028101
9869456
2578074
6843274
1024511
5722971
8095174
7183658
4722983
1503232
3590480
8505702
1818557
5120028
8713332
8182467
1358074
8094983
8264714
3390425
6163467
1231619
5718128
7720079
4766587
2126825
1518220
1314456
4156134
6751208
2294589
5976694
4189372
5301702
9523539
6827637
5416827
6623899
1415644
6669378
1858952
3137915
7616288
1074333
3056656
7616524
4442984
9049396
2582202
9416665
6759755
4844554
1824999
4121733
4917793
3060175
6985501
2208395
3720291
9929072
6193008
9922876
4816803
1912289
2979299
7902602
6654729
7438274
5463134
9348453
1307518
4437695
2661144
7961907
2472645
5972628
5811535
7229716
5956158
6620296
9120526
2983445
2691588
7664104
4353942
2623852
4611842
1149135
6146328
8804741
6381779
3083692
6312099
9047405
4569959
5139228
9471778
6456148
2745125
5698616
9815064
1472479
6482005
3333105
8732638
3064518
1032508
4438978
5245059
2744362
7049518
4558143
2603190
4226603
1300768
4347396
8230665
5000617
8786668
8579224
8260158
6267312
7452169
4570211
4890711
4750960
8767754
9217565
8088273
2579837
7269886
5809640
1319881
7020411
9893984
2999336
6950457
8365334
5094592
1119017
1253117
1160505
4591562
2854072
5016050
3945852
9521061
6259366
9439718
2268554
8432799
3735098
4916182
7316059
2583399
8357070
9342780
2406295
5403252
7035285
3678960
7949364
2626157
2841938
3096033
2768873
6109096
5561739
1923499
3849442
4850287
5769223
8467083
1158606
7463920
6758685
8229298
5470175
6683988
5946190
5469519
8197545
8158058
7791341
4900232
5736438
2580085
1284253
6285426
7536281
6549348
1199835
4137351
8617233
2376529
7044342
2000528
1634999
7240581
9941131
7539299
7099363
8726201
9083389
9024895
8170483
3392752
4773740
5468070
2030756
1114980
6358124
1311667
5928590
3580870
2412000
9275084
5911106
3644826
5366592
6838865
4947446
8052771
2110057
6250670
7925148
7774043
1536763
3858934
9061655
6174582
3082024
5575337
7300424
4537695
8629851
8794744
2075071
9884819
5195158
6845374
4156820
8766222
8553271
2389625
7128039
3394490
1054517
8530618
6056990
8743439
9493927
8393033
1592135
5842080
5961717
9920245
2121782
2006491
4615195
4763771
6935217
1881467
2952322
5230429
3699153
1794041
4383720
7388077
9202658
1753249
6575090
6823395
1205558
5287041
7530209
4935043
1674902
7071775
3430794
3736890
9452754
9933188
6960945
5542659
9943347
9389668
3198280
3707813
9447846
3182344
6448636
7549888
8825251
6639046
3775624
7985103
1377350
3170494
1729726
2915672
2862421
2128465
8259082
1986419
7140666
6485822
6161896
5150432
4361770
3165645
6810128
2621596
9514799
7269552
5471344
8382261
3151666
2710758
9295906
8452284
6812021
3575290
1611167
3783387
8050679
5274884
4335460
6511992
6550016
6801759
2923067
7225256
8048655
5449491
7382836
7270679
7519809
5631324
8725301
6969488
2963124
3770851
7724511
5265840
6955028
2432227
8139666
6048848
7048565
5133175
2514147
8954676
4658721
7688466
6856180
3537629
5843004
2384920
5136052
6528366
4193958
6983987
8397096
4901653
3503472
7932953
6033057
4732280
5966690
6926828
9144703
6833003
5240027
6527282
4187863
1565599
4318081
2103358
7178464
3572221
3756867
6298343
9841019
9062411
6793405
7651760
7271842
4084535
2955155
9650688
2010017
4948210
5419648
6171851
9223637
1800407
8884177
6641304
3162537
3851732
7938445
1194526
3745928
3149257
5401199
4692353
6542567
4376255
1748103
4047073
4749137
8331970
3768052
6156981
3586929
5278859
7089958
6054972
4656171
9503511
2819107
5599788
5045435
6732076
9403367
7054167
7114129
1977854
8831889
6647299
7674836
6387957
4491482
8027361
1496646
4597554
2102945
2224081
3623632
7602369
9989437
8035179
1652399
2132945
1871649
2204177
1319750
5228722
6785774
2651884
9915189
1074759
2546260
3233421
3818546
4263461
3458594
3945502
7420254
4760586
8735616
3335592
8265370
5525746
8512482
9105726
3773306
2593990
8214223
1700849
3285762
5268374
1848235
9762237
1792200
5519481
5991145
2714085
5399282
8119650
7185516
6888499
6896769
4814502
1537598
9398851
5463053
7741267
3655081
3618872
3670538
9445523
9365718
9937599
9192554
6031066
4722556
6875692
1361132
8522149
1826348
2777338
5944125
5821340
4966081
2547951
6551110
8077009
5576540
1574454
7906485
7048930
2658816
6373031
7783791
1010987
4568994
5023709
9141285
9023272
8435549
7009743
4265590
9369538
3776212
2693409
1197662
7100759
2440089
4642620
3146964
8271943
8474445
4349827
9504281
5757285
4350832
2943312
2883239
9589683
7987795
3912639
5248479
9230954
9940043
2412377
7472983
4686720
5702439
6276924
8037035
3316890
3606221
5520792
1547258
4531829
3705162
8923870
4282196
5969072
2051736
3174477
3729882
6769237
2676604
1161197
6125485
6229560
7073079
1662224
7682475
2343446
6568684
5472286
6089151
5233594
8598604
8468184
8964616
8066996
2148510
1941791
1589020
6948251
4271825
5173454
6430238
1739853
7567054
4490197
7773589
1536429
8539585
5167520
8047581
1606989
7403960
6732392
5063923
7740692
5270919
2112576
2486556
7364498
1878338
9005411
4117943
5514290
3801339
3236012
3433740
7183135
5633437
2577671
7263659
4368282
6366290
2458071
1305001
3770555
8299730
5803439
7488664
4048358
8487764
9013452
6978766
1416649
2837537
2432955
8526937
4914155
7446182
7093936
5238456
9714599
4925074
7344863
7276597
1647426
7244592
9269175
9696481
1268713
2030806
5290059
9546759
6606391
5196583
4557435
5667869
9903973
7516149
5118243
4497711
9874563
2007370
1727658
3275221
4799919
6611712
2635263
6514336
1032988
2705670
7868391
5985537
4124997
8703494
1865554
4302714
7794026
3528748
4351199
9442280
4290098
5730553
5262444
9485055
3889858
3129640
5046627
4422936
9154333
2051391
8931322
8202176
1269388
8885002
1327274
5099042
6393065
3572284
3798523
9587088
2652175
5678455
1630406
4489165
9127964
4113389
9488763
3188821
8003754
8316854
6425524
8302120
9488682
7574500
5222754
6850516
7486602
7901901
9967102
7881843
4508489
9184121
7586987
7490972
4073353
8662996
3451115
1785333
6504837
8784333
8921544
1257088
7297340
9901343
7731500
8613253
2693332
1814599
7212834
8252912
1209450
9569535
2365111
2011763
7606345
8850593
3442444
2736502
1559953
7006543
9751070
9228541
2220715
3178658
4738383
9737635
5782315
5021425
9204446
8004045
4244549
1529132
4316429
1133930
4532283
7439880
3987570
2629560
6597189
1444621
6815713
2999137
4164058
1383846
9737831
7251351
4052295
5061360
4273034
1191301
1387879
7615709
9061952
3823064
1050610
7978443
6821718
2183933
8709072
3703864
9849050
6142444
3459768
2301768
1606187
3309364
5351140
6724346
8838031
4217624
1815344
1019070
8919174
1030345
8044699
5685115
2502541
5573733
2811229
4159983
5845950
3591897
2371986
1190584
9418622
3666218
4959566
8279498
7345103
5020025
9821833
4287393
5348624
1918800
3431086
6508753
3192121
1907071
3561991
4251523
5956980
7465523
9828235
9612682
8157289
5199776
4842131
3700638
6620545
7168141
6834633
8082000
8364141
3336665
3029827
9028319
1110168
9397125
9410463
8690969
4599643
6464537
3206911
4947293
5587080
4764234
2015118
1847648
7555832
4837427
8859324
6653701
1404729
9565650
9083719
8439778
4241803
2620670
5205524
3787984
3139898
6638815
7041485
9211066
7583930
3082982
5235290
9256802
3513126
9064215
5907437
8338424
5183345
7059483
3537560
3923883
6847313
2984409
3500970
5157668
9485592
8733735
2827499
5090135
8479573
7885245
6836981
3699101
7195219
1427355
6133452
8603688
8875569
2990843
5857319
5149190
4798467
6509080
7981207
8138425
3770014
6355232
2618720
5264709
5544050
4301344
5141910
4824683
5640131
6754535
7445609
3032917
5318432
7090461
6635517
8321818
1333721
7970788
7008227
8577675
4050642
5318390
4979365
4171022
8267509
8872552
8977697
3941267
1617968
6321655
5914283
2932549
9882035
6135930
7520728
7724634
3603125
2782760
6930264
1322486
9638631
6426362
1378419
9741315
3168521
4587531
2339552
8474781
1118900
7234606
3790923
6168485
6455544
2708800
4518349
2580299
9684119
6340888
3297433
6622545
5727250
8247099
9730396
8331805
9082139
1370676
9556973
7957286
1433843
6814298
3937261
3920586
3441053
1528491
8099881
3310671
9993090
2234266
9113422
8974488
9377519
5966805
5646324
9089098
7066460
2573465
8806438
9518262
7726015
9323569
8218369
8670161
1825729
6037195
1549300
2794561
8992959
8206613
1639455
8651410
6576539
2502224
8849023
8723714
1808620
9156298
9145497
5443448
4531204
7294450
9951581
3845675
8584433
6399567
6009941
4099898
6387759
7145729
8324767
7968927
5849796
9923396
7411368
9781833
1688884
4468425
3844921
8911922
1700342
3425430
7720198
8480405
8425614
5204192
2938005
3666171
6964541
8886935
1251724
1292159
8596527
4287027
7805127
3710583
3137483
4635621
1278080
7711229
7930408
8448632
4670416
5818815
5509974
1885408
1748085
7101171
6401796
6109731
6670525
4802727
9688352
3989895
6951018
6257719
4915068
2610859
7596839
9518159
2061167
1166938
4193882
5760738
1780554
6061868
6673098
9258419
5901189
2956239
6125532
1421716
5287208
6530605
8799569
9253413
8785583
7593799
1606666
7219671
2599608
9014914
3507622
9492320
9898271
9192552
1524988
5089688
9296268
8358737
1568797
2647221
8643907
5549546
2252012
8431476
9525845
2416774
3677872
7008896
1132358
3744004
7727649
9868174
9361255
3927313
2780818
1289713
9223796
4840231
6632582
6250644
4457601
7033773
3419526
9533782
2436825
5812024
5296202
1758305
8358111
3650570
8253327
8716797
6718777
6065152
8371176
2874242
2509097
4248242
6592536
4617229
8781638
2561350
7458039
9981468
7601316
1967045
8039163
4774444
5525080
2824449
2674257
9215058
7230582
8037270
1591028
2612696
7100958
2191248
8698550
1728145
8438860
3477493
7404213
4525904
7221848
3084620
6838232
4337566
6262534
1637694
5011514
2269834
1730503
2606411
2737102
1063117
7999151
1538782
7887012
8922837
4091808
7851277
7852211
2589001
6487728
6921987
4327488
2714846
6082831
1619169
9362406
7752905
9720380
4550339
7124951
7940989
6482104
3380430
6606058
1051327
7622747
6296714
1949406
8515935
4785334
1023476
7177726
6707529
2627425
8248975
8757413
5016092
6251807
7703547
4255684
6594146
1036047
9607278
6281746
6422592
7808052
5791576
7657708
5958632
7627831
5679637
8637909
8654540
3827979
9139838
3898792
4697293
1206929
8351816
5238988
6971421
3683966
1756609
6668359
2184928
8332866
4266463
5431286
8166449
7260883
3966706
2474708
1670820
5069378
4038884
8767978
5921191
2093444
7507040
8222647
7225262
9969740
5855305
6287863
9966478
4209886
5720643
1442361
5938817
6709799
4795742
5367140
1855755
7856445
8997650
3065705
4447427
7276265
2246781
9815263
8316581
6533828
3703444
3374108
5402935
9786393
6414944
9912304
9691706
2216583
2511976
1665206
7418619
2024467
1934495
2075694
8465762
6508460
6586495
6935948
4119138
3373750
1341093
4406918
5212065
2127571
8042750
6728261
5736025
4465783
5405626
6165545
8780431
6183347
3081063
6249426
3662291
3698598
4727825
2269180
8347402
7082423
9187807
4330091
7544344
9689205
2724217
4048760
1650088
4067778
2843048
7576763
7335616
8980166
6491933
1085250
9693288
5786057
1827910
5290241
8666074
8148412
9216158
5159042
7163448
2250896
6678108
3437303
9001041
6630094
7993054
7204542
7569581
3827201
7023038
3834101
9900732
4636210
6593477
6910990
1775889
9391139
8306039
6069573
9827195
6395102
7007022
3948008
7008790
8047831
7696906
6814190
1605511
3653439
7942929
9527540
5443047
6470610
3709971
7242332
3420225
6718588
1252857
3975430
8102750
2747072
5219717
7760756
5693199
1849873
5933444
1486025
1000332
7145053
9895747
9319634
3123244
4490375
4439048
3962168
5469982
2287340
7633290
5636677
3906463
5620056
4566955
2421461
5660916
3738378
7334588
4470199
5366465
9874078
4800848
2958757
5058682
9065706
1312204
4197136
4116978
9624115
8160678
7719608
1782321
9223712
9170766
5268458
8662946
3753704
3597322
1911115
6221237
2578640
5566694
3365756
5065106
7000984
3402411
3807407
5686943
4112231
8049206
6435546
1576811
4090164
7725107
6415377
5380355
8934383
7316403
9200041
8273723
3032223
4178739
7137890
7177801
6913830
4099998
3598117
5868374
8448106
4848926
1235407
6471205
4920845
2759598
6808277
2633505
2290311
1017402
5543848
9760057
8646490
2526386
5649339
6162358
2437815
6372876
1429555
7077784
9435976
2048529
2633367
6323445
9994086
4452275
5925201
6304378
8433260
7826125
3189707
5847719
2614428
6048026
1727709
4565965
7473976
2653953
7509343
4771611
3763188
3002960
4373666
6418385
6485619
6613696
7894804
2219627
1461295
4643090
9965124
4525953
3110197
5805112
9256730
7034501
9438656
8236469
4386972
9652471
5925380
2599137
8728812
7684293
6140887
9077559
4530630
9140638
7860276
5094328
9053385
9927728
9304368
5975813
4391148
3333559
6773601
8495552
6460652
2595720
2088467
8163612
5649930
1395583
8127045
8985990
5638771
3696373
9908716
7739827
3872578
9772693
5999478
8610642
4567577
9454992
8226994
2374548
8444881
8670847
5098967
9572067
9991789
4460512
4812434
3575617
4047990
3705484
8814564
8298682
2370923
7051864
9023260
8117467
1919855
5727665
7888969
2398244
1850456
8810428
9420882
4266387
9464501
4585702
4653594
1388954
4866168
3371137
2312862
6101555
8086117
6763648
7667953
3213594
8075266
3482508
4494571
3698955
3444224
3101031
7303925
4559589
1849912
9563400
3514505
6711375
2106258
7394159
4415096
7258873
2396706
1795387
2141139
8839277
3752396
9771585
2584447
5939999
7522242
3707631
2454971
1209458
2727868
5555905
6207355
4323341
7634784
4786611
6869258
2800804
1503362
6922040
8937012
5919091
5160405
9090330
5888795
1411984
6655371
4100761
8965539
7423815
4053002
9585089
5944535
3812627
5755095
2449238
1415741
7609019
2862248
6343731
7251096
6979138
3991301
5781451
1286277
3541355
5658799
1380374
2538113
8593373
9031252
9399623
8036600
9192546
4303281
2809933
3482089
4704869
3136065
7612672
6955625
1156388
4868614
1796726
2085181
9256188
9838998
2499222
5468629
6916028
6790424
5447347
6081382
6105403
6390991
4545317
4167270
8986925
2182095
8255396
4341813
7278027
3724686
2365397
2616218
8604163
6015372
1807217
7017180
6869536
3700622
1835828
9958899
4592921
8089536
9493146
7828094
2802943
9027217
8403672
2685711
7254354
6643500
1866209
3398500
8916685
7253924
6248111
4043103
2116723
1203712
4084469
1966104
8381065
7630560
2715945
9621842
8249158
3766070
7693703
5683460
9444415
6924961
1200667
6249817
5813358
4469086
4724246
2517282
1340501
3625273
2006388
1243338
9957639
2260531
1665237
9971027
6460184
5099491
7890106
1498223
1562125
5995946
6754201
3413098
7687478
8918482
7714356
6458127
5401826
2766024
4755102
3288384
6756635
7199410
9508135
7562354
1234115
7263074
7984881
8040424
9781702
6896020
5455979
5014007
9699066
1985524
3587629
4111602
2042187
7497188
6838613
1348831
7596659
9029117
1906321
9225738
4469881
6107629
2154685
1393249
3202008
2727672
6496942
6650008
8621483
3573705
9158375
6491934
1983224
5463331
3753955
6596728
5061010
8153027
4491252
5726269
7863130
6667049
6665011
8908162
7524215
7670455
4221680
1569807
2666092
3049106
3324444
7259033
7093891
8605887
7498028
5920297
8974089
2864479
2869408
9663222
7183177
7678454
3847803
4626663
1292492
1030249
8425493
7162771
7140888
1363967
9461519
9106285
7704640
1353465
9306126
3296546
5796484
5194605
6838556
7296782
6556042
2536279
1543306
3379590
6881516
9173017
5203681
8232575
8140531
4361397
9809035
9537743
5306396
9035673
1407804
1952626
2569808
4731707
4678942
6330961
2770426
5614686
7539365
8044502
4120716
9131388
8439535
9988891
8232834
5765356
9786528
6363300
1530131
7705797
6316996
4833618
8711460
1690420
4860445
8145370
7836110
2906707
5701479
7254126
7646443
1515787
4197569
5148130
2862836
8230611
4568030
6932001
3191406
5579673
8965037
2818049
1646718
7289690
2672989
9544165
2770569
3968837
4456388
1296658
8420832
1276309
4842721
2109389
5721587
6924438
7662855
5706419
5302612
8692407
5144748
4879521
6651087
8879858
7946187
7288925
2860320
9767656
2672446
1879500
5203309
8585289
6580127
2941502
2994157
5156803
3828288
9764935
5833920
7202048
2913361
4784064
8771392
6938789
2769809
4774774
5838456
2228753
8864720
1125905
4418900
3878827
8955739
3019680
5257792
1237359
4981552
4442979
9889780
4783794
9013925
7397361
3095007
1544605
2056892
9085420
4516786
9491647
7947889
9296834
6172048
4291166
1981941
7443245
6229373
7650703
8731941
1942710
8013788
9073220
2555814
5000997
7008917
8128245
6629699
1596884
8729413
7591403
8695298
2540245
7222815
8989770
5297091
7252321
3713835
8489796
6664858
6081580
8436670
3863166
5055598
5331861
5493041
6644237
6619667
3816610
2619413
2108306
8806452
6571500
6456535
4587102
3423883
1932079
7000616
8843807
4415765
3072317
9281272
7757740
9311257
8971587
2468802
5298582
5977457
9293716
1394291
5107912
8509292
9227205
6691183
6270632
6318114
6374849
1827915
4788255
2851968
1377246
2406162
6745341
5058494
8094513
9398505
7251073
2219479
1145446
7498797
2925840
8009656
2992690
4458079
7973300
3654067
6826852
7177734
3893023
6959118
5376945
1035565
1670712
3526959
9977200
6783781
7987501
5192714
4705694
4230614
2139546
9767854
1828530
6692114
2960114
9464643
2326948
9863970
4360908
2063584
1558914
1479803
1785000
2554980
7908852
8829243
5065881
8380570
8352641
2775072
7694141
7595826
5204777
1250778
9571060
4716597
2716756
1929930
6787094
6278568
6220891
3246778
2698616
9357532
8962982
1759541
7425184
2752524
1093374
7899897
6634327
5372688
1557980
9861988
8260199
7411233
6452946
4680636
4745925
6976342
2724929
8628667
8357241
2452149
2491811
6753210
5553228
3215213
5524442
1217940
6184449
3463963
4287000
2443438
5120912
8605946
5570337
6990797
8317903
6865952
9297654
4274183
1913154
4698550
2148356
9901318
3768140
8155728
4335485
9629754
5075815
8531461
4047981
7674838
6811721
6315312
8331943
5974069
5016664
9686551
2872345
7376901
2889632
6012539
1657718
6717859
6645449
2168081
5606852
1944240
5778879
9659792
8387021
2620116
4622925
5120899
4804969
3568538
9156017
6579432
3047044
8546556
2241039
2196513
8121972
4328288
5415399
7184658
7525975
4371794
7944920
3161324
9466235
4540443
5654497
1709057
7323037
1916697
5402189
1997120
4949926
5591848
7691744
3512098
1355771
4753448
4304512
4855198
6157196
8164704
8545813
3154433
2618800
1561932
9546260
6723817
5906831
4109730
7337721
6274116
4257465
9959450
1978956
3274747
9400861
1255814
6968926
4785932
6894012
6984536
5102499
6109752
8638944
6770603
9437922
6477209
6273031
2586091
3392963
6183415
8535397
6707184
7022073
1873404
7929993
9361928
7415016
5466662
3058398
5179188
1946089
8481500
1487341
1241798
6573908
7950308
7467425
3704736
1054285
9921628
5215604
3050655
6881619
9656631
9178273
8497338
2674325
6829650
2989298
9749421
2437734
2215022
4193842
5316122
1179291
9871904
5100462
2890289
9391018
2303375
9392032
9641998
8113693
1687516
8718668
7747523
5073552
4256928
9619343
1710544
4104040
1012034
6217068
4104032
5691197
4853223
2233962
8428124
5489425
3286535
2662363
9667437
4575154
2663460
3316094
7518509
8112524
7806381
5634415
7580919
1370850
4018716
2422006
8703039
5214751
1985684
9535502
4564012
6711537
3781334
4040710
8507349
1350606
1171621
2675725
3628265
5373289
5981655
6394506
1091651
9242182
4552095
8301387
6325140
4830957
4304672
9017855
3251578
9886388
9011100
6509822
9959953
9368041
2460253
8586807
6749273
4825270
2922946
9531570
2268808
1070453
7256454
5001143
9734344
9993191
2957517
5372031
7588955
6654823
4687096
4951922
3190381
1798117
5012914
2154593
4657386
8115056
1282339
7566582
4090713
7604684
9504748
8083552
9507153
9522685
1541755
3253676
7803434
2331746
1255064
3680360
1227382
8087230
5703953
4312170
7671729
2201794
6915667
7637969
7282326
6311904
1452681
4350138
9837859
3756004
3570233
5549806
6929495
6925468
6804644
1699642
9251234
3034842
7589597
1189544
4264973
7855127
4540725
1486996
3761339
1315235
5963454
2430266
8065903
7584738
6282534
7867302
7470320
6412441
8037902
6878428
1492297
5078274
3819586
6504529
8248637
2452645
7273875
6894682
7660250
7644383
2911507
2082692
3894381
2753480
4713271
7043564
3294798
6744511
2034939
5975440
2232812
7098281
3468882
7079973
4198467
8739491
1682333
4795499
3227940
8572411
5762942
4583591
4028486
6742086
6933652
1181760
5351347
8959862
8154552
6604476
2161293
3009635
7475352
2001763
7747865
8304004
3077051
8637212
2685708
8915462
7502374
7406823
5390061
4271988
1410470
4465772
9299330
4616175
5959527
7920938
7910727
1824240
8515859
5479707
7025667
3740597
4770526
2917870
9643700
9852505
4228560
1945740
5466262
5107463
5735804
2513408
3018247
2735152
2561568
4970689
2781711
8218706
3417581
9092714
1124997
3394948
4414994
6741781
4062444
6629048
5768258
7921779
9127127
9352793
2935078
2144159
9802313
9098773
6905824
5872652
6866418
9443676
2960852
8955396
4934422
7450746
4995526
1298626
5251863
2295378
2028807
4659027
2719206
1157149
6154241
5577361
9195685
1763545
3016812
8371952
8744688
2316845
4062945
3480093
2430669
3773420
2575678
6696628
1777056
4727456
2979898
7669345
6565067
7781041
9493732
3987193
3181501
7367006
2392150
9196098
4934129
9807164
3790639
7865321
3889058
7282029
8690608
1797763
3001429
2947187
6503406
3595070
4322639
6564174
3160665
2667705
1939888
1278498
5506788
5336161
9621224
3659356
7999605
4325174
5997992
1185751
4724854
2472718
8847923
2072938
2662581
5279024
5427237
5991549
3376056
9290036
2477827
2107836
3761908
5848601
1888613
4249307
4612375
4733519
2098266
8918514
9215844
2251886
2022402
1956659
5481494
3272871
8494304
8046363
8270536
7552275
4288849
4943750
9997532
8084385
6828735
9904110
8604154
3778747
1499227
5376293
8762634
9414699
2921465
9656856
4238100
9825002
4534933
8942359
1526208
2880282
3330998
8737291
2443337
9928357
2616369
9469864
7467934
4792702
6116250
1625004
6695020
8990071
9976605
7312774
6103661
7877210
5580450
2780730
1619013
8855132
5556914
3456484
1675606
1335207
2455852
8911859
1361881
8449615
7797861
5800825
7182743
4750872
9368662
8805800
4659504
9322822
7831031
7915559
8881132
8495197
2231172
5556982
2547655
2743362
3004774
6586279
5819490
8916274
9047508
2046950
9938734
1828954
4184659
6234698
6756787
8155983
3565100
6674948
6363218
7368231
7708948
5105439
9428407
5293704
5054313
8722209
7279442
8984432
5957402
1430450
8123463
2526500
8072343
3045107
1626475
4538469
1188410
5032049
2600689
6809025
8965277
1861026
5394702
9714742
9301902
4675303
7629649
6059588
7765176
6096403
2916047
2694627
1634291
6105731
9863813
9774723
1251398
6745399
2785750
7395323
3616811
6348031
1808959
2573053
8197498
1726362
9867088
8568392
5751418
3647356
3655516
7012974
9326053
6274622
8650500
1224703
8077627
7021691
7365249
8007646
5126049
7522144
7220809
7699563
8425298
9086483
8999627
6304776
8615294
6713352
6254532
2731777
7146129
3279592
2233004
8404662
1655535
8582371
4270764
2953115
6095710
6705264
1871811
5525697
9451060
4451810
5435681
5000030
5710361
6247742
6020762
3039380
9672311
5807035
1537142
6582478
3496689
4770041
7101400
1005472
4289073
6587461
5369093
9560359
8985846
1567676
9677799
1331199
9751276
4950398
4668049
3973068
3723278
8445093
7585837
5587908
7842217
2682071
1077372
5072363
6650946
6529664
2099484
6739078
1523018
2535740
6038265
2473797
7207191
7148236
3649572
1843787
8211735
5749758
2335008
6914320
1751152
1522082
5869502
7209905
6115243
8285883
7493759
7372902
7315425
8075955
7653210
7591845
3100605
2607523
5503597
9169557
4912300
8852385
9322368
2002398
4287154
6570939
7417287
4194391
5558150
4717923
9034168
8795064
7876439
6633452
7499589
8985354
5699624
6498172
5752556
4208315
3101114
4931138
3240140
2517711
2959464
3612987
3074898
5937420
4314232
3752391
1706420
8251917
1992352
4399162
9088413
4269057
8596094
7433344
5738898
3730349
1957684
1172752
1169635
2917944
3732579
8559621
3803421
5428141
2725382
4278561
5255054
8806334
3619265
6352883
3774250
2778807
4847323
3735347
2368222
8801770
8363802
1999380
4509410
1366962
7722878
7859737
8318043
7060610
1106447
4763683
8899985
8992206
7916458
4017394
6878701
7345666
1555401
8965987
3719519
5524578
6133554
5687121
4218982
4028930
1839234
7829479
2023577
1377488
9116938
2700685
2200925
9975470
8150178
8580296
3873870
4562197
4342661
9654112
1075035
2903439
2497981
6552717
3857172
1358483
8660216
6188777
4736287
2454535
6378386
9181212
4856939
5553705
2867115
5284516
7464907
6210438
7951020
7065692
1746647
9539959
7540325
8428207
8754567
3258857
3069922
3381821
8517073
4046805
5268103
2714613
6944747
1942296
6241856
9913452
2175356
6826147
2283477
7894853
2999896
4470222
3255942
9119066
6654474
3651385
4047819
6829434
8570286
6231723
8173782
4348699
5303190
5879951
2768812
2646147
1894596
1764635
2839520
2644346
3298025
8955955
9788610
7702058
6188198
1560998
7298232
5077233
1010632
1397615
8754611
3078134
2140152
5695232
5267868
7577723
2848114
2418090
7129032
4658587
6487158
8285784
8744841
7855317
4655973
4943869
4625734
8746223
4698813
7451875
4667389
5961598
6904544
8585262
5598903
7787286
6288521
6991193
1189892
3165581
5589136
1927287
8218992
3653085
7615799
2674132
3519430
3709537
7543662
6149814
7049595
7004712
3224219
3642454
1696213
1113232
8290197
9201804
8573044
2465253
3233674
2752410
3555105
3274483
5854110
1696559
1802014
3336160
3172438
1241360
1920086
7111886
6734205
1504778
2225845
9338032
6327702
6799091
6137818
8554963
9442115
1301226
1079196
5906799
2164749
2583629
9781609
5770310
2599868
9823130
7717702
6434468
5241681
5482207
9990476
7721080
3500241
7208126
2376287
6757570
7751324
5935580
2061452
8277486
7101446
6376617
9201634
4517488
9861613
2773109
7506617
7505633
2778211
5490985
2668834
7373633
9212453
2700804
1847135
7595822
3503196
3903367
5338516
8093500
4450532
5467835
3020165
3717573
4259427
9736458
1473841
9427195
5386371
4169764
9434095
7374820
3179203
7718851
3976439
3614062
7552330
7310785
8571411
2305587
6455957
4564961
7902287
7147022
6951314
4200307
1462125
2243679
9825893
6465020
4819534
6851629
2501738
2377158
7949837
6103322
8915659
9289804
4883645
1993971
8420964
5886425
8121278
6931735
4056789
8403209
3792883
1022848
7953615
5968784
8763640
3122969
2136097
6763938
5510409
8478031
5183508
4997299
5754308
8186667
6150638
8695809
9487419
9082999
6322467
2357639
3642780
4302559
2851434
6339555
2039676
5535858
8110766
8575370
6760963
8667257
9883555
9695635
5528136
3404199
6528507
3852137
4073975
4404403
7085344
1022221
1397601
5886514
9689564
9153540
7571340
6321745
5198919
2471901
6776380
6205242
6752704
2471342
4913514
3394692
5980447
9286856
1782756
4941840
6463634
3805776
7481036
9118049
6645053
2322287
6703908
3160028
7492238
2610405
3215249
7560313
4703681
7671794
2338575
4553353
9935825
5205853
6089573
6126513
8520888
3603681
8061633
2833014
5848856
5487164
1907183
6275769
8118434
7458298
7823485
3300925
6936238
7918419
9203546
8709111
8461339
2708776
1015224
7891270
3509857
6202051
3460454
4277067
8918060
3268624
5516586
6473683
5601828
7073431
8741519
2436747
3964970
5593516
1590778
7856995
9882916
1021065
8792163
5498478
5608868
6343690
4585777
9203145
6201140
6802602
8638237
1215691
8212206
9900692
3031188
2468348
9228299
6899836
1872814
6204978
7025938
5534592
1525204
9373663
1350691
9917529
1981153
6504559
6516628
2106455
1251887
1897657
5340226
7000604
9225453
1198916
4394419
3124056
8830854
2979556
5145787
9195533
2218013
7836373
6450717
4412076
5727911
7035248
8209853
2519352
8003409
8268924
3385274
9348329
5596539
6182015
1295120
3976468
7522612
6636773
1989990
4733993
2108647
7548192
6393556
2897942
7420054
2935817
3789801
3682867
6725717
9226007
8568444
5608718
7703010
1284149
9486905
7450415
1951355
1168441
1995461
4188790
1429319
5053730
9958228
9056684
8832016
1867178
7228474
1804704
2869192
8327317
1498225
3996147
2097524
7442657
2727722
3729303
4851822
3086558
7169694
2521579
1614982
4514064
1328798
5864490
3341219
3000651
6000769
9847414
3263022
7252959
2883117
2579711
9518783
4031861
1303001
1160184
6283371
4364152
2460234
5495988
6548885
3354295
5752468
8109845
5562524
9642290
3943730
2589510
7012845
2146460
8741513
1145562
2480505
7379624
9886353
6332556
6172633
9703456
7505349
1434760
4328193
7335322
9313773
2907666
2662666
5259419
1276528
5325342
1868652
6114961
9215999
3458441
2345147
1683683
9834127
9449230
2023504
6252893
7624870
9352219
2657370
8499177
7546946
3681933
5181222
6395840
7997038
5692914
5260868
8537474
7113653
8669822
3448996
8039378
6708891
2006416
9277368
8912686
6870713
6679886
9683914
4523117
6702185
6645478
8835289
2636402
3886578
3856431
4336327
8113056
7035390
5968919
8865343
4882311
4224881
9491799
8748380
4876886
7323828
8935932
8925236
4231562
2767194
2470720
1336566
5422159
4244897
6946944
1499609
6054044
6605197
4278223
4160831
6274692
5577401
2551883
1618625
1349474
5116934
8562255
4070707
4264629
7191816
4935930
6667330
2686333
4246015
3789406
7853773
2566196
7280355
1599043
7279513
7168217
9476219
5918717
5880657
8043329
9010030
4113907
8096109
2101055
5904658
8338514
3211849
4780782
7479069
8290506
2549857
3148333
9870578
1727495
4663362
8553714
6557102
6523939
9193668
7583890
2148939
2560754
1809503
6015993
7197139
8530047
8691098
1780037
7080176
8021365
6073259
4734736
3310419
4969489
1485747
9590454
7952211
9002598
6316193
1195971
1497735
1444329
7046385
6411817
3017863
4974390
8429094
9261209
4044319
6621163
3522549
4974504
8603589
6644060
6102219
9513292
9154053
2121039
1319625
6692104
4322858
1483129
7849445
6528788
5431543
3754241
9712332
7409313
3836005
5879532
5436703
9638403
4398599
4446096
2476771
7938176
3567876
5856165
1622013
6707033
5781356
1125953
3062629
1538334
6811566
1344220
3093648
3316831
9446784
5076484
8349116
6111832
4938184
1168689
6482367
6728918
3110002
1326547
6779832
3332647
9709930
3201819
3097226
6269479
8471908
4040688
2071270
6879528
4824745
6549724
2140007
1411898
6112524
1010726
6709723
5611252
8107741
5894881
8550296
2414905
6281213
9179141
7219524
7597047
3569882
8403940
6722185
8375580
2530516
1244088
3476447
7257346
6019841
8200484
7308692
8449389
9916102
4745817
8247065
6204635
8228030
9229954
8749582
5166468
4828951
3261497
1919112
1881930
4124258
5220140
3882977
9841602
1621034
6453907
1395032
8367980
8151185
8141763
8427906
9243255
3860926
1219216
1157769
9199473
5349330
8964695
3646803
6577047
5684205
4931258
3284269
8840968
5746796
6696423
3627712
4266039
3474957
7247347
2636468
7925520
6861693
5875004
4903820
6292730
5639601
3540973
8131682
7220271
2219755
8334718
4556084
7846448
1715959
3972274
1892317
5759964
1347030
7813603
7629344
6485227
4639594
1204387
7415922
7996335
3714146
8981221
2125991
9442323
7737375
7806724
8596927
1670046
4383663
7643770
4071497
7040657
7426618
2622900
1941744
3076431
8678067
2790812
6317277
8968149
1928160
3767743
7315541
7423164
9030772
7226576
8419643
3046123
2398532
1557182
9662760
2303720
8301384
3741809
6698017
6227896
4826996
1394371
6792249
4397172
8585752
9236413
9248760
6555775
7588371
6660312
1128420
8744918
5191022
5317573
6485430
7591448
2779728
1179703
2545583
2570591
2942660
3380199
5350339
1867789
1025635
5454681
5842142
6977747
3507783
2096710
5980007
6359286
3628197
1245633
5774194
5041970
4732046
8989822
4940368
1048500
7413574
5926664
9252300
8614523
2095566
9578442
8014494
3973384
6299215
2634761
9030516
6389870
3994999
4075504
2096618
3756771
3031176
1743524
4027430
3123912
9931190
1862818
1010184
3845581
7016704
1901221
3583913
2122153
6384371
1008173
4058699
8460737
2406755
5539012
9897672
6505982
1253610
7239075
4495967
1105556
7665293
2562429
2170572
2498033
6699364
4879738
1272742
7562636
7913474
9743416
8082142
9195423
6238349
7479549
3700086
7661893
6773367
4452144
7052719
6048839
8700054
3251321
4921367
1545716
9519096
8861014
2670290
9278671
7130571
1354343
8696423
4716590
4572523
5708748
4461446
6864521
2401603
8215598
6134752
2100208
1847041
5927660
3357191
1539592
1691813
6618000
4370791
5056359
4972922
4064009
7267156
6580789
8209623
6143570
3955837
7182390
1687135
3098619
3974296
6223607
2790599
1140103
3257216
3037365
5397048
5360126
8119228
5271948
9739229
2740764
1346000
4458102
9760206
5472929
7766953
1851139
7387101
4113483
2748228
8709601
6061223
7913025
3342160
8365404
6734415
7035442
4527117
2363040
8295527
8771382
1462764
6211212
2128816
6812890
4227312
1268553
5499900
5654570
1152468
9696036
7721793
8735131
9443382
8924728
3028183
4936423
6476500
4178424
8021469
4954293
3971333
6876572
5775712
8793696
4948362
6867026
7700965
6441670
7877526
8745664
1942281
8408221
3815460
1466783
5105150
4444689
5292919
4882082
9919232
8502617
6360111
7698911
7956119
6710275
6139873
5059981
4940543
6887709
3446527
8456448
5586446
9366406
5509354
6478945
6763485
2503661
9012788
6743337
4362314
8567209
7421162
6255824
6445524
4385352
1737848
2405561
5512191
5570772
2549559
7085904
6681778
4591706
7031565
4421111
3348464
1569989
6017763
2158550
9072739
3975188
3358963
1509921
4442758
2196016
4083386
8242719
4656452
9922857
9184460
5464960
7809468
8551225
3679967
8557334
6300040
4853592
8956786
5723888
3046574
4423018
5734367
9055531
7256933
2226574
3246165
8202811
6936123
8914817
4838346
1486377
6143581
9622091
8987896
5978356
2548408
4758297
8214767
2328381
8767951
4707587
6207027
2622390
9729477
2455334
1883662
7284804
5754197
1045357
1225825
6772053
2162664
6859827
6992182
2240963
7333438
2719789
6875641
2656362
4057592
2039446
7232999
3578735
5394996
5102251
5597342
8158746
4160129
3522105
6900447
3937677
6392669
6362452
8081065
2697533
5641821
3271601
9602511
1107329
2503948
9738126
3086444
3025681
5917798
7966584
6337997
4055457
3815159
3462286
3279183
4359990
3878639
7402853
7008178
4474080
3976801
3693564
8708477
8697186
1672395
2890281
6711387
4236678
5810879
8399187
7294382
2522700
9129554
4689074
8578626
6434564
7692436
1482980
9572820
5841107
2735121
1992049
4499812
9420595
4823311
1623065
1379912
8167790
4704001
4385390
5846114
7414732
3026394
8755293
1632708
8364947
1233181
7724112
5461627
2129944
6981740
5177825
5662409
8049843
5146862
7556016
4964358
2105423
3681622
6213062
5276289
1628538
2871673
9880037
2772171
9991682
3924767
2217960
5813876
2361338
1367453
4301695
3835585
4911732
8896297
3962230
8473837
3278175
2902199
6280871
5000982
3793058
5314300
1065229
5953275
8116554
1476040
3879371
5785445
8769609
6045352
6573653
6277115
6987056
1109300
6967277
2166929
5697583
6903214
1269632
4551282
1804010
3066203
9157323
9469677
9444374
1617686
2529072
9591822
3983421
8565898
6280742
1190886
8371398
7969959
6048168
6031804
6381833
8966049
2899837
4007861
8041314
4577060
2816792
8446489
2333452
4907588
1053945
6792791
9433416
1991228
4651116
4048036
1017662
7065500
7123808
9886327
6765052
3741551
4215811
7834624
6303413
6406461
2066660
6697241
8511059
4785702
3348402
2016748
3923320
2065352
4016020
7936895
4274522
2516602
1511192
6681069
4738086
9478088
4098968
4706702
5295095
9405041
3243738
3319736
2103254
8997791
9061903
4628479
2363108
6966310
4093270
9146059
5255214
2978577
8216778
7896568
5829002
6819704
3269826
5748251
9406831
4053685
4021280
7818450
3323009
1319416
2234325
8133901
9626798
2177625
5526186
2299451
9724250
5809702
2773194
8102375
7286386
8558565
1764271
8113389
7693448
8505659
7315642
2423406
2670602
7897204
1464927
7267931
1214137
1110422
3197169
9164688
4615286
8809985
4708426
2775904
8780807
1890528
9409798
3282730
9006764
3418222
3384192
9677609
6287379
6082378
9744245
8228409
7678371
1275508
8184865
9931624
1483999
7721020
7040182
2658107
1037224
5378736
8243924
4234170
4289401
5611502
5290758
8918061
4453550
4277226
6955713
3870479
3741205
9884154
2236283
3559228
9309336
4217943
4186794
2047591
8128161
9785893
1742251
2481686
7976087
1045814
8737780
6548297
3662944
5491099
6278979
7025832
8195368
4238837
6376801
1093972
7414058
9794410
5254218
4228368
2713357
8234586
7179151
1502713
4271281
1638324
2994286
8726994
5552274
2655820
4138711
2793820
4591604
1765888
1125403
6437286
4531359
4292946
7230865
9371832
9964493
4146256
6811953
6334878
1104731
1356673
3153501
6780034
5686093
9042498
9639540
1796234
6537317
5824745
3116889
8249916
3937908
1935192
6740908
6262790
7102210
3412390
8609416
2171033
5293972
2247658
3566725
2232680
3279652
8575801
8169415
3680965
2560645
6692201
1736391
5807469
6308415
9677382
1788488
5407668
3704280
1723236
4774549
4656979
3655516
9254654
4038601
4862480
2811215
8544798
4378856
5976838
2751184
2999388
3126596
8382046
5818785
3206619
8585075
8258269
3045068
3518082
3520175
2859744
1655424
6657768
5461878
2998060
8776397
6048603
6658675
5190658
4805420
3191450
5530901
6790850
3219844
1333465
6073639
2197343
9934816
5448764
1052360
3930291
5107644
7529127
1915852
4728219
1252891
4835772
3173906
4395149
6004889
8346693
5108873
1772225
1891342
1714444
2706365
5250733
7059597
5846249
8835654
1057404
1059106
8939852
3093083
5512793
7963667
6165834
8044339
2286983
5385425
4312372
6522324
9677693
3899679
1945045
4894304
3922224
4653090
9774004
4708741
2083576
4220265
1115043
4757684
2619847
2715471
1519766
8199636
6394798
6061272
2279895
6319000
4273850
1044417
1754272
6493415
3389142
9745459
5757922
3704947
9801962
4908472
3783253
1323645
3097051
7742783
9488696
6144751
4316740
8348510
5110323
2572466
7019270
9110990
6712275
2682232
4544755
4008139
1479925
3051005
2056424
2111620
4458461
4269274
6044251
6839456
9561128
1235819
7013698
3541099
9877624
8269002
6054382
1056415
1726392
4537123
2559303
8372094
7301296
4441441
6207065
9169535
1683090
8462033
5457110
8209263
8090037
5029127
9795245
3688235
6915001
9615222
3347547
1584251
3488763
7543948
2452640
9725657
5811723
2207276
3231189
4445106
3198340
3347950
3765124
7116269
2453659
4090621
6221543
9110618
7289563
1953376
2993269
2381805
8247784
7154227
5374137
7405228
8568713
5636191
6564853
9413829
6130890
6555799
8707727
1512107
4376426
9459477
5983361
5021171
2862482
7305909
5221734
1675178
4920439
7242687
5063915
6576538
9259048
8151836
6500564
4699077
9028491
4080233
9484969
3055520
3535541
1199432
8307855
4474597
4299192
7272928
6148194
1807626
3109145
5615081
7064451
1048614
3963273
6194533
6767838
9247173
4058948
9736595
2342455
1566882
1146792
6417095
6714029
2965749
4353367
4504063
3605086
7931294
3085039
2381143
3126628
4464369
2270313
1463095
6047160
8081794
2267561
9633595
3249198
3229283
1356901
1083316
2138904
5463763
1616401
9156773
2106271
1964401
2961785
3790121
9818326
6039194
8973775
6034267
9127280
7777992
6694383
4476895
6998757
8023500
4468136
2577751
3545952
6150062
5082173
5120801
2177180
3937115
5519716
6342591
6516335
8079246
8518718
6790511
2905967
4613257
7376408
7912997
4410171
6931310
7344473
7529333
5362788
8437730
1168733
1947750
9351029
3247610
8691144
6637827
7169384
3774801
5410517
8084084
9236259
9627641
7123616
7123893
5771434
9947496
8471986
2185605
6934854
3957756
4995973
2650042
8365910
3243674
3042329
5728756
1262899
9644452
6897453
8562376
6172977
2152282
8564512
6404069
2376948
5108435
8967354
3705884
7397241
4872244
9815118
8246220
8871646
1911328
4690419
1040388
1228372
3830281
1372738
2176005
8429619
1968542
3637161
9581887
4543469
8984997
9784001
9026587
2654287
9407331
4596444
2345529
9009421
1768746
9288467
5119667
1532557
6834859
7363606
7641458
6986526
2357517
6651612
6335615
9226753
1752213
4831548
7679293
9899368
9194990
8534541
5188838
2571734
5718891
8273666
8888084
8021774
8052082
3367698
1695705
8217015
3189780
3561590
9109672
4425111
3454195
2837683
8963502
9090616
5168299
5167539
8484004
7727064
2390412
3180406
3550478
6020300
4640335
1809325
9695057
7234263
7535479
9868465
7093673
4031918
1786578
3650225
6578273
5104183
3783729
4393267
5247543
9457611
3997349
5895620
1168447
7461433
6193107
1075218
9735678
7729964
8286425
7114985
2052810
2974447
7250433
4573716
3789233
1847551
3334061
6569886
7521352
4168289
6166084
5887856
7155989
4192668
5249941
4029461
5045927
5657681
1402074
2990684
1658748
6053074
9807919
6686917
2072163
9947001
1929603
6625399
6164588
6467522
7173702
3692361
4008534
4334354
6570188
3756654
5106751
8474313
1563249
8806789
3670289
7893373
4054710
8399025
5566251
7544256
5693803
8589350
6455581
2030484
5252733
4957037
2599649
2325022
8100858
7703914
9758895
7973056
9423676
8248290
2442536
6263986
2244619
2070201
5023893
5439467
6405693
1329141
4486121
1774707
8790778
9897716
1427741
9161372
5287203
7579021
9213370
7750802
9437780
3488221
9521140
8905432
1262123
3391311
5136094
4770845
1859327
8930233
2170617
1649070
3786492
7535692
1153041
1485596
7956382
6632164
2386210
9713624
7091141
5886832
4608647
4793165
1983320
2433163
3163715
4980839
3770285
9203627
1913475
8346970
4770280
7102057
8035340
8912829
3246906
3452298
4795610
7218480
7037972
2334084
9563833
9649138
8786397
7679908
2576840
8141672
5731064
6978487
4625099
7837826
1924058
5688583
8082311
1988431
9615803
9223280
2789516
5614948
4366386
7576667
3410678
4812736
7019199
5489658
7565980
4549674
8911315
5667988
3265406
2214478
5088771
9564026
9507184
5132822
9544301
4399443
1153884
4111077
5731690
8922604
4347080
6513769
8713685
2530059
1674084
8687025
5356715
3291341
6760815
1656643
5451740
6906398
3840770
1964083
6944225
1222248
9527461
9727361
6774295
6396879
1393209
2174865
4206954
7251508
4648606
5281376
6531830
5320607
6786574
7683756
2156843
5963226
1242434
8702077
5993135
8801355
1849684
7395778
3689264
3108202
1381349
4648958
3594058
4696115
6106760
2562612
4113070
3255636
8576782
9990976
6781892
3064970
1261660
7155279
4318475
9476865
5107634
1074449
7107247
4362914
9772526
5321893
6868362
2347258
7004577
8924301
8580158
6496607
3999208
7254372
4523450
4362373
1196453
2463156
9946923
1051314
7434639
3006931
1527702
4828981
2985240
8066536
1691564
8231998
5339150
5619138
9393149
4534249
4924405
4742385
3985455
3044380
7871339
6129056
7773345
6770186
6178756
1724922
5715684
1437384
2212271
1281725
7044834
2191952
5597296
8230428
6547793
1138763
9814312
1337496
4457649
6861100
6034267
1242752
2920941
4984433
8028752
5440168
4062976
6170701
9843118
4309455
7764768
1718755
2003293
6315821
1046215
8378085
1316052
9364116
5453511
9280829
2200705
6669605
1403694
8480690
2288878
1331895
7790299
9726735
6631202
9233770
6680160
8488392
4851590
1368730
6468993
1012254
3424986
3360641
5533051
8112147
3455574
5055861
3628601
8569529
2015886
7568307
7528884
1528216
2586608
1206219
6274081
4746982
6674256
6017558
2792871
6800156
7980798
7712837
5417249
7951933
5197414
6551067
7706809
9296913
8108305
6243804
8992167
4370402
5551891
1533911
8679960
6535638
2666405
5284497
7185850
5613693
2684827
6374716
6866288
1799893
9163169
2560727
4243777
7691460
5739418
2796975
3604694
1165340
4003721
2803229
8599019
3476869
1520500
1020473
4249430
2083303
5484805
1228935
1732478
2411095
1361419
3054104
5411310
4832267
3922842
9324420
4324979
2233744
1482046
4703326
9676619
7212083
5769078
6836136
1543086
5266078
2427903
7120255
6966817
9343821
1923142
4830977
4781465
4333256
1535995
5774389
8829341
9634555
2508850
2473547
7582424
3855516
6965740
5586198
3377733
4842860
3984413
9063382
5892396
3110913
7577687
6393658
9310629
9546874
5738512
9393029
2710906
7456156
5466336
1812111
4046386
4015524
7156694
1272911
2605779
6387845
4803651
9359527
8396192
3412084
3789263
4619992
1488836
9253353
5941003
2739407
8193653
7390752
6388015
7342527
9786149
3524632
9993574
9158080
4857326
6487939
9647711
9151759
3936308
7612750
5744861
7264103
5445799
7845035
7432768
8168792
2062865
2870053
8421902
9957143
4944349
1097122
5172005
5098550
7585954
2453799
3023275
7296796
2516983
9979703
1517376
6095230
1789927
3586374
6521282
7652503
8444742
2707837
3152282
4589534
6998236
8151885
8076533
9811799
4570018
8248521
3254661
7048076
8728732
2773870
2570929
5394804
5433278
9355790
1588795
2135660
6826426
4673781
1876905
8377740
2433193
9866594
6765055
9979029
1341824
2776113
2811067
5637153
2632933
7327248
4988129
9373794
8559274
9321392
3511160
8431079
1493258
6017038
5437965
4231611
5836026
3225490
6901831
3669623
2325626
4528327
3812490
2672459
8818076
2494427
1091392
8046393
2840244
7218888
7138213
1211618
3698577
8871260
2509170
1816564
3483979
4683973
4901526
1262139
4636182
8969536
6954231
1739134
5863759
1231995
1342639
8061941
7201572
4722840
1757221
2886025
8054369
2712325
2859546
2215011
7985064
5031674
3958214
7007217
3298424
7957705
4885306
4261622
7237331
7479028
2120279
7997281
4872985
2094931
9713574
1272096
2363593
3543852
3770450
7528237
9758784
1115687
2177940
9370841
3296603
7751353
7873630
1324511
7555275
9148033
3594178
1058076
4943030
5993425
1923068
8836757
5942974
6680750
9334693
4859665
9989636
2343067
4148761
4164696
7796077
5561626
2561444
2443354
2999313
5788612
8026273
4692900
5765623
2180530
5158723
6318176
1407685
5240196
1450800
9673596
8805831
8364745
2657043
7219806
7357415
9695784
9131097
1285333
9573228
3973846
1892494
4292690
1570150
1736064
2720273
5709512
8601409
7067218
6125670
7304833
7917023
6048056
4177531
6072019
2737587
6851757
7812445
9554042
2248636
6878041
9080459
6260871
8675319
8799184
1000788
8041584
2778137
3047431
9886429
7747577
7565476
1636473
1745966
9103411
2485471
4066675
7430614
1128211
3830387
3277452
9629620
3709077
6383811
6266697
4910112
4380730
9964012
6231023
4517161
7748999
7346071
9489065
8587785
3285471
5613811
8877187
4654197
4355419
9646989
9257943
5956874
9020664
7192332
4148928
3619429
6862162
6053073
9267293
9028337
5861583
9763213
7838727
5376959
7771094
9708942
2219550
9538049
8969248
3309259
9482568
1887456
2133695
9654317
9424643
5187167
6660613
1267401
3704412
5197656
2787015
5986404
8903471
6500221
3545852
3301670
1742162
8091034
8160512
6554371
8182349
9195906
8220733
5184109
2383796
1447487
3090819
7164782
8283063
3069358
8597870
6300710
5369288
9155818
3661545
7403808
9940423
9023215
8866057
8558674
8365938
4211075
4216540
7477220
1390600
6376481
6635707
4173385
2562711
9745070
3845421
8548348
5177939
4075536
6925309
3846093
7688994
6003299
6827582
9304109
7360261
1207270
6201132
5506774
5182896
8793262
1845822
4553687
1588789
2704217
9325571
1605774
3935430
1897502
7314322
3383151
1192953
8366340
7312038
7895629
9735768
5245584
6325008
3020702
8989968
4971891
9336039
4541900
2048081
7746860
8932709
6871106
1261599
4352234
1590954
8462115
4425760
3120940
8451798
8345666
2753630
7462445
3638307
4568333
8396670
6999818
4009081
4089620
4149122
8951470
6938805
7219113
2373339
5798761
4496395
5769768
6185307
5581620
5990426
4027826
2208633
1692697
9079385
8657132
6088269
1527377
5211496
4209190
9514830
1538301
6041137
3906169
8419801
2761154
6974424
5808312
2484332
5269199
4021768
8634618
4397667
6003760
9815671
4938271
6269859
7694848
2814556
7020522
3398564
2063283
4293287
5034191
9359883
3635939
1498025
5647653
8314272
6221812
1919998
4521245
3151716
8917625
5661431
6020724
4169662
2457280
5979627
5188389
8848672
2842956
7326496
2874851
8438189
5625546
7353918
5579630
8199341
9995694
1455700
4812812
4627852
1042191
2294519
7561339
7678646
8213545
2911207
4103540
5938270
9850866
6980011
9680250
7651609
5514095
9689431
2287803
4883310
4869976
7406700
1844806
7424832
6327465
5924537
7786126
6379255
5547611
8135136
1174670
8618923
7078747
2691195
4841430
6937017
5998105
3218255
8113870
4252394
9075308
5133665
7252073
5633202
2526316
8529632
7934499
9380357
1361888
2988891
5196750
6578112
8479842
8416971
7881289
5523846
8180168
9607395
4768195
4850169
6959492
5153694
3955431
6967092
8631982
9746569
7155808
4759646
8411001
3928018
9624408
7690416
2717084
1163368
6363940
8062041
2753922
7414501
9801778
6387625
3034852
3678417
2122549
7798405
9693461
8808080
5370360
5978794
9169639
2192429
6039682
3620508
6214404
5039504
8195977
1133760
4117048
7405813
7155483
1286592
4616534
5927335
9609137
1280423
3179632
3099140
3598701
2794661
8730355
6283106
6771661
1631964
7420594
6439082
9026592
6222491
9848634
3789978
2423330
8300714
7606982
3981769
5932083
6520279
5128012
9297558
8133397
8757888
1618584
4474081
5896933
1150145
2718880
7361045
6241961
7757943
8277704
2756573
4236092
3460277
7122807
7263942
4604750
9360583
1953858
8438885
6986912
2595716
7975840
2745395
4121999
4986696
2578206
6840629
1905838
2751298
6909732
8375159
5745033
1623091
8452135
9787451
8251047
8974168
2910128
3549301
8738113
7609161
4674726
9510347
6446721
2293002
7450384
6357819
5490900
6736736
4911453
8173756
6972715
1493623
5036312
2395905
8511726
6979716
6791078
5887226
6069027
8040582
8460427
6057156
2280022
1034105
2020308
3430932
1746818
2287422
4150582
9451799
9051543
2006612
1043415
9761141
7978372
1821290
1231171
4202623
8199991
4900105
6583787
4627781
7304850
7859797
1381193
4403325
3449361
5672868
1187503
1268168
5353602
9252186
5614641
8607173
3185757
7206251
8802544
2285764
4031412
9912241
8486529
4898547
3100532
3097952
5904326
5629796
6706701
9171495
5612475
6847019
2162463
4447954
6568099
8273282
7188270
9397021
2595612
5841086
4223543
8209602
7559217
7917758
4571692
5314830
2132903
3393682
6181420
6877272
2517115
7486506
3570871
7042931
9736706
4900865
9078081
6949421
7553841
9330544
6622540
2608009
1736814
7748751
6852476
4183433
9548462
5677433
9418637
4252583
6654449
7117398
9626936
9877789
2243019
8260462
7661295
1987043
8468957
7887931
8490453
4156960
7039660
8195024
5017945
9396996
5338296
3104848
9912980
3376452
1598712
6801617
7373826
3923727
4602620
3465338
9475750
1364816
3977547
1128642
1442721
2328276
9998959
6119779
9721228
4252582
6886078
8280206
7911356
1399088
1470762
6809248
1770318
1214532
5174116
6131268
7846956
6599978
2661236
2798441
7498583
5178757
3727988
1536103
8655205
7277745
3443614
4503150
9210029
6463190
1625555
1706247
1522465
3128859
6459687
7303062
3773131
9824556
4146857
9216079
2495924
3973429
8220959
1448504
4253041
1361019
1651786
9502655
8648935
7570391
4305605
6447365
6005961
6300238
4867085
4288089
1356663
1125199
2883660
1772793
7270313
6704604
7338126
9284742
9580453
6525596
2564856
6605623
4549382
8294639
4293957
8334329
4711685
9733570
1652171
5266348
2833133
7893645
2670503
1539529
1904017
8599019
5494773
6385649
2336977
6206617
2331250
3066521
4413894
5060194
6242373
5522260
2305626
6454617
4972123
4452321
8655140
7918023
9539139
6297382
5857203
5585647
1144738
7153668
5671041
4537984
8471007
2369276
8216361
2555914
2279770
1268929
5445516
7499612
7380249
7125104
2595289
2039269
7439028
3436341
8417164
2970569
1768818
5479015
8234785
6834981
7233082
8900566
1140160
8612877
2998423
7828571
4937915
4599213
9523231
4521967
2445958
4606878
1005219
6035560
9537823
3843523
7301620
9200289
7223615
4992892
4114067
2515153
6462576
8159386
1055866
8224886
3080216
7110900
6404738
6941906
9481092
1179800
3599837
3034062
1778552
4439397
8789349
2284501
6534791
9152160
2101764
3238796
1619886
8695733
2510846
8418552
1741566
5164215
8642684
9175503
2311210
9326387
6938403
4884995
4282238
3912353
4890741
4508652
1698129
2800803
6255166
5914252
2439181
3506531
6632049
3288248
6969996
2366328
2386700
9394261
3663661
8813592
3864730
9432881
9736840
1458227
2706841
6309379
6435502
7678927
1748659
5754396
6899997
3116287
1090952
7894839
8438771
3784833
7434228
7930134
5992161
4962559
1353509
8280527
2771402
2815749
3434985
4884798
5697044
7889148
1724781
4063019
1540383
9598806
3570889
8720879
7389316
4311314
3936371
3443482
2035495
7691642
3380377
5055416
9534152
9579362
1203859
9387509
1283391
1319914
6485504
5385917
2498743
1577023
2426928
4790905
1109669
9553919
3886507
4840542
5603424
8409307
4666808
5065951
4654835
1738681
2524832
9276141
5825610
1575450
3545821
3894381
4925433
8560000
7074733
5455779
1413955
4995043
3604179
2609373
8904874
1974805
2388577
1256586
8638643
6000716
7362799
7908947
5822148
9152088
5715775
3891473
9374505
6086293
8005516
1586081
8996387
2914449
1646984
6533717
6412034
7866289
3270558
1677372
3994532
7024993
1213920
5354324
4786863
6707803
3783025
2682342
8661484
9116297
8798054
3025651
2190341
4645733
5512945
1202221
3549033
8726192
3427318
7869047
9891061
2983792
2693786
7217744
3990733
8253999
8096600
8412277
6335932
1167761
8004863
4680831
5329497
9337270
6191265
1945589
9092970
7427080
9690117
2901874
8650277
9938070
4453071
9891480
4817653
3760066
3853175
6880374
2130539
5368287
4604495
6790648
1848741
3461766
1378249
2421518
1637059
5404802
1345537
9927959
8968896
5991298
8110535
5735141
8059286
7435526
8014161
5906500
7355245
4700589
7670694
3434503
7168102
2472925
2328669
7846979
5536339
1962051
6594208
7326832
2214905
4625782
4607732
8766051
7599138
7248911
8403986
7840361
4600340
1158986
7483947
1048361
3737086
2753762
6875287
5010304
3278652
6703113
4931367
3479986
8952601
2670007
8763213
6856542
8550293
2573013
7014952
4370138
9249799
4395921
2100517
8564865
7111397
8254204
4876818
2165498
7848946
7367121
8506061
7753242
8351040
1060728
4068117
7301939
6490374
2166595
9978815
5617326
5356140
9045272
9038172
6390367
4146820
3008752
9705577
2153151
2868747
8706606
2648088
7039415
1446073
7338483
5902021
3258754
8176070
8234969
9395611
7611387
9881038
5442102
6117449
5312208
1794183
7102395
3277632
9008151
1658968
3773668
9332262
6772528
8861548
9508826
9207232
2697122
4553328
9291743
1392371
3948729
6163081
5622633
9910844
6149728
6271842
2136210
7991857
7480859
2726468
3987846
8692567
4752583
5644159
2698525
2365646
7381317
6874817
9491939
1062211
5207076
7793557
6255358
2009757
2404077
6863934
8125487
7389802
2407429
9678955
7159404
6647162
1273526
5978006
4986068
8023588
8021622
3682728
5500380
1518376
2710619
3123927
5153953
6374206
2028342
6201228
3959263
6305061
4160007
8502478
6116664
2918102
3500489
9335395
1052312
6473107
2543383
5708912
7911552
8081202
4855158
1376711
5314128
4223271
9032100
7129185
2214314
3525521
4765872
2066925
5439475
8332379
7533948
2158807
3589069
9826647
1903615
4966804
5576995
1387086
6025423
3327030
4384531
4191923
2278631
4541915
4739610
7419105
2630932
6940356
9563204
1323353
3867110
6623939
7063578
6336161
8305556
9865612
9633352
8262139
2518112
2156103
7792015
3673114
3243908
6664261
6367783
1744610
2330284
6709321
9038369
4521328
5992629
7267825
6848315
3999120
2653134
6858494
6725140
9705758
2978294
4373625
3528283
9467239
5594245
8284463
5540618
8826817
4045542
6473766
8091056
6395841
2905740
7505040
4768182
9013580
1242572
9903159
6006113
4904112
6587387
8853154
9896233
4317076
9486625
2213472
3579985
6007973
2529557
6550075
3017759
9345755
9609579
3561174
1399677
2945212
6372450
6038674
7250153
2765367
8914018
7209686
6349649
2628555
3876013
1858150
5406738
1215690
9568556
9949702
7243890
1090073
5444197
9175319
3303244
9005137
1569563
6554137
5330020
6191363
2370158
3002545
1384290
9588767
3885675
7791181
1288931
7197686
2401311
8221910
3224286
1616458
5377255
8834134
1383243
2209579
7641419
1775795
1812875
4073875
2975788
8842579
8029835
3701172
9691610
1034936
6011257
5050464
1714834
3652477
1068628
7838234
5896887
6485202
8033062
2306684
9109784
7088613
1986708
5742912
9369338
6057146
7399393
3308187
6379303
3611429
1152535
3697039
3894606
1702206
5687055
4841712
9549275
5356036
8765555
8146458
2146218
9446069
3299401
8307761
2266679
5906245
3978065
2318361
8547089
2855981
7701674
8834071
2688952
8979694
3270025
4181736
5452972
2819766
3470819
3393329
9734288
9772915
2833876
9734359
3125381
2209486
2569480
9168296
3020803
1005810
3067242
1145346
4648076
3780654
5351002
1098179
4511114
9148607
5692708
2005888
4859804
3392690
7955694
9670018
6976469
6496208
3595017
7354839
8154813
9970026
1270178
4423413
6132419
6053960
1282203
3966636
7381018
5447917
4826085
4166636
6595234
3805662
5534208
5730781
9596098
3290803
5880430
9901086
1075467
2251597
9057588
7588025
5624768
5425080
2965426
4004757
4196005
8871427
8170708
3717964
4236693
3791359
1230289
1574646
5435911
5927188
6570570
9890958
7197947
1761186
2193311
2339492
1282441
2506911
8678422
1477074
1112962
6818500
7734253
5357300
4060378
2054965
1138321
8835577
2355109
8937009
4728679
2189503
5212937
3145647
7882938
2269759
3712299
9680835
9311773
4486221
7685294
5369015
3753459
8778548
7367529
3006621
2935333
7654071
9801911
2366364
9532667
2041370
9107973
1092905
1056309
9338618
7140798
7901025
9214644
3058651
7426418
9801740
7846996
1273225
1296792
2021957
5604972
3020866
1623553
7464399
1609920
6726778
2489406
9324114
2336862
3981462
6010052
7766190
8220063
1472262
5744142
5377623
6272383
7624413
1517362
6959283
5359176
5108291
4698225
3640576
7782180
2112485
1398216
1472713
9751657
6464035
9664340
3012235
8120425
5592826
8570301
8012939
6283057
6487404
1702937
6006947
5271497
9861589
7734267
1905269
6975917
6385704
2879940
6265543
5361595
9200242
7070827
3851840
5219166
9858781
7453929
8552210
6017137
7934151
8928415
6758009
6170215
6201564
6332427
6828082
4965497
1618250
4407784
2086448
8094017
5729940
5982277
1369467
2261366
1392417
4403552
9176874
4264280
2377486
2846963
4496772
6408982
3594033
4750454
3624658
8043325
2710232
1839031
3261311
6312379
9469250
2390927
5355810
5736420
4781588
8564214
2687891
5659045
1810808
6480474
2333628
2865062
9036137
6464738
7333955
5155892
1327730
9441745
5754662
2753807
8360143
2157873
5037214
4773808
9406492
5797028
9951223
1839207
3014541
8391194
8517751
5579355
2275054
4722752
7616781
7609299
3732940
1960637
8077380
5867044
6192076
5692234
4985985
4789034
9919500
5388338
2320177
2088084
1194447
6528383
7096463
5631658
3942196
4804878
1361565
2495458
4779993
5011029
1159433
7984867
5211051
4821396
5650194
7105401
8920594
7115889
8940386
3316609
8742060
2296480
4452455
2541286
3563623
1970626
3931269
9353669
9588980
5634475
9028695
1341069
3369016
9369626
2848982
9997426
4890612
4347036
1674545
9366971
2475136
8448097
2392054
2846562
9509556
5713619
2955560
7699971
2054271
7017267
6151338
1217848
2427675
7221534
8470114
6008988
4804921
2500368
7410338
8646045
6945210
6026559
6121787
4945631
7539790
1458865
1708100
6704742
9437576
6059178
1387362
1091435
9724962
1189800
1218032
4232587
7739597
3827232
9464097
4848107
7331084
8203439
3890915
5737015
3099426
7325673
2363079
9885716
1571273
1257645
6246919
1123140
3287573
6492308
6229599
8381370
3633649
6780654
1564567
6515974
3975952
7778215
3713784
6358363
1375270
8568401
9558950
1479438
5431865
5796307
9946237
9025736
1561098
4403954
8452111
1668079
3229705
7305079
1025397
6468625
3136512
7473033
2687684
3538506
5374902
3136523
4258458
9577543
6964840
1112471
9118545
5252227
1288123
9594836
5838603
5838386
7820765
8482326
7916263
9754651
6039797
6658836
8672276
6149442
8486977
8440223
8485252
1097279
2986815
8034713
4162835
8732288
3475141
4172571
5798944
9240357
5357477
2703011
7615787
7444221
9082443
8020493
5196832
9571108
6927386
3393809
4145868
6884952
4226911
5316693
8450373
3594963
1484820
5630515
9419231
2357858
5234448
8858421
4526612
2249823
7466580
5254383
3677723
6173331
7484193
9866693
9298885
3415719
4854561
6575430
7909732
6111669
4619604
5330288
1510406
4425425
1534252
9313910
9058881
4063933
9075307
4012783
9906783
3367613
3542500
4032887
3161908
7232271
3247607
7225811
6926102
3411191
6157737
2887136
3979644
2968569
8762532
8395061
4492866
4615584
5407867
1313978
2019996
2385197
9289601
5352888
5122114
6438795
9979986
1288298
2506275
2160018
5693386
5236339
6683941
8736346
2988693
4593577
4916604
2575322
6436615
3437890
1229506
8168064
7547238
2492406
3211974
6973403
1526157
1319196
2339887
2151678
5721554
8814400
4097539
4291775
7578474
6496485
6218212
9761265
2063995
9736606
6616171
9175550
1417643
3747499
4534399
7501640
6992168
7983218
6668944
4402305
5864696
1343850
6260551
3008393
4979554
8501863
4021577
4331815
1536828
9990386
5383588
2776699
5428535
5684984
6192577
3836491
2519168
3889734
6869596
7379923
6746976
6408315
3020711
7555994
4895943
6256093
6793654
5759713
7648141
5212519
8903806
1712334
1836977
6117507
6034839
5482866
1798766
9057028
8025877
1331448
5328978
7320007
1288018
7466918
4856865
5173098
6462886
5245015
7224691
3450916
4732569
6875058
5916769
3000982
1855065
9964628
2087981
4037650
1223304
2974517
1517347
1231739
8079560
3418409
3736115
7192140
1151841
4670908
3204009
8642429
9648554
2476059
7286799
8942202
3607631
1636736
6260889
3400422
7965499
6654909
4117114
2125543
6582077
7434228
4156197
5848642
3992424
5283158
3264982
1153090
3629358
2441274
3551667
6095444
5156901
3183648
2259365
9256727
7331741
5326446
2397332
1143442
5209312
6791762
1569618
3278741
5475988
1462896
1826095
5892643
2797470
7718853
4630877
7881287
5083239
2304732
2747069
3392478
3807004
9608640
9011074
9388797
4781000
9753178
1166500
7806748
1364013
9120293
2879584
2790634
9415827
5495912
1969230
1624986
9837648
2676788
9650596
8546318
1453361
5489574
1896490
8355066
7789880
1005645
6042253
7942979
1019280
6332599
5593640
2784145
7645044
8714480
1920216
5086082
3726055
5638157
9402159
4003841
1137103
1020936
4146924
9296158
5594027
2292171
8672720
8789294
3394544
4818489
2313189
7448326
9147127
8093450
4047994
6828235
5741833
2837439
9410810
8324149
7527830
7198599
7830079
4280684
9353578
6130440
5199897
9615651
4168217
8887409
2298707
3430692
6410173
1196055
2157440
3304827
3717446
9962662
7489730
6982606
3946778
2818570
4118988
2250852
6591068
5249709
9710745
7063310
7493690
1211506
2406020
1299787
8094234
1415003
3754609
5080839
2283893
1831472
1064508
1367438
9932592
5124336
1519889
6543581
7392478
2872484
9088948
8829560
5446826
2052489
4565171
4188010
4133148
2491390
1473881
9470146
2401378
5998270
3319396
7684227
2086369
7346775
2406114
1699742
1865636
4327587
8589831
8952274
2755533
3242038
5811738
7990004
7193226
3574609
8193665
1902099
6722066
4255942
4355402
6982439
2104320
7704565
7436636
5797906
8721248
7638125
4793357
3654614
6311887
6212789
5696214
5955697
2831280
7439221
4938228
7612862
4566893
7645096
5486096
7912357
3362834
6003564
3511106
2157141
8015737
9525405
7608978
7243919
9848473
6002966
8990583
3829774
8128953
6894232
6870700
1842238
3592388
3274607
9111272
8601130
6947837
5361427
6827285
5548049
7240389
6373476
5002795
1615619
5583499
1842777
3526974
2545839
5663924
7969290
9853269
4330800
1815683
1632099
7747221
7174186
2418563
3752515
1568342
9993502
8776923
2199645
5026156
5300725
9754746
7560021
7932009
3671492
2516339
6520079
6926073
7311619
4866154
4010060
7981847
9842716
6348824
6829614
4253942
1377714
7723419
5445342
8997643
3230095
6360802
9848107
7756465
8711194
1585153
9594901
7210125
5122791
9727304
2259385
9530011
9481168
9557912
9711671
1141089
8711661
1883449
2055145
5601027
9428823
7459054
5663078
5500247
2454250
9715178
7511328
8835770
5578820
2572728
1718434
6487779
1138600
2074933
5260045
4473303
2046247
5236921
6063020
5348212
9120433
8013342
3313310
5396954
9874447
2787576
5088979
6405327
4131292
1495326
2703226
9158347
8028853
5814129
3627753
3031923
1868014
9430211
5696910
4671370
5186774
9284281
2757933
8107829
8284284
7965556
8485034
6667470
1475427
6763732
4912193
7190484
3683219
9018159
8202011
3105425
5376682
7731913
9035723
7163140
4826203
2688308
4799961
5828376
4877980
6920907
7342430
7054941
3290957
3285049
6487320
1787637
3187271
6131767
5049328
4488474
7998579
9930863
5507465
1266991
4471196
7295547
7877555
8792885
4763031
9247282
3062352
6065775
4754609
7414427
2111566
8934311
8485904
2151602
2208726
9002211
7152022
9275707
8306339
3664659
3186730
5726390
9589255
3437452
2667553
6655435
1459689
7039298
9094845
4216614
9909699
3894265
5144492
8463276
5605130
7985958
6336283
4324414
6627862
7307108
7951507
9363806
4556293
9551921
1586836
5458360
1697866
8537395
3134873
9878107
9924067
9967037
7043676
6555873
6537914
8270607
8892170
9602787
2370211
1249412
8646833
1192281
4107062
6638982
4248097
1868929
6032831
1915079
8170480
7527365
3772644
6865210
2785897
4610602
1132270
5390882
1330599
5772070
1563460
4681457
4581438
9698474
9287779
3145868
2908298
6995778
9700001
2398413
1765451
4756817
4615739
1379529
5821760
5345208
7046156
5675739
5709339
5844232
4471153
6804458
4057358
5186118
2127003
3929382
9247451
4155319
9740755
3907473
5477025
6906933
1469396
1145604
8823701
4742201
6001837
2159544
4551261
7551025
8045188
7093094
8598804
9867844
7242707
7544729
2202771
3051379
9342853
3718122
9329628
5537707
5754712
5117900
3278812
5284065
6461745
6084307
9969849
4503021
2807124
5798807
2579569
6030251
8912226
9571029
8362725
9450934
2354648
5280752
7299461
2382942
2373420
7786859
5575949
8425675
4746666
5095155
4007168
3270187
3370687
1333163
1315379
7754664
7160013
3701512
7671668
7926702
6605648
3914415
3223547
8893564
9899640
7374059
9909385
4663737
7220775
4989604
3112583
3534114
2083508
6630084
5736418
6304265
2547072
4374364
2056150
5422680
7072056
1767015
3635719
4083430
5411772
8784109
2282855
5576905
4650911
3646300
1333444
2567701
2992527
9090890
9921848
5302525
8872383
9492238
6065551
8445512
9552370
2896952
4392660
8979669
5676601
2336125
7470116
7181834
4800097
2681480
4273446
4352178
5683134
6537654
3814586
6457549
5273884
7033657
5720097
9586021
7936382
8886032
4153589
2783142
9117399
4054061
3383370
1976038
8495089
7784951
2137612
2905102
5669308
3716609
9394186
3432624
2300464
4837899
8133698
2534201
8196878
7691064
5402494
3681353
8420347
1461944
8296855
1712625
9899605
6734487
6292689
8336396
5177523
6134149
2505943
1038513
3845551
9636240
1105967
9133264
1752847
7962175
4235735
6690908
4394923
8265632
6950402
3117185
5340985
6886190
1149773
2002022
3094303
3316651
9723958
9144341
9410959
9139892
3553847
5057144
9529953
1400494
8534831
6419902
8213549
1182083
5327577
3149407
6103471
1829954
8687648
8725620
9610632
2050414
4033554
8032739
9920217
3359757
2604859
1459890
2163706
2547149
8198573
5577594
6991532
5164994
9692814
6910606
4462587
2250803
4153506
2283004
7236519
2311254
6158962
1089435
8405028
8598401
9578725
7283590
1884688
2321715
4905124
3206544
4950004
9847539
1690395
2052042
5734766
4437400
1468959
4849297
2282989
2427992
5216562
8140923
1446158
2770829
4870350
9954564
2064038
5020116
3385240
8070739
6228792
3371328
4516603
3181219
3793416
8030040
8937777
3496239
2084697
2264949
4176725
6538038
9171411
8235255
4621212
6221208
5461576
7868495
3366340
7487992
5265849
5448304
3468132
4154586
7852580
1599803
3527165
6220495
3455400
1679800
7327849
4219759
6008299
1180956
7600587
2956430
8096522
7901695
5414822
8197171
6126730
5434830
7554321
8649821
4586654
4636097
6340419
1667967
4484161
7484661
4226491
5006277
8055423
2304501
7936298
8740104
9200166
6275084
5040637
9388631
2092185
4844191
2084364
8881415
4913840
8033897
3042520
9184804
6787273
4484199
5040644
6681072
9034291
2070446
9504098
4969172
2026188
4787433
6542129
6103990
4861305
8277960
4384444
4077554
7116661
9540294
5629542
9832403
3547485
5886753
4962988
8643764
6110258
7139456
3785211
4328163
8878647
8851824
3650858
3904870
1553486
8827216
4335187
1596576
1666085
8573174
3899014
4668397
9700286
3199233
5019613
5360821
6173758
3167209
9352774
8804942
5593477
8244763
7884806
5560285
2317680
8679410
7947218
6136942
7630603
5499595
7348740
3720170
1440225
5322856
6873835
5356874
1763792
1522241
4611554
5711418
2707855
5039533
2250341
8185287
1104107
6466295
6283073
3622411
4374010
3001135
1515371
1100121
4614295
1280590
3523427
8331957
1229791
2832030
9365873
6291238
5451786
6406210
1647767
2570174
3199813
9222402
7029225
5821393
3001247
2241834
3972082
7913045
7984778
1492796
7708201
2393426
7413699
4258483
9174635
3497354
9712053
8324450
5663201
9843795
9218962
5591749
4860900
9746498
2603202
5679878
9919576
6269746
6894801
4418962
9184734
5509854
5586924
1327478
6384654
9778492
2602491
4199692
5242500
4442707
6079836
8884147
7067720
6971958
8020694
2256030
7252356
2410417
8338381
2609852
4462241
7116388
1966214
6667584
9534955
3220702
2897194
1557898
2256494
2965124
9654455
4872118
2881080
2522298
4401500
9036387
4304984
3211025
2046053
9157271
7341462
6427899
7712215
7094521
4062340
8799515
3996381
9452000
2638988
1904473
9397460
9717715
4286547
7572420
8097835
5074504
4440710
4057464
9556855
9890481
4898108
3011746
7484980
7952771
5521100
2712467
4973295
5983882
4567464
2609106
1334044
9956698
6142320
4346221
2668603
9163071
3764811
4493217
4934863
8918752
6706211
9412336
3473489
1747863
7849487
5765131
9068802
6157516
4732982
1450320
8703239
7870003
4540442
9776014
1280657
9082852
7608323
5839495
9302493
4958394
1123581
5195869
1146232
3209630
7843356
1570145
1099654
1827628
9191198
5478048
5105133
6270783
4089864
9716695
4141709
4186641
4037973
7822321
9319674
2572230
7889747
9173214
1752140
6776289
1982064
6899423
7153189
8533887
7669205
4479623
8611316
3146339
3566905
2929780
4377738
9615090
8901008
1816087
8684834
2286009
8766340
1073176
6462837
5899884
8515485
4490878
2881791
4985536
3380460
4071278
9433595
2518547
9575445
2125266
7183853
1657379
9968390
3988884
9968865
9890468
2026594
5865803
3333190
8730351
5591546
3508718
8908265
5413399
7029181
8158103
9240271
5364246
5249927
3175098
8709441
8814984
1129768
7990158
1470447
6721021
6813717
1345082
2283134
6277741
9550908
9087468
7381179
8185528
3114843
8156943
5500091
8282557
9254801
3812556
6892347
4520508
3605697
5899963
3763709
9386245
2729171
4323889
6646899
2348282
8112421
3110564
4765065
7263306
7937874
8359141
8052357
6970320
7912360
4443838
2652441
4903916
4598663
5197452
4490116
5960441
4444928
6250327
4278933
7611407
1489068
4024880
2079913
5018338
8890326
1270211
9021014
6631379
7531738
5856013
7383088
2688349
2699599
9480351
2998643
2342139
2437122
3861380
7066938
6700568
3892477
3206440
8077559
4301240
2455703
4710027
2789706
5814037
8390693
8854324
9509503
1397644
5355025
7326881
4286362
4658122
5597713
6829486
3138013
2324689
4217802
2723988
1994246
5526056
3995013
6389028
9457769
3691675
8380762
2880300
7321877
8038350
7147772
5904506
4005877
2615247
1721877
2234871
3622957
1202453
9256498
1056014
7386103
7634724
2269305
5661069
1738061
4334052
9822217
8753068
2091426
9649361
9133978
5478964
2392515
8935067
7390599
5139881
9710155
9725401
4077200
7385500
9457830
5578537
2940492
4619746
3637141
6373540
9716262
7034073
6935611
5278273
1755247
9449733
8549855
1464399
9133628
8557830
1955955
4798071
4533208
9185029
7536323
4869640
5342508
3025198
5553241
8379653
6685996
2076528
8469631
8710869
9098078
9998219
6176190
7070610
1944662
9863826
1852750
9574317
6785869
8957130
8734918
2656832
1005155
4056841
8085998
9736556
2180481
9199491
8360187
6036571
6338900
7542465
1344130
5330145
6468398
6922659
8516807
3321143
3321230
1512840
2964615
8684768
4266426
5466803
6785620
4963105
4237922
8186968
7515689
7603843
3062865
8739176
5395630
8809610
9535751
1246186
9834429
5682915
6363978
6354251
7906405
9726162
8021286
7743192
9604390
7614322
6159281
3083417
4226566
6850009
8144331
2493712
2878642
4768082
3965436
8346075
7954752
5633701
8772384
6342190
6170061
2317749
8940881
8701757
8359697
7209609
8978107
4513713
1550859
3310261
5960925
3446720
7912457
1942361
9239437
1676890
3619071
7690219
2086716
2772722
6618372
3519473
8108412
4573298
2569673
2625395
9067302
8392427
2116955
6383830
4445544
9354995
3880626
9954963
1372174
3818287
9897881
6719738
8676375
5699852
9966424
2404210
9740059
8484913
8995768
7682979
2822203
6197424
3142654
7998949
3411961
3371924
1069819
6270442
4643361
8039309
8149483
3697889
4004071
3635194
6374868
6911606
5488138
6983911
5622728
5762783
1260464
6418128
6883374
3901432
1079947
8308524
2805308
6363977
1728812
3362950
6443425
8410734
7243511
7739216
4373346
5594688
3622198
7922857
9946003
9743802
3983913
5916945
1644200
6502815
1696254
3300122
6361331
2143122
5078749
7492258
4587064
5535335
9374167
7182975
3018870
4241264
6042831
1651978
9465120
4597379
2507776
8331895
6767789
6984562
5079064
7629251
2263404
8077515
1925540
9048152
1754987
2276122
4606582
4499430
9595376
7873251
8087292
3962059
6308993
5936925
1797738
7345148
3184217
7679579
9433090
5445468
7840339
8156333
5828578
9472948
4794051
7824527
3452470
7756452
8151722
7955384
9384415
3235002
1212202
2592038
7089795
2958153
5596107
6132721
6562422
5052316
2692148
4954645
3681553
3013795
5048165
3770772
4335313
7046413
2036659
8843540
9716738
1591654
8717716
7222645
4575285
2787964
4393950
1077902
7125111
3127197
4076826
5570568
2784124
8430427
9302774
4059467
4906395
2051844
6105899
2734368
2842570
1807107
3911003
1897279
2238333
9037995
4476199
7125642
2554922
4300445
5984679
8755609
2761080
4965687
7616674
6246960
2594360
1116344
7310480
6699583
8717076
4819650
3854437
2238161
3613830
5053584
8594968
8014607
3424772
7543849
8817940
7435510
7078706
5805867
3372086
2702958
4007623
2435963
7089951
9104725
7960628
4850892
9547988
3687012
7127938
9957662
9570156
9894487
3837987
7180362
5272961
6580179
9372434
6024436
6164625
9295732
9081719
9680248
2371054
8769333
5716749
7771200
4795005
9051116
7542590
2749916
7946123
4680397
8330040
5726947
2215710
3277125
8464273
3641962
7767114
8759802
9166136
2850779
2979074
8060114
8664965
5507153
3760065
8150202
4794956
8359121
2519968
9005760
2267821
7928987
4358890
7180115
4876079
2957801
9240910
6789297
8146453
1920135
2185732
5152601
3505969
1319532
7013571
7138235
8386007
5887584
7825242
1330333
1718124
7273415
6538076
5569480
5307568
9287573
8933353
7154691
5174033
4023610
7959778
8095942
5427641
8075160
9270683
8646257
1794442
5679732
4879672
3555918
6978448
7260890
3626881
9518949
4618648
1740244
6244063
9344359
6149759
8774244
2659907
1377861
3951580
6516352
4079315
9405674
3174218
8290733
9704200
7184054
8499520
3337752
4427101
1919493
1993299
1980617
3729530
9416664
9612982
9401945
2577042
4179059
7998199
5755574
5021424
8258879
6087781
7871252
6499288
2479016
5123537
8990687
3653997
4116938
1753578
6218015
5732214
9248999
9545044
6947843
3128638
9304533
5542738
9507801
7931259
9291238
5500227
7160997
7879414
5514304
4500235
1170336
4262580
5422479
8574410
2357372
1801803
1860663
4510234
5944597
2203248
8822943
4315428
7957218
6406288
2379946
5572884
8835932
4454630
6937440
6644558
9963062
2550588
7961197
3336863
9327119
4544771
5724057
2894096
8945196
4545903
9508744
6649200
7922906
3461510
8740923
6482097
5520722
7151114
4659174
1353565
3077262
6843751
8351091
9605298
4373091
3967677
6006640
2344195
9016112
5576689
6010733
1032279
4081342
4458784
9845953
5169071
9708008
4474430
1354741
6527964
3630438
8767686
4045617
2274734
6945829
6766097
5981350
7907820
6974858
6166035
1001116
3263264
4280334
3276804
6432861
9817785
2366660
4136411
7685066
5566366
8992897
2487025
6929293
4211577
6941196
5091853
1490071
8889162
1987646
9688763
5316067
2389893
1480899
1032569
5087690
3385229
8184155
9138340
7457401
1367682
3111035
8463368
2844256
5984745
3144847
8421455
7130637
1111146
5870996
4856859
3879641
6220719
5115041
3414006
2319288
6326058
8759854
5137304
4745583
6833399
8547848
7827034
8372722
5881492
4029316
9813251
1600260
5477933
6398338
6833440
5407699
4864636
4897996
2801568
8389499
6748584
6382168
3568952
4437482
3360413
1023730
2591276
2597844
3619732
6322470
6947734
7268800
8394947
9720109
4502003
3698194
7895975
8660606
3058243
7976683
2043217
8783215
9029777
2169223
2606022
3003012
8706404
8464853
6500642
8734279
4461676
2915044
6810823
8593377
8066815
1040444
1538394
5697520
6487734
4927755
9028814
9740754
8206283
7023890
9141244
5975009
9303165
8821904
6461242
3487552
2150663
3513069
8091299
9286845
1049549
6618610
1316672
3768911
6982440
5260615
4021972
5293979
6635083
1552924
9220429
4961426
8333765
8789020
7798744
7570741
1901497
1269288
9037301
7545563
1984764
6530073
4097261
6180627
6343127
4593544
1473248
5771958
4703765
7831753
9810516
4280783
8993854
7618213
6943378
2812717
5180260
3283024
8113978
9751680
2034837
3898771
4282993
7559907
4153562
8458922
8933896
7220633
4179878
3030185
2496993
1802283
5065026
3355611
9805853
1264593
8172880
9807779
5597201
5912736
1684294
9633287
4998722
1248323
7892100
7387961
3615173
9143213
1421313
6485032
5802555
4715222
8283338
6171816
4090108
7345052
3141932
1752845
5605131
8030620
1577844
3236790
8276545
6230169
2368348
9835680
3840190
5354261
5022232
2567640
9823773
6894974
7589728
9393974
7257086
1171091
3763048
7451614
8948713
5889127
6657550
4513808
8823144
7369773
5221571
7128123
3229526
9865037
1746341
5839398
5192967
3121686
6103483
4917744
7504383
5597349
6646586
7394441
1028750
9082005
7110647
3289456
2401795
2358400
8051053
7437030
7129552
4306965
2605577
8883995
7350582
9763522
4439891
1408504
3248497
2329221
6905711
1076053
2843391
8783910
2480524
7279941
3636540
7579607
4212700
8418590
6102785
7327895
3250261
5223501
9760326
4353299
9100174
7165922
6066260
1991846
8534453
8558424
9800375
7110315
7330687
9299297
7254827
5668176
8383297
6906184
4860910
1484246
6374983
1630102
3332310
3650823
8222186
8327513
1595996
7767415
1576590
9162634
1781264
1733751
5829467
9372454
9372486
1270029
7103748
4466799
5650392
7674624
6029150
1244804
5860125
2543835
1604499
3163007
5114122
6021504
1474159
7439198
8781759
2689552
3349497
3181061
3121820
6370408
8452766
1400906
8364557
3242166
6316065
7119313
7741724
5942269
2167967
8351569
6608109
2209717
1215193
6010679
3937271
5101614
2201338
1607801
9775912
7067943
1769252
2178214
8644369
8197259
1224909
3599045
8842195
8305635
7533255
8739091
1656154
6199634
2411976
2379825
8574992
1606941
5536158
3032901
3206764
2739441
3807790
9369872
2084157
7515066
4982382
2923521
1039976
8858409
9242945
3758496
3184929
9884382
5921538
6666374
3346401
1388671
3049948
7905203
5211452
4194248
5079841
7550184
4947166
7818411
1011960
6301726
7107381
6658074
2787556
3724502
9960682
4259899
2733242
8026299
9056596
7035108
9930146
9646118
7788981
6417471
6943169
1667185
3367912
1929616
6301838
8721238
9518674
1674309
6427411
6343368
9001304
4190165
9587725
5710394
5184944
7186757
9459439
6369512
4642116
8470463
5302763
7100516
9275164
8758219
3922826
8618538
5956779
6889131
6267597
7394789
3344452
8832138
2928180
7300379
1476605
1643669
1436983
8984158
6174643
1488453
8137706
2751454
3962304
4629420
3408733
7093380
8425970
7223862
8796564
6014768
3107365
6851258
6600940
2304245
5215363
9380314
9486782
3368955
1856762
1629447
6418272
4465759
6587718
3281688
6190881
5250038
3375135
2433589
4536925
7175320
9892390
1381951
4089210
1738050
8951619
