1000
9000000
8999999
8999998
8999997
8999996
8999995
8999994
8999993
8999992
8999991
8999990
8999989
8999988
8999987
8999986
8999985
8999984
8999983
8999982
8999981
8999980
8999979
8999978
8999977
8999976
8999975
8999974
8999973
8999972
8999971
8999970
8999969
8999968
8999967
8999966
8999965
8999964
8999963
8999962
8999961
8999960
8999959
8999958
8999957
8999956
8999955
8999954
8999953
8999952
8999951
8999950
8999949
8999948
8999947
8999946
8999945
8999944
8999943
8999942
8999941
8999940
8999939
8999938
8999937
8999936
8999935
8999934
8999933
8999932
8999931
8999930
8999929
8999928
8999927
8999926
8999925
8999924
8999923
8999922
8999921
8999920
8999919
8999918
8999917
8999916
8999915
8999914
8999913
8999912
8999911
8999910
8999909
8999908
8999907
8999906
8999905
8999904
8999903
8999902
8999901
8999900
8999899
8999898
8999897
8999896
8999895
8999894
8999893
8999892
8999891
8999890
8999889
8999888
8999887
8999886
8999885
8999884
8999883
8999882
8999881
8999880
8999879
8999878
8999877
8999876
8999875
8999874
8999873
8999872
8999871
8999870
8999869
8999868
8999867
8999866
8999865
8999864
8999863
8999862
8999861
8999860
8999859
8999858
8999857
8999856
8999855
8999854
8999853
8999852
8999851
8999850
8999849
8999848
8999847
8999846
8999845
8999844
8999843
8999842
8999841
8999840
8999839
8999838
8999837
8999836
8999835
8999834
8999833
8999832
8999831
8999830
8999829
8999828
8999827
8999826
8999825
8999824
8999823
8999822
8999821
8999820
8999819
8999818
8999817
8999816
8999815
8999814
8999813
8999812
8999811
8999810
8999809
8999808
8999807
8999806
8999805
8999804
8999803
8999802
8999801
8999800
8999799
8999798
8999797
8999796
8999795
8999794
8999793
8999792
8999791
8999790
8999789
8999788
8999787
8999786
8999785
8999784
8999783
8999782
8999781
8999780
8999779
8999778
8999777
8999776
8999775
8999774
8999773
8999772
8999771
8999770
8999769
8999768
8999767
8999766
8999765
8999764
8999763
8999762
8999761
8999760
8999759
8999758
8999757
8999756
8999755
8999754
8999753
8999752
8999751
8999750
8999749
8999748
8999747
8999746
8999745
8999744
8999743
8999742
8999741
8999740
8999739
8999738
8999737
8999736
8999735
8999734
8999733
8999732
8999731
8999730
8999729
8999728
8999727
8999726
8999725
8999724
8999723
8999722
8999721
8999720
8999719
8999718
8999717
8999716
8999715
8999714
8999713
8999712
8999711
8999710
8999709
8999708
8999707
8999706
8999705
8999704
8999703
8999702
8999701
8999700
8999699
8999698
8999697
8999696
8999695
8999694
8999693
8999692
8999691
8999690
8999689
8999688
8999687
8999686
8999685
8999684
8999683
8999682
8999681
8999680
8999679
8999678
8999677
8999676
8999675
8999674
8999673
8999672
8999671
8999670
8999669
8999668
8999667
8999666
8999665
8999664
8999663
8999662
8999661
8999660
8999659
8999658
8999657
8999656
8999655
8999654
8999653
8999652
8999651
8999650
8999649
8999648
8999647
8999646
8999645
8999644
8999643
8999642
8999641
8999640
8999639
8999638
8999637
8999636
8999635
8999634
8999633
8999632
8999631
8999630
8999629
8999628
8999627
8999626
8999625
8999624
8999623
8999622
8999621
8999620
8999619
8999618
8999617
8999616
8999615
8999614
8999613
8999612
8999611
8999610
8999609
8999608
8999607
8999606
8999605
8999604
8999603
8999602
8999601
8999600
8999599
8999598
8999597
8999596
8999595
8999594
8999593
8999592
8999591
8999590
8999589
8999588
8999587
8999586
8999585
8999584
8999583
8999582
8999581
8999580
8999579
8999578
8999577
8999576
8999575
8999574
8999573
8999572
8999571
8999570
8999569
8999568
8999567
8999566
8999565
8999564
8999563
8999562
8999561
8999560
8999559
8999558
8999557
8999556
8999555
8999554
8999553
8999552
8999551
8999550
8999549
8999548
8999547
8999546
8999545
8999544
8999543
8999542
8999541
8999540
8999539
8999538
8999537
8999536
8999535
8999534
8999533
8999532
8999531
8999530
8999529
8999528
8999527
8999526
8999525
8999524
8999523
8999522
8999521
8999520
8999519
8999518
8999517
8999516
8999515
8999514
8999513
8999512
8999511
8999510
8999509
8999508
8999507
8999506
8999505
8999504
8999503
8999502
8999501
8999500
8999499
8999498
8999497
8999496
8999495
8999494
8999493
8999492
8999491
8999490
8999489
8999488
8999487
8999486
8999485
8999484
8999483
8999482
8999481
8999480
8999479
8999478
8999477
8999476
8999475
8999474
8999473
8999472
8999471
8999470
8999469
8999468
8999467
8999466
8999465
8999464
8999463
8999462
8999461
8999460
8999459
8999458
8999457
8999456
8999455
8999454
8999453
8999452
8999451
8999450
8999449
8999448
8999447
8999446
8999445
8999444
8999443
8999442
8999441
8999440
8999439
8999438
8999437
8999436
8999435
8999434
8999433
8999432
8999431
8999430
8999429
8999428
8999427
8999426
8999425
8999424
8999423
8999422
8999421
8999420
8999419
8999418
8999417
8999416
8999415
8999414
8999413
8999412
8999411
8999410
8999409
8999408
8999407
8999406
8999405
8999404
8999403
8999402
8999401
8999400
8999399
8999398
8999397
8999396
8999395
8999394
8999393
8999392
8999391
8999390
8999389
8999388
8999387
8999386
8999385
8999384
8999383
8999382
8999381
8999380
8999379
8999378
8999377
8999376
8999375
8999374
8999373
8999372
8999371
8999370
8999369
8999368
8999367
8999366
8999365
8999364
8999363
8999362
8999361
8999360
8999359
8999358
8999357
8999356
8999355
8999354
8999353
8999352
8999351
8999350
8999349
8999348
8999347
8999346
8999345
8999344
8999343
8999342
8999341
8999340
8999339
8999338
8999337
8999336
8999335
8999334
8999333
8999332
8999331
8999330
8999329
8999328
8999327
8999326
8999325
8999324
8999323
8999322
8999321
8999320
8999319
8999318
8999317
8999316
8999315
8999314
8999313
8999312
8999311
8999310
8999309
8999308
8999307
8999306
8999305
8999304
8999303
8999302
8999301
8999300
8999299
8999298
8999297
8999296
8999295
8999294
8999293
8999292
8999291
8999290
8999289
8999288
8999287
8999286
8999285
8999284
8999283
8999282
8999281
8999280
8999279
8999278
8999277
8999276
8999275
8999274
8999273
8999272
8999271
8999270
8999269
8999268
8999267
8999266
8999265
8999264
8999263
8999262
8999261
8999260
8999259
8999258
8999257
8999256
8999255
8999254
8999253
8999252
8999251
8999250
8999249
8999248
8999247
8999246
8999245
8999244
8999243
8999242
8999241
8999240
8999239
8999238
8999237
8999236
8999235
8999234
8999233
8999232
8999231
8999230
8999229
8999228
8999227
8999226
8999225
8999224
8999223
8999222
8999221
8999220
8999219
8999218
8999217
8999216
8999215
8999214
8999213
8999212
8999211
8999210
8999209
8999208
8999207
8999206
8999205
8999204
8999203
8999202
8999201
8999200
8999199
8999198
8999197
8999196
8999195
8999194
8999193
8999192
8999191
8999190
8999189
8999188
8999187
8999186
8999185
8999184
8999183
8999182
8999181
8999180
8999179
8999178
8999177
8999176
8999175
8999174
8999173
8999172
8999171
8999170
8999169
8999168
8999167
8999166
8999165
8999164
8999163
8999162
8999161
8999160
8999159
8999158
8999157
8999156
8999155
8999154
8999153
8999152
8999151
8999150
8999149
8999148
8999147
8999146
8999145
8999144
8999143
8999142
8999141
8999140
8999139
8999138
8999137
8999136
8999135
8999134
8999133
8999132
8999131
8999130
8999129
8999128
8999127
8999126
8999125
8999124
8999123
8999122
8999121
8999120
8999119
8999118
8999117
8999116
8999115
8999114
8999113
8999112
8999111
8999110
8999109
8999108
8999107
8999106
8999105
8999104
8999103
8999102
8999101
8999100
8999099
8999098
8999097
8999096
8999095
8999094
8999093
8999092
8999091
8999090
8999089
8999088
8999087
8999086
8999085
8999084
8999083
8999082
8999081
8999080
8999079
8999078
8999077
8999076
8999075
8999074
8999073
8999072
8999071
8999070
8999069
8999068
8999067
8999066
8999065
8999064
8999063
8999062
8999061
8999060
8999059
8999058
8999057
8999056
8999055
8999054
8999053
8999052
8999051
8999050
8999049
8999048
8999047
8999046
8999045
8999044
8999043
8999042
8999041
8999040
8999039
8999038
8999037
8999036
8999035
8999034
8999033
8999032
8999031
8999030
8999029
8999028
8999027
8999026
8999025
8999024
8999023
8999022
8999021
8999020
8999019
8999018
8999017
8999016
8999015
8999014
8999013
8999012
8999011
8999010
8999009
8999008
8999007
8999006
8999005
8999004
8999003
8999002
8999001
