100
5000000
4999999
4999998
4999997
4999996
4999995
4999994
4999993
4999992
4999991
4999990
4999989
4999988
4999987
4999986
4999985
4999984
4999983
4999982
4999981
4999980
4999979
4999978
4999977
4999976
4999975
4999974
4999973
4999972
4999971
4999970
4999969
4999968
4999967
4999966
4999965
4999964
4999963
4999962
4999961
4999960
4999959
4999958
4999957
4999956
4999955
4999954
4999953
4999952
4999951
4999950
4999949
4999948
4999947
4999946
4999945
4999944
4999943
4999942
4999941
4999940
4999939
4999938
4999937
4999936
4999935
4999934
4999933
4999932
4999931
4999930
4999929
4999928
4999927
4999926
4999925
4999924
4999923
4999922
4999921
4999920
4999919
4999918
4999917
4999916
4999915
4999914
4999913
4999912
4999911
4999910
4999909
4999908
4999907
4999906
4999905
4999904
4999903
4999902
4999901
