1000
4999001
4999002
4999003
4999004
4999005
4999006
4999007
4999008
4999009
4999010
4999011
4999012
4999013
4999014
4999015
4999016
4999017
4999018
4999019
4999020
4999021
4999022
4999023
4999024
4999025
4999026
4999027
4999028
4999029
4999030
4999031
4999032
4999033
4999034
4999035
4999036
4999037
4999038
4999039
4999040
4999041
4999042
4999043
4999044
4999045
4999046
4999047
4999048
4999049
4999050
4999051
4999052
4999053
4999054
4999055
4999056
4999057
4999058
4999059
4999060
4999061
4999062
4999063
4999064
4999065
4999066
4999067
4999068
4999069
4999070
4999071
4999072
4999073
4999074
4999075
4999076
4999077
4999078
4999079
4999080
4999081
4999082
4999083
4999084
4999085
4999086
4999087
4999088
4999089
4999090
4999091
4999092
4999093
4999094
4999095
4999096
4999097
4999098
4999099
4999100
4999101
4999102
4999103
4999104
4999105
4999106
4999107
4999108
4999109
4999110
4999111
4999112
4999113
4999114
4999115
4999116
4999117
4999118
4999119
4999120
4999121
4999122
4999123
4999124
4999125
4999126
4999127
4999128
4999129
4999130
4999131
4999132
4999133
4999134
4999135
4999136
4999137
4999138
4999139
4999140
4999141
4999142
4999143
4999144
4999145
4999146
4999147
4999148
4999149
4999150
4999151
4999152
4999153
4999154
4999155
4999156
4999157
4999158
4999159
4999160
4999161
4999162
4999163
4999164
4999165
4999166
4999167
4999168
4999169
4999170
4999171
4999172
4999173
4999174
4999175
4999176
4999177
4999178
4999179
4999180
4999181
4999182
4999183
4999184
4999185
4999186
4999187
4999188
4999189
4999190
4999191
4999192
4999193
4999194
4999195
4999196
4999197
4999198
4999199
4999200
4999201
4999202
4999203
4999204
4999205
4999206
4999207
4999208
4999209
4999210
4999211
4999212
4999213
4999214
4999215
4999216
4999217
4999218
4999219
4999220
4999221
4999222
4999223
4999224
4999225
4999226
4999227
4999228
4999229
4999230
4999231
4999232
4999233
4999234
4999235
4999236
4999237
4999238
4999239
4999240
4999241
4999242
4999243
4999244
4999245
4999246
4999247
4999248
4999249
4999250
4999251
4999252
4999253
4999254
4999255
4999256
4999257
4999258
4999259
4999260
4999261
4999262
4999263
4999264
4999265
4999266
4999267
4999268
4999269
4999270
4999271
4999272
4999273
4999274
4999275
4999276
4999277
4999278
4999279
4999280
4999281
4999282
4999283
4999284
4999285
4999286
4999287
4999288
4999289
4999290
4999291
4999292
4999293
4999294
4999295
4999296
4999297
4999298
4999299
4999300
4999301
4999302
4999303
4999304
4999305
4999306
4999307
4999308
4999309
4999310
4999311
4999312
4999313
4999314
4999315
4999316
4999317
4999318
4999319
4999320
4999321
4999322
4999323
4999324
4999325
4999326
4999327
4999328
4999329
4999330
4999331
4999332
4999333
4999334
4999335
4999336
4999337
4999338
4999339
4999340
4999341
4999342
4999343
4999344
4999345
4999346
4999347
4999348
4999349
4999350
4999351
4999352
4999353
4999354
4999355
4999356
4999357
4999358
4999359
4999360
4999361
4999362
4999363
4999364
4999365
4999366
4999367
4999368
4999369
4999370
4999371
4999372
4999373
4999374
4999375
4999376
4999377
4999378
4999379
4999380
4999381
4999382
4999383
4999384
4999385
4999386
4999387
4999388
4999389
4999390
4999391
4999392
4999393
4999394
4999395
4999396
4999397
4999398
4999399
4999400
4999401
4999402
4999403
4999404
4999405
4999406
4999407
4999408
4999409
4999410
4999411
4999412
4999413
4999414
4999415
4999416
4999417
4999418
4999419
4999420
4999421
4999422
4999423
4999424
4999425
4999426
4999427
4999428
4999429
4999430
4999431
4999432
4999433
4999434
4999435
4999436
4999437
4999438
4999439
4999440
4999441
4999442
4999443
4999444
4999445
4999446
4999447
4999448
4999449
4999450
4999451
4999452
4999453
4999454
4999455
4999456
4999457
4999458
4999459
4999460
4999461
4999462
4999463
4999464
4999465
4999466
4999467
4999468
4999469
4999470
4999471
4999472
4999473
4999474
4999475
4999476
4999477
4999478
4999479
4999480
4999481
4999482
4999483
4999484
4999485
4999486
4999487
4999488
4999489
4999490
4999491
4999492
4999493
4999494
4999495
4999496
4999497
4999498
4999499
4999500
4999501
4999502
4999503
4999504
4999505
4999506
4999507
4999508
4999509
4999510
4999511
4999512
4999513
4999514
4999515
4999516
4999517
4999518
4999519
4999520
4999521
4999522
4999523
4999524
4999525
4999526
4999527
4999528
4999529
4999530
4999531
4999532
4999533
4999534
4999535
4999536
4999537
4999538
4999539
4999540
4999541
4999542
4999543
4999544
4999545
4999546
4999547
4999548
4999549
4999550
4999551
4999552
4999553
4999554
4999555
4999556
4999557
4999558
4999559
4999560
4999561
4999562
4999563
4999564
4999565
4999566
4999567
4999568
4999569
4999570
4999571
4999572
4999573
4999574
4999575
4999576
4999577
4999578
4999579
4999580
4999581
4999582
4999583
4999584
4999585
4999586
4999587
4999588
4999589
4999590
4999591
4999592
4999593
4999594
4999595
4999596
4999597
4999598
4999599
4999600
4999601
4999602
4999603
4999604
4999605
4999606
4999607
4999608
4999609
4999610
4999611
4999612
4999613
4999614
4999615
4999616
4999617
4999618
4999619
4999620
4999621
4999622
4999623
4999624
4999625
4999626
4999627
4999628
4999629
4999630
4999631
4999632
4999633
4999634
4999635
4999636
4999637
4999638
4999639
4999640
4999641
4999642
4999643
4999644
4999645
4999646
4999647
4999648
4999649
4999650
4999651
4999652
4999653
4999654
4999655
4999656
4999657
4999658
4999659
4999660
4999661
4999662
4999663
4999664
4999665
4999666
4999667
4999668
4999669
4999670
4999671
4999672
4999673
4999674
4999675
4999676
4999677
4999678
4999679
4999680
4999681
4999682
4999683
4999684
4999685
4999686
4999687
4999688
4999689
4999690
4999691
4999692
4999693
4999694
4999695
4999696
4999697
4999698
4999699
4999700
4999701
4999702
4999703
4999704
4999705
4999706
4999707
4999708
4999709
4999710
4999711
4999712
4999713
4999714
4999715
4999716
4999717
4999718
4999719
4999720
4999721
4999722
4999723
4999724
4999725
4999726
4999727
4999728
4999729
4999730
4999731
4999732
4999733
4999734
4999735
4999736
4999737
4999738
4999739
4999740
4999741
4999742
4999743
4999744
4999745
4999746
4999747
4999748
4999749
4999750
4999751
4999752
4999753
4999754
4999755
4999756
4999757
4999758
4999759
4999760
4999761
4999762
4999763
4999764
4999765
4999766
4999767
4999768
4999769
4999770
4999771
4999772
4999773
4999774
4999775
4999776
4999777
4999778
4999779
4999780
4999781
4999782
4999783
4999784
4999785
4999786
4999787
4999788
4999789
4999790
4999791
4999792
4999793
4999794
4999795
4999796
4999797
4999798
4999799
4999800
4999801
4999802
4999803
4999804
4999805
4999806
4999807
4999808
4999809
4999810
4999811
4999812
4999813
4999814
4999815
4999816
4999817
4999818
4999819
4999820
4999821
4999822
4999823
4999824
4999825
4999826
4999827
4999828
4999829
4999830
4999831
4999832
4999833
4999834
4999835
4999836
4999837
4999838
4999839
4999840
4999841
4999842
4999843
4999844
4999845
4999846
4999847
4999848
4999849
4999850
4999851
4999852
4999853
4999854
4999855
4999856
4999857
4999858
4999859
4999860
4999861
4999862
4999863
4999864
4999865
4999866
4999867
4999868
4999869
4999870
4999871
4999872
4999873
4999874
4999875
4999876
4999877
4999878
4999879
4999880
4999881
4999882
4999883
4999884
4999885
4999886
4999887
4999888
4999889
4999890
4999891
4999892
4999893
4999894
4999895
4999896
4999897
4999898
4999899
4999900
4999901
4999902
4999903
4999904
4999905
4999906
4999907
4999908
4999909
4999910
4999911
4999912
4999913
4999914
4999915
4999916
4999917
4999918
4999919
4999920
4999921
4999922
4999923
4999924
4999925
4999926
4999927
4999928
4999929
4999930
4999931
4999932
4999933
4999934
4999935
4999936
4999937
4999938
4999939
4999940
4999941
4999942
4999943
4999944
4999945
4999946
4999947
4999948
4999949
4999950
4999951
4999952
4999953
4999954
4999955
4999956
4999957
4999958
4999959
4999960
4999961
4999962
4999963
4999964
4999965
4999966
4999967
4999968
4999969
4999970
4999971
4999972
4999973
4999974
4999975
4999976
4999977
4999978
4999979
4999980
4999981
4999982
4999983
4999984
4999985
4999986
4999987
4999988
4999989
4999990
4999991
4999992
4999993
4999994
4999995
4999996
4999997
4999998
4999999
5000000
