100
4999901
4999902
4999903
4999904
4999905
4999906
4999907
4999908
4999909
4999910
4999911
4999912
4999913
4999914
4999915
4999916
4999917
4999918
4999919
4999920
4999921
4999922
4999923
4999924
4999925
4999926
4999927
4999928
4999929
4999930
4999931
4999932
4999933
4999934
4999935
4999936
4999937
4999938
4999939
4999940
4999941
4999942
4999943
4999944
4999945
4999946
4999947
4999948
4999949
4999950
4999951
4999952
4999953
4999954
4999955
4999956
4999957
4999958
4999959
4999960
4999961
4999962
4999963
4999964
4999965
4999966
4999967
4999968
4999969
4999970
4999971
4999972
4999973
4999974
4999975
4999976
4999977
4999978
4999979
4999980
4999981
4999982
4999983
4999984
4999985
4999986
4999987
4999988
4999989
4999990
4999991
4999992
4999993
4999994
4999995
4999996
4999997
4999998
4999999
5000000
