10000
1000209
1001637
1001959
1003754
1004134
1004411
1005309
1005520
1005547
1005768
1006313
1007292
1007825
1008933
1013575
1014078
1014801
1014902
1015031
1015287
1015825
1016093
1017649
1019645
1019829
1020096
1023287
1023733
1023811
1025613
1025895
1028181
1028477
1028508
1028614
1028840
1029373
1029748
1030225
1031195
1032727
1033081
1033878
1033996
1034628
1036054
1038216
1038357
1038733
1038741
1039674
1040060
1040275
1040899
1040937
1041557
1042440
1044478
1046390
1048581
1050268
1050405
1052815
1058524
1058996
1059505
1059515
1059891
1060983
1061235
1062404
1063125
1063394
1064059
1064338
1066575
1066650
1067863
1067910
1068502
1070014
1070951
1073317
1075672
1075845
1077357
1077391
1077579
1077945
1078910
1082049
1082497
1082748
1087606
1087931
1088340
1089577
1090316
1094471
1095733
1097096
1097379
1098326
1099491
1099595
1101160
1101575
1101891
1102029
1102324
1102989
1103410
1103645
1104047
1104531
1106196
1106904
1107000
1108355
1109791
1110091
1110542
1110735
1112470
1112600
1112754
1112799
1112868
1113295
1113752
1113780
1113947
1115069
1115164
1115337
1117352
1117519
1117764
1118190
1118687
1118756
1118976
1119040
1121713
1122381
1122633
1123718
1125664
1125995
1126743
1129635
1130531
1130554
1132491
1132519
1135285
1137069
1137755
1138899
1139586
1140046
1140372
1140776
1144030
1146093
1147171
1149314
1149547
1149899
1150133
1150527
1150945
1151835
1155397
1155973
1156707
1158396
1158791
1159264
1159603
1160018
1160510
1160541
1160731
1165061
1166033
1166535
1166538
1168307
1168648
1169525
1169874
1170713
1172371
1172898
1173152
1173611
1175311
1175407
1176767
1176911
1178406
1178994
1179363
1180098
1180934
1180959
1181857
1182100
1182585
1182713
1183636
1184332
1185105
1185438
1186068
1186937
1189364
1190354
1190805
1191762
1191965
1194300
1195001
1195055
1197746
1197802
1199355
1199547
1200422
1200975
1204456
1204841
1204906
1205597
1207984
1209117
1209455
1209780
1210015
1212965
1213157
1213537
1214146
1214776
1217016
1217157
1220349
1221033
1221890
1222039
1223360
1223596
1223970
1224736
1225053
1226242
1226658
1233154
1234208
1234324
1235809
1235930
1236007
1237092
1237100
1237268
1237556
1237975
1239222
1246169
1246898
1246902
1248092
1248373
1250482
1250768
1251871
1252514
1252605
1252729
1252842
1254093
1254167
1254490
1256141
1257236
1257287
1257534
1258181
1258676
1261316
1261360
1262496
1263592
1264012
1264239
1264940
1264969
1265170
1266985
1268652
1268695
1270309
1272107
1272581
1272834
1273136
1275958
1277699
1278058
1278907
1279001
1279738
1279995
1283265
1284635
1285101
1286147
1286513
1287942
1288605
1289921
1289984
1291228
1291440
1292492
1293311
1296556
1297218
1299249
1301330
1301355
1301781
1301896
1303329
1304128
1304772
1305669
1306958
1307538
1308207
1310211
1310580
1311260
1311284
1311973
1313510
1314399
1315050
1315216
1315361
1315757
1317278
1318189
1321591
1321944
1322414
1324713
1326092
1327484
1331268
1332807
1333045
1334769
1336063
1336167
1336829
1338164
1339039
1339392
1340939
1341673
1343564
1346123
1346250
1346584
1346624
1347135
1348208
1348304
1349066
1349596
1352554
1352836
1352854
1352890
1353237
1353346
1353549
1355378
1357065
1357536
1357720
1360525
1360910
1362175
1362408
1363995
1364995
1365051
1366278
1366722
1367147
1368882
1369019
1369215
1369673
1370557
1371020
1371599
1373628
1374367
1375114
1377336
1377835
1377928
1378061
1379174
1380611
1381537
1382304
1382727
1383083
1383099
1384683
1385241
1385926
1386311
1386824
1387345
1387516
1388618
1389388
1389729
1390402
1390435
1390968
1391250
1392060
1394296
1394738
1394810
1394830
1394979
1395468
1396004
1397629
1398575
1399628
1399745
1399946
1400205
1400346
1400896
1401567
1402449
1404666
1405605
1405677
1406378
1406640
1406705
1406965
1407353
1410431
1410952
1412792
1414839
1415232
1416790
1417019
1417593
1417677
1418145
1418578
1418603
1418753
1419144
1419810
1420713
1421689
1423235
1423592
1424558
1424774
1426260
1427041
1427136
1427210
1428303
1428747
1428958
1430451
1431146
1431311
1431671
1432039
1432481
1433287
1434283
1434958
1435003
1435883
1436376
1437401
1437509
1437552
1438426
1441458
1443553
1447551
1448041
1448430
1448871
1449135
1449611
1449969
1450641
1452492
1455283
1457034
1460741
1462697
1462928
1464612
1465306
1465362
1466925
1467441
1467476
1468270
1468805
1469090
1470074
1470316
1471142
1471529
1472240
1472299
1473448
1473481
1475128
1476215
1477016
1477687
1478500
1478614
1479262
1479837
1480473
1481983
1482554
1483014
1483749
1483835
1483861
1483902
1484356
1484508
1485898
1486219
1486419
1486833
1487912
1490338
1490963
1492597
1493633
1493715
1493833
1494128
1494158
1495016
1496718
1497569
1498010
1498773
1500133
1500280
1501118
1501456
1501533
1502596
1503050
1504571
1505542
1505560
1506627
1508824
1509035
1509459
1509928
1510091
1510665
1511788
1512323
1517142
1518232
1521441
1522608
1523092
1523628
1524581
1524633
1524674
1525407
1526647
1527464
1527882
1528238
1528693
1530994
1531084
1532384
1532473
1533100
1533127
1536531
1536599
1537850
1540645
1540725
1542632
1542833
1543197
1543921
1544887
1545122
1545403
1545651
1546231
1546435
1547089
1547711
1547951
1548662
1549955
1550161
1551423
1551494
1554295
1555041
1556108
1556211
1558181
1559558
1561611
1561793
1562680
1562924
1563028
1563202
1563998
1565829
1566428
1567877
1570912
1571085
1571250
1571438
1571664
1572461
1572577
1575432
1575437
1576735
1576864
1578692
1579248
1579675
1579836
1580294
1581186
1583800
1583810
1585413
1587387
1588832
1591504
1591694
1592299
1592498
1594708
1596546
1596664
1601879
1602079
1603183
1604434
1605261
1606254
1606355
1607511
1607604
1610947
1611852
1612999
1614296
1614800
1615005
1616277
1618705
1618754
1619379
1622178
1625778
1626862
1628387
1628579
1629813
1630617
1631001
1632441
1634279
1634440
1637118
1637387
1638014
1638084
1638747
1640377
1641446
1643354
1644835
1646075
1647001
1648258
1650142
1650301
1651107
1651210
1651240
1653933
1654128
1655206
1655515
1656147
1656973
1657039
1657143
1657369
1657807
1658044
1658950
1660337
1660787
1661066
1662235
1662754
1663541
1665694
1666983
1667210
1667662
1668544
1669302
1669309
1669805
1670528
1670794
1672114
1672115
1673129
1673554
1674610
1675132
1676174
1677885
1677969
1678095
1678608
1678999
1680618
1683490
1684305
1685459
1685745
1686196
1687606
1688895
1690342
1690867
1691950
1692864
1693383
1694330
1694619
1694645
1695964
1696303
1696438
1700454
1700567
1700802
1702722
1703598
1703843
1704687
1705252
1708859
1711636
1711805
1714202
1714258
1714393
1714567
1714776
1714993
1716952
1721367
1722790
1723139
1724790
1729414
1730443
1730962
1731060
1731098
1732001
1732313
1733166
1733545
1733629
1733837
1735290
1736053
1736229
1736973
1737622
1737699
1739261
1740162
1741513
1741895
1743379
1743818
1744117
1744409
1745992
1747769
1749023
1750868
1751100
1751433
1751558
1752030
1754078
1756332
1757788
1757803
1758992
1759036
1759081
1759456
1759859
1759910
1759982
1760551
1764814
1765215
1767476
1768474
1768760
1769280
1769491
1772179
1772748
1773737
1774768
1776804
1776882
1777452
1777836
1778031
1778705
1779913
1780535
1782671
1783333
1783755
1784301
1784888
1787161
1787192
1787976
1790132
1791292
1791362
1791992
1792575
1793564
1794476
1795245
1795256
1796484
1797017
1797615
1799649
1799777
1800240
1800948
1802466
1804405
1805336
1806262
1806686
1807841
1807900
1807977
1810138
1811494
1814603
1817793
1817944
1818221
1818649
1818717
1819332
1819895
1822083
1822566
1822567
1823176
1825199
1825222
1825679
1826097
1826421
1826493
1826694
1827633
1827766
1829156
1830122
1830371
1831385
1831885
1832172
1833040
1833170
1833217
1833682
1833802
1834655
1834741
1835809
1836169
1837987
1838069
1838188
1838258
1838670
1839095
1839641
1840162
1841704
1841725
1842120
1843311
1845100
1849171
1850592
1850755
1851167
1852990
1855764
1855813
1855843
1856181
1857868
1858259
1858928
1860443
1861093
1861685
1862241
1863537
1864892
1865361
1866230
1866272
1867061
1867951
1868678
1869289
1869496
1874176
1874973
1875313
1876550
1878506
1879145
1879445
1881201
1882981
1884067
1885237
1885469
1885719
1886367
1886489
1887174
1888197
1889436
1890552
1891992
1892096
1893003
1896083
1896249
1896444
1897346
1897382
1897689
1897850
1898799
1902516
1904073
1904662
1904789
1906265
1909138
1910299
1910421
1912061
1913284
1913757
1914926
1915283
1916214
1916348
1916631
1917891
1918267
1920391
1921351
1923197
1924343
1924584
1927363
1929225
1929800
1930715
1930763
1933259
1933461
1933986
1935710
1935901
1936162
1936823
1937109
1937130
1938315
1939689
1939725
1940157
1941354
1943420
1944370
1945718
1946054
1946788
1946835
1950596
1951282
1951952
1952400
1952609
1953047
1954552
1955368
1956368
1956632
1957043
1957541
1957627
1957691
1958600
1960628
1961064
1963623
1963698
1965845
1967011
1968222
1968364
1968683
1970574
1970775
1971188
1972039
1972417
1973170
1973527
1975474
1977051
1979613
1981227
1981397
1982517
1982734
1983854
1984153
1984510
1985831
1986307
1986479
1987188
1989182
1990321
1991291
1991559
1992254
1996655
1997324
1998433
1999287
1999996
2001078
2001249
2002930
2003817
2004098
2004357
2004891
2006124
2007140
2007315
2007705
2008832
2009499
2010819
2012241
2012462
2012697
2012755
2014887
2015851
2018180
2018916
2019211
2020901
2021081
2021608
2022583
2022612
2023239
2024116
2026498
2026661
2027835
2029277
2030396
2030899
2031397
2031734
2033523
2034230
2034528
2034972
2035073
2035402
2036865
2037723
2038436
2038646
2040232
2041409
2042652
2043540
2044535
2044562
2047147
2047280
2049937
2050619
2051668
2052271
2053270
2055975
2056802
2057532
2060840
2061358
2061843
2062414
2062723
2063040
2063052
2063894
2065276
2066236
2066988
2067675
2068528
2068630
2070600
2070779
2070812
2071167
2071228
2071307
2071393
2071603
2073126
2073297
2073534
2073619
2075066
2075080
2077176
2081526
2085200
2085719
2086331
2086663
2089106
2090791
2091589
2092360
2093493
2094779
2096529
2097148
2098548
2099218
2099568
2100870
2101240
2103287
2103671
2105069
2106609
2109666
2109807
2110494
2110667
2112290
2113183
2113477
2114609
2114765
2114814
2115778
2115903
2116298
2117218
2117473
2118257
2118368
2119310
2120724
2121027
2121315
2122852
2124364
2125774
2126150
2127005
2127436
2127595
2127610
2128681
2129484
2130627
2130766
2132434
2132512
2132883
2132912
2132923
2133311
2136601
2136619
2138675
2139436
2142539
2142961
2143350
2143677
2143973
2145170
2145462
2145989
2147756
2148518
2149283
2152528
2153285
2154553
2157630
2158659
2159003
2160120
2162154
2162233
2162425
2162496
2162685
2163204
2163364
2164695
2167902
2167981
2168433
2169069
2171102
2172079
2173081
2173231
2173639
2174183
2177019
2177055
2178808
2179671
2181054
2181059
2184644
2185441
2185749
2186990
2187178
2188155
2188966
2191312
2194183
2194223
2195026
2195951
2196379
2198038
2200410
2201693
2206978
2208311
2210392
2211985
2213042
2213627
2214242
2214334
2215338
2215700
2218853
2218963
2219162
2219728
2224385
2225991
2226928
2227412
2227467
2227984
2228130
2228268
2228789
2233191
2233452
2234079
2235328
2236198
2236390
2237721
2239153
2240097
2240786
2241828
2242643
2242808
2242828
2243970
2244400
2246711
2248373
2248586
2249517
2250627
2251995
2252407
2252446
2253706
2254419
2254756
2258625
2259152
2260736
2261096
2261431
2261443
2262017
2264386
2265168
2266425
2268132
2268440
2268616
2269328
2269364
2269596
2269786
2272460
2272587
2273658
2273786
2274586
2274630
2275027
2275373
2276122
2276835
2277186
2277401
2277788
2278082
2280094
2281874
2282040
2282498
2284737
2285909
2286025
2286662
2287731
2289113
2290895
2291207
2291485
2291879
2292440
2292869
2294274
2294390
2297461
2298125
2299229
2299262
2299723
2301044
2302760
2302779
2303979
2305566
2306081
2306395
2307689
2310104
2311610
2311757
2312260
2315975
2316029
2316168
2317283
2317386
2321982
2323399
2324119
2324401
2325429
2325858
2327229
2327446
2327712
2328745
2331811
2332285
2332498
2334321
2336565
2336634
2336682
2336949
2339723
2339946
2339997
2340000
2340788
2343430
2345355
2346158
2346460
2350274
2350931
2351929
2352556
2352597
2352810
2352993
2354401
2355041
2355567
2355691
2356644
2356917
2357467
2359765
2360505
2361896
2364887
2368931
2369301
2369522
2369655
2369719
2370008
2370148
2370544
2370634
2372142
2373583
2373647
2374792
2374848
2377087
2377443
2378240
2378955
2379256
2380163
2380555
2380626
2381866
2387779
2388835
2389782
2390132
2390732
2390950
2391160
2392087
2394559
2395806
2395918
2397198
2397319
2397701
2398625
2400487
2402187
2402483
2403168
2403230
2403853
2404774
2406214
2406458
2406614
2407412
2408053
2410389
2410607
2410815
2413250
2414335
2416402
2416484
2416516
2417660
2418519
2418873
2419383
2422744
2423390
2425026
2426384
2427487
2427521
2428722
2432699
2435051
2435235
2436328
2438144
2438221
2438806
2438842
2439044
2439562
2440002
2440416
2440493
2440779
2443613
2445022
2445153
2446023
2446371
2449647
2450105
2451400
2452783
2453762
2455629
2457584
2458086
2458843
2459649
2460238
2461439
2462259
2462315
2463050
2466574
2467667
2467908
2469485
2470603
2470758
2470892
2471556
2471575
2472707
2473534
2475158
2475205
2475538
2476626
2478301
2478429
2478755
2480320
2481092
2481107
2481179
2481383
2482580
2482731
2485514
2487444
2488211
2489164
2489604
2490367
2494652
2496733
2497270
2497291
2497830
2498165
2499669
2501740
2501890
2501916
2503897
2505133
2505368
2505423
2505831
2506069
2506752
2506879
2507067
2509219
2509236
2509590
2512462
2513036
2513117
2513695
2514085
2514182
2514240
2514316
2515786
2516392
2518084
2521287
2522538
2522773
2522934
2523730
2524258
2524375
2524581
2525914
2526932
2527510
2529193
2530797
2532172
2532729
2533169
2533819
2534262
2535343
2536456
2536461
2536626
2536699
2536849
2536895
2538089
2538655
2539790
2540436
2541146
2541358
2541504
2541987
2543483
2544843
2546392
2547023
2547463
2547774
2551121
2551686
2551742
2557051
2557246
2558960
2560531
2562739
2563045
2563437
2564555
2565132
2565416
2565584
2565664
2568359
2568548
2572908
2573602
2573775
2575783
2575988
2577628
2578314
2579532
2581056
2582111
2582341
2583046
2584321
2586436
2588377
2588409
2590920
2591088
2591766
2592782
2593470
2595507
2596500
2600163
2600528
2601219
2601936
2602145
2603084
2604217
2604753
2605177
2605235
2606033
2606063
2606166
2607774
2613886
2616613
2617633
2617812
2618018
2618928
2620182
2620559
2621918
2622759
2623467
2624223
2624987
2627688
2627761
2629438
2629757
2630398
2631313
2631316
2631897
2632681
2632825
2634141
2634608
2636154
2637037
2638107
2639910
2640947
2642107
2642215
2642878
2643044
2645422
2646053
2646437
2647295
2648397
2648714
2649426
2649759
2651233
2652269
2652449
2652992
2653014
2653761
2654133
2655047
2657628
2657841
2657992
2658205
2659551
2659769
2659957
2660372
2661037
2661441
2662050
2665578
2665729
2665815
2667051
2668436
2668483
2669913
2670014
2670098
2670576
2671050
2671610
2673472
2674078
2674087
2674239
2674404
2674486
2675260
2675426
2675603
2675744
2676749
2676949
2679818
2680052
2680133
2681214
2682361
2682668
2683310
2683516
2684620
2684674
2684985
2685062
2685433
2686077
2686115
2686522
2688212
2688276
2688987
2690507
2691366
2691877
2692937
2693095
2693836
2694130
2694396
2694560
2696237
2696746
2697211
2698306
2699418
2700065
2700227
2700278
2701201
2702003
2702413
2702756
2703903
2704347
2705697
2706334
2707294
2707413
2707492
2707854
2708219
2709366
2712547
2717490
2717765
2718842
2720182
2720396
2720578
2721413
2722147
2722189
2722701
2723699
2725166
2725567
2729564
2729644
2729873
2729889
2730629
2732327
2733904
2735278
2736336
2737261
2737553
2739627
2740103
2740369
2742156
2742226
2743711
2744113
2744691
2746297
2747345
2748253
2750821
2751623
2751697
2751953
2751965
2754478
2754814
2754942
2755818
2756102
2757213
2759804
2760109
2761006
2761143
2763009
2764665
2765741
2767627
2768425
2768884
2771244
2772426
2773109
2774724
2775122
2775297
2776268
2777147
2783368
2784690
2785736
2786922
2787761
2788787
2789152
2789387
2789933
2790270
2791724
2794932
2795979
2796437
2800073
2801015
2803882
2805320
2805973
2806200
2806253
2806880
2807716
2807906
2809706
2810233
2810310
2810326
2812372
2812944
2813537
2813589
2818937
2819129
2819545
2821534
2823838
2823931
2824298
2824809
2826330
2827568
2827657
2827872
2828205
2828826
2828894
2830797
2832743
2833869
2834231
2834600
2834864
2837255
2837386
2837943
2838347
2838353
2839782
2839892
2841146
2841550
2841940
2842089
2844019
2844923
2845641
2848946
2849748
2851537
2852734
2856220
2856352
2856810
2856878
2860365
2861111
2863121
2863383
2863563
2863606
2865156
2865312
2865917
2865955
2866505
2867534
2868711
2871341
2871575
2873547
2875480
2876487
2876720
2877031
2877952
2878440
2880833
2881288
2882888
2884082
2884398
2884442
2884687
2884756
2884873
2886763
2888930
2889330
2890100
2891482
2892422
2895255
2896457
2896610
2898458
2900007
2901549
2901549
2901654
2901913
2902972
2905127
2905997
2906650
2909759
2912429
2912809
2914536
2914771
2918664
2920044
2920293
2920980
2921027
2922118
2922787
2923434
2924731
2925501
2926947
2927541
2927783
2929571
2931370
2932690
2933464
2934119
2934573
2934855
2936290
2938003
2938910
2940464
2942846
2943415
2945124
2945885
2947198
2947575
2949139
2949225
2949597
2949648
2950690
2952815
2952820
2952949
2953017
2953753
2955102
2955654
2958913
2959696
2959708
2960305
2962669
2964882
2965770
2965806
2966285
2967242
2967623
2968379
2968675
2968969
2969122
2969235
2971598
2972416
2974739
2976095
2976826
2978811
2979658
2980904
2982769
2982845
2983753
2984547
2984819
2985164
2985487
2986190
2987727
2989564
2989895
2990486
2990611
2991328
2994354
2994602
2994681
2995219
2995379
2998045
3001745
3001866
3002169
3004390
3004950
3005993
3006233
3006319
3006436
3007132
3008037
3008507
3012326
3018409
3018505
3018590
3020110
3020569
3020934
3021382
3022548
3023240
3026605
3028655
3029342
3030354
3030954
3032130
3032492
3033107
3034225
3034540
3036158
3036259
3038319
3039223
3039663
3039867
3039978
3040247
3043363
3044278
3044568
3044692
3045350
3045913
3048074
3049041
3050817
3051122
3051634
3052100
3052776
3053272
3054640
3054841
3055607
3056634
3057932
3059719
3060823
3062497
3062649
3063323
3066307
3066746
3071389
3073149
3075328
3076437
3077861
3078729
3081677
3082216
3082960
3084413
3084733
3085076
3085268
3087437
3087599
3088686
3088921
3089424
3089776
3089926
3090560
3090906
3091010
3091100
3091580
3092168
3092897
3093273
3093999
3094217
3094740
3095058
3095069
3095518
3096572
3098136
3103675
3104342
3104832
3106168
3108981
3110162
3110778
3111576
3112866
3113722
3115452
3116395
3116913
3117638
3120133
3121304
3121531
3122499
3124409
3126626
3126856
3127032
3127163
3128546
3129159
3129382
3132481
3133440
3134411
3134495
3134900
3135002
3136243
3137061
3139448
3139851
3140885
3140935
3141079
3142835
3143931
3145652
3146290
3147559
3147877
3149662
3150636
3151403
3151991
3154040
3154833
3156472
3157478
3158466
3159552
3159618
3160394
3160481
3161271
3165318
3165532
3168430
3168574
3168977
3170580
3172026
3172206
3172445
3174997
3175347
3177129
3177943
3178002
3178270
3180528
3180612
3181762
3181835
3182602
3182651
3183717
3184246
3184508
3184797
3185349
3185477
3186662
3189358
3189538
3191568
3192325
3192427
3192799
3193498
3194471
3194749
3195300
3195491
3197987
3198106
3200474
3201204
3201214
3201585
3201787
3202260
3203660
3203861
3203876
3204951
3205676
3206947
3209428
3209758
3210798
3211438
3212150
3212539
3213833
3216485
3216953
3218239
3219050
3220758
3220944
3221666
3222474
3223003
3223439
3223698
3223738
3223919
3224137
3224474
3226457
3228123
3228812
3229103
3229610
3230403
3230683
3231832
3232167
3234048
3234204
3236036
3237192
3238430
3238888
3238933
3239259
3240490
3243585
3243772
3245733
3245806
3246094
3246474
3246828
3247220
3247382
3248230
3248738
3248934
3249061
3250034
3250619
3250667
3251176
3251872
3251961
3252595
3252672
3255373
3256122
3256705
3257343
3257552
3260286
3262355
3262825
3263132
3263618
3264335
3264490
3264507
3265284
3265334
3267738
3267864
3267997
3268728
3269448
3274252
3274462
3274931
3277723
3277885
3279553
3281392
3283890
3285425
3285667
3286064
3289095
3291930
3292922
3293103
3293241
3296733
3296953
3297076
3297452
3297755
3301545
3301684
3303745
3304231
3305127
3305919
3306828
3307581
3307611
3308666
3308887
3308999
3310126
3311917
3312114
3313048
3314585
3314701
3314746
3314907
3314910
3315306
3316375
3318244
3318256
3321075
3321267
3321396
3322863
3323472
3324480
3325206
3325642
3326354
3326688
3327412
3327743
3327804
3328456
3330149
3331082
3331221
3331562
3332523
3333834
3334287
3334465
3341466
3342784
3343168
3344135
3344137
3344582
3344711
3346452
3347524
3350054
3350735
3351043
3352255
3352610
3353814
3354004
3356723
3358001
3358220
3360548
3362347
3362514
3362719
3365978
3366108
3366603
3368803
3369457
3369465
3371237
3372089
3372562
3373752
3374117
3374485
3374926
3376921
3377593
3378537
3379752
3380343
3380640
3382020
3382311
3382380
3382435
3382772
3382914
3383442
3384957
3385157
3385660
3386845
3388056
3388397
3389683
3389965
3390108
3391016
3391317
3391388
3392834
3393330
3393660
3394721
3397188
3402493
3404820
3406351
3406824
3406839
3406861
3406994
3407020
3407034
3407256
3407327
3410993
3411435
3411820
3412960
3414697
3415351
3416359
3416850
3418055
3419963
3420191
3420970
3422570
3422821
3422834
3423218
3427645
3428536
3428747
3429942
3432086
3432449
3434092
3434378
3434417
3434575
3434994
3436125
3436197
3436805
3436853
3438485
3438596
3438682
3438749
3438822
3440695
3443879
3443987
3444866
3445860
3446051
3447735
3449002
3451068
3451737
3452760
3453980
3453982
3454142
3454274
3454645
3454704
3454896
3456903
3457213
3460068
3462460
3462889
3463383
3464034
3465342
3469020
3469173
3471364
3471542
3471856
3473516
3474428
3474720
3477236
3477837
3478330
3479241
3479904
3480992
3482339
3482575
3482710
3482844
3485020
3486033
3489697
3489737
3490316
3490506
3490737
3492582
3493851
3493972
3494072
3494794
3495599
3495813
3496055
3497377
3499762
3501388
3501773
3501900
3502520
3502817
3503449
3503465
3504053
3504077
3504338
3505564
3506896
3507739
3507799
3508134
3510215
3510606
3511339
3511498
3512406
3513169
3514773
3515762
3516484
3516836
3516846
3519407
3519641
3520719
3520847
3520920
3521732
3522641
3523152
3523451
3523827
3524672
3525031
3525492
3527685
3527917
3528337
3529864
3530344
3531356
3531818
3532387
3532782
3533213
3533564
3533922
3534689
3538641
3538816
3538933
3539193
3539508
3540190
3540498
3541666
3541937
3543761
3546537
3547203
3549656
3549935
3550378
3550784
3552043
3552636
3558770
3560842
3562041
3562121
3562641
3564027
3566552
3566860
3570159
3571778
3571965
3572943
3573106
3574842
3575269
3575501
3577069
3578026
3578407
3579953
3581136
3582758
3584047
3585080
3585250
3586550
3586864
3586950
3587221
3587253
3588195
3588940
3589253
3589425
3593239
3593942
3594473
3595493
3595829
3595839
3596913
3599194
3599504
3600116
3600576
3601058
3601171
3603864
3604646
3605904
3607276
3607728
3607746
3608745
3609892
3610290
3610413
3610416
3614543
3614866
3616360
3616756
3617255
3617546
3618913
3619054
3619061
3619420
3619627
3619658
3620133
3621394
3622017
3623158
3626689
3627487
3628207
3628240
3629121
3629801
3631024
3631603
3631676
3633347
3634843
3636658
3636967
3637360
3637962
3638718
3638779
3639170
3639340
3640272
3641693
3641733
3643495
3644472
3646778
3647481
3647549
3648526
3649914
3651667
3651812
3651859
3652766
3654341
3655284
3655384
3658467
3658528
3659381
3659559
3659611
3660231
3660420
3662989
3663575
3663838
3664501
3664574
3665586
3665757
3666479
3667702
3668621
3669989
3670420
3672361
3672377
3674361
3674565
3675374
3676585
3678539
3679140
3679175
3679185
3679441
3680052
3680557
3681771
3684575
3686103
3688693
3689274
3690300
3690599
3692053
3693202
3693206
3693720
3697026
3697409
3702216
3703266
3704024
3704210
3704718
3706248
3707530
3711031
3711324
3711657
3712154
3712421
3713428
3715006
3715164
3715344
3719118
3719865
3722961
3724108
3724833
3728292
3729384
3730837
3731196
3734237
3735872
3736104
3736571
3739479
3740863
3740873
3741142
3742018
3742543
3742821
3744822
3745125
3746948
3748127
3748244
3750862
3752377
3753610
3753859
3754963
3756110
3756548
3757245
3758390
3758475
3758546
3758974
3759039
3759633
3762228
3762386
3762980
3763487
3766044
3766726
3767048
3767228
3767840
3768808
3771095
3771289
3771333
3772601
3772631
3773527
3774728
3774753
3776074
3776978
3777738
3777861
3778701
3779007
3779348
3780958
3782345
3782568
3784126
3784305
3784565
3785085
3786940
3788312
3788553
3788819
3789737
3790746
3791331
3791561
3795591
3795709
3796022
3796189
3796327
3798224
3798826
3798830
3799026
3800542
3800849
3802024
3802341
3802357
3802543
3803294
3803413
3803634
3804636
3806019
3807001
3807247
3807632
3807675
3808502
3809048
3809305
3810642
3811047
3812165
3812824
3815236
3816284
3816396
3816620
3816718
3818612
3820155
3820497
3821399
3822137
3822494
3824372
3824433
3826045
3826690
3829310
3829408
3829455
3832564
3833321
3833747
3834072
3834152
3834542
3834987
3837013
3837543
3838152
3838706
3839110
3840047
3840058
3841296
3842715
3843491
3843925
3844134
3844186
3848229
3850290
3851208
3851493
3851831
3852864
3853681
3854816
3856563
3859633
3860009
3861889
3862537
3862779
3864796
3865553
3866534
3866843
3867068
3868722
3869289
3869432
3870672
3871028
3871325
3871436
3872756
3872758
3874083
3877957
3878640
3878690
3879009
3879961
3881958
3884645
3884954
3885019
3885587
3886083
3886382
3886980
3888048
3889109
3889591
3891195
3891361
3891923
3893058
3894261
3894498
3894729
3894764
3894944
3897620
3897638
3898326
3898685
3898704
3899106
3900437
3901204
3902186
3903814
3904173
3904787
3906803
3907287
3908068
3909361
3911524
3912031
3912060
3912739
3914402
3914476
3915436
3916594
3917052
3917424
3917860
3921148
3921443
3922187
3922430
3923456
3923691
3924566
3924634
3925533
3925671
3926006
3927163
3928145
3929816
3930265
3930280
3933022
3934527
3935269
3935492
3935944
3940294
3940474
3941456
3942150
3942534
3943399
3943542
3943595
3944594
3944774
3945053
3945100
3945137
3945896
3947211
3947505
3948769
3948865
3949024
3953128
3953633
3954468
3954600
3954767
3955311
3955745
3956937
3957986
3958615
3965569
3967816
3971422
3971924
3972209
3973533
3973842
3974072
3974823
3974919
3975880
3976299
3976861
3978981
3981472
3981694
3982334
3982772
3984326
3984599
3985460
3986545
3986558
3988246
3988292
3990679
3991386
3991570
3992714
3994498
3994629
3994908
3995527
3996407
3997036
3997253
3999637
4000286
4000729
4000908
4001362
4001449
4001468
4002167
4003647
4004037
4004076
4007267
4007985
4008106
4008358
4009249
4009909
4010962
4012052
4012425
4012453
4014231
4014792
4014983
4015806
4015904
4015919
4016320
4017409
4017819
4017925
4019935
4022101
4022466
4024177
4024630
4024771
4024910
4025225
4025429
4025596
4025698
4027805
4029650
4030953
4031777
4033811
4034024
4034385
4034547
4034566
4035292
4037854
4038419
4039253
4040231
4040395
4040630
4040686
4041490
4043495
4044781
4044805
4045011
4045273
4046382
4047822
4047884
4048103
4049507
4049648
4050428
4050431
4051040
4051872
4053197
4055227
4055605
4055929
4057387
4058857
4059059
4059060
4059663
4059938
4060879
4062235
4062554
4064373
4065586
4065888
4066552
4066707
4067078
4067177
4067416
4067779
4068426
4068829
4073971
4075386
4076075
4076272
4076615
4078459
4079751
4079838
4081344
4081633
4082388
4083274
4083558
4084747
4084840
4085384
4086510
4087668
4088649
4090956
4091433
4093384
4093984
4095255
4095730
4097755
4102599
4103038
4105956
4106391
4107589
4109173
4110403
4111837
4113027
4113727
4115203
4115252
4116897
4117468
4117531
4119301
4119912
4121950
4123067
4123472
4126872
4127377
4127453
4127812
4128763
4129003
4129475
4133542
4134161
4134519
4134850
4136798
4139803
4139973
4141690
4143106
4143116
4143460
4144096
4146709
4146752
4147221
4148204
4149559
4150255
4150725
4152159
4152631
4153731
4153883
4154292
4154410
4156722
4157796
4159946
4160454
4161146
4162286
4162789
4162891
4163244
4164259
4166973
4167161
4167632
4167703
4168073
4168136
4168900
4169784
4171008
4173184
4173198
4173771
4175684
4176308
4176545
4178603
4178809
4179102
4179334
4179662
4179947
4180811
4182669
4183621
4183700
4183734
4184133
4186448
4187409
4188592
4189672
4191745
4192881
4193398
4193651
4194631
4198309
4200205
4200941
4201353
4201940
4203359
4204606
4204878
4205501
4205906
4206408
4206444
4206658
4207487
4211084
4212067
4212881
4214522
4219559
4219954
4220650
4221144
4222218
4223755
4223847
4226643
4229506
4230701
4231489
4231545
4232329
4232781
4235614
4237102
4237608
4237869
4238988
4240397
4241031
4241942
4244076
4245556
4245992
4246038
4248356
4248696
4248837
4249513
4252058
4254250
4254695
4254783
4255158
4255999
4257117
4257715
4258886
4259912
4260898
4260909
4262177
4262654
4262656
4266032
4266841
4268106
4268427
4269748
4270021
4270575
4273989
4274165
4274507
4275782
4276901
4277358
4279234
4280058
4282888
4286623
4287552
4287907
4289216
4291055
4291337
4291452
4291737
4292389
4293249
4293870
4296455
4297617
4297940
4299437
4300108
4300796
4302212
4302238
4303548
4303972
4305069
4305394
4305440
4306363
4308873
4309830
4311149
4311336
4311409
4312952
4313400
4313533
4313825
4313978
4315761
4315863
4317228
4317984
4318154
4318580
4318687
4318768
4318998
4319232
4320186
4320945
4321285
4321596
4323031
4323821
4324307
4329175
4330079
4331913
4334053
4334979
4339457
4341132
4341542
4342086
4342692
4343474
4343677
4344063
4344395
4344881
4345276
4345281
4346711
4348663
4349145
4350670
4351176
4351353
4352061
4352130
4352172
4352433
4354222
4354648
4355003
4355510
4356002
4357433
4357661
4358032
4358805
4358995
4359502
4359938
4361349
4362485
4362624
4363839
4364740
4365534
4368411
4369784
4371034
4371409
4371914
4371966
4372012
4372363
4372721
4373651
4377033
4378565
4379686
4380460
4382619
4384031
4385756
4385796
4386433
4387093
4389547
4389755
4391104
4392199
4392735
4393009
4395452
4396157
4397151
4397164
4397306
4397397
4398522
4399519
4400871
4402694
4402724
4402738
4403318
4405395
4406150
4406720
4407349
4407673
4409109
4409243
4409815
4410277
4410311
4412371
4413963
4415712
4415907
4415983
4417535
4417787
4419059
4419566
4419681
4420142
4421133
4421507
4422721
4423696
4423875
4424670
4425883
4425972
4427036
4427327
4428195
4429324
4429365
4429834
4430034
4430676
4432150
4433873
4435876
4436240
4436244
4436254
4438038
4438173
4438524
4439551
4440103
4440967
4441351
4442788
4443585
4444047
4444642
4446304
4446457
4447299
4448109
4448495
4449007
4451807
4452604
4452651
4453908
4454162
4454289
4455179
4458346
4458948
4460811
4461203
4461579
4462816
4463115
4463719
4464606
4464727
4466011
4466529
4466880
4467461
4469864
4470181
4473741
4473937
4474867
4475216
4476336
4478490
4478917
4480440
4482696
4483182
4484081
4484933
4486841
4486936
4488230
4488422
4488542
4489107
4489750
4490484
4490536
4491242
4492071
4494798
4495072
4496883
4500254
4501341
4502419
4503100
4503441
4503652
4504005
4504051
4510218
4510358
4511609
4512132
4513515
4514242
4515546
4515729
4518754
4519000
4519797
4521155
4521464
4523444
4523574
4527022
4527321
4527747
4527986
4531346
4531925
4532649
4532985
4534334
4534668
4534728
4535981
4536489
4537137
4537463
4538239
4539311
4539379
4542535
4542901
4543257
4547540
4547748
4548518
4549866
4549887
4550082
4550316
4552095
4552098
4552322
4552543
4553308
4553439
4553910
4553919
4554671
4555455
4555955
4556258
4556882
4556927
4557063
4559827
4560399
4560638
4562013
4562302
4562441
4562687
4563385
4563787
4564383
4565221
4567786
4569859
4570211
4571312
4572911
4573416
4575379
4575458
4575560
4575590
4576685
4577912
4578915
4581266
4582336
4583606
4585348
4586043
4586624
4588236
4588866
4589079
4589530
4589732
4590070
4590669
4590907
4591088
4592174
4592562
4592653
4593012
4595812
4596209
4598015
4598218
4599795
4599818
4599949
4603424
4603766
4608762
4608933
4610526
4611823
4612047
4613127
4613928
4614659
4615949
4617413
4620478
4621596
4622966
4624668
4625365
4627220
4628164
4628362
4629377
4629666
4630578
4631120
4631384
4631492
4631989
4632129
4634238
4634266
4635153
4635617
4635903
4635971
4636290
4636651
4637721
4637901
4640356
4641971
4643090
4644016
4644724
4645133
4645337
4645910
4648980
4649502
4652078
4653870
4655308
4655658
4656057
4656623
4658817
4660299
4661284
4661701
4661882
4664461
4666308
4666845
4667228
4667751
4668792
4668889
4669209
4669602
4671958
4672198
4672329
4672717
4673019
4673992
4674415
4677067
4677204
4678562
4680441
4680795
4681173
4681918
4682062
4682216
4682768
4684236
4684683
4685434
4685661
4685956
4687062
4688384
4689692
4691427
4691659
4692312
4694369
4694847
4695099
4696248
4696304
4696722
4696749
4697202
4697906
4698591
4704416
4704662
4705380
4705403
4707558
4708392
4709834
4710057
4710580
4711515
4712197
4713033
4713866
4715460
4716177
4716828
4717101
4718361
4718956
4719499
4721117
4721546
4723161
4723509
4723864
4724497
4726009
4726596
4727595
4727963
4728418
4729182
4729197
4730234
4731202
4731803
4732080
4732595
4733572
4734665
4737812
4737888
4739927
4740247
4740416
4740424
4740773
4742712
4747382
4748563
4749103
4749264
4749882
4750235
4751595
4752724
4754116
4754207
4754648
4754694
4754749
4754864
4754964
4755128
4755682
4756192
4756726
4758536
4762313
4763926
4764233
4765773
4766646
4767664
4769342
4770010
4770208
4770373
4771757
4772144
4772615
4773663
4774790
4775304
4776194
4777549
4777803
4779041
4779425
4780514
4781300
4781321
4781482
4781782
4783447
4785255
4789789
4789931
4790949
4791401
4791930
4791955
4792325
4792428
4793319
4793435
4794249
4794497
4794682
4796531
4796549
4796852
4796894
4797259
4797268
4797297
4800055
4801801
4802081
4802163
4802341
4804587
4805208
4805584
4806126
4806453
4808909
4810393
4811367
4811881
4811902
4813468
4813755
4814431
4815942
4817038
4817105
4817762
4818497
4818899
4820591
4821070
4822481
4823050
4824212
4824845
4825350
4825881
4826577
4827320
4828305
4831733
4832416
4834099
4834415
4834679
4835403
4835542
4837075
4844183
4845201
4845505
4846086
4846432
4848074
4853136
4856035
4856998
4857177
4857741
4860064
4860361
4861351
4863599
4864458
4864995
4865388
4865681
4865899
4865967
4866156
4867094
4867372
4867900
4867969
4870775
4872583
4872794
4875106
4877174
4877377
4878551
4879119
4879704
4880783
4881290
4882485
4882648
4883755
4884780
4886287
4886376
4886589
4886896
4887055
4888759
4889230
4889494
4891719
4892116
4892337
4893743
4893763
4894010
4894463
4894480
4894965
4899649
4900283
4900443
4900512
4900589
4903115
4903213
4903859
4903910
4904301
4905841
4906200
4906538
4906716
4908022
4910081
4910837
4911200
4911986
4912572
4912853
4912942
4913975
4914399
4915075
4915892
4917468
4917749
4918082
4919443
4919950
4920325
4921239
4922443
4926362
4926369
4926547
4926694
4927794
4927924
4927961
4928011
4929790
4930837
4931249
4932086
4933335
4933980
4938592
4939927
4941442
4941638
4941792
4942301
4942530
4942534
4942675
4945127
4946671
4948516
4949854
4951457
4952949
4953006
4954132
4954986
4955724
4956576
4957449
4959024
4960645
4961454
4962781
4964151
4964547
4964681
4964978
4967091
4967171
4968279
4969184
4969603
4969797
4971196
4971404
4973519
4974338
4975031
4975699
4977277
4977711
4978379
4979615
4980718
4981458
4982615
4984862
4986309
4986328
4986903
4989651
4989722
4992258
4992508
4993326
4993752
4994092
4994817
4995212
4996308
4996397
4996939
4997520
4998614
4999776
5001102
5002245
5003825
5006068
5007875
5008292
5009247
5009645
5009732
5010026
5010650
5012436
5012621
5015549
5019241
5021283
5021684
5022839
5023024
5023471
5023661
5025157
5025958
5026599
5026641
5030284
5032638
5033303
5035917
5036362
5036932
5037053
5037206
5037634
5037954
5038038
5039546
5040833
5041095
5042203
5043080
5043863
5043864
5045762
5046184
5046310
5047640
5047724
5048719
5050448
5051573
5053610
5054639
5056921
5058040
5059835
5059937
5060292
5063376
5063630
5065197
5067325
5067899
5068776
5069447
5070038
5071213
5073657
5076899
5077099
5077987
5078547
5078862
5079535
5080286
5080361
5080669
5080876
5081328
5081916
5083188
5083575
5084451
5085038
5085098
5086449
5087471
5088984
5088991
5090143
5091495
5092275
5093054
5093769
5095285
5095540
5096514
5096743
5097394
5098561
5099058
5099629
5100479
5101939
5103079
5103588
5103807
5104064
5104410
5106257
5106569
5107041
5107073
5108079
5109333
5110430
5110452
5111454
5111863
5112531
5113503
5113566
5116813
5118175
5118220
5118409
5118472
5119380
5119713
5120291
5120847
5124642
5126027
5126724
5126762
5129219
5129822
5130267
5130726
5131084
5131514
5132273
5132600
5133849
5135643
5135831
5137614
5138026
5138371
5138490
5138574
5139888
5140012
5141935
5142487
5142839
5143110
5143416
5144358
5145434
5145439
5146044
5147640
5147712
5148144
5149322
5149967
5150471
5150613
5150945
5152273
5153630
5154072
5154189
5154882
5154951
5155194
5155631
5155725
5156068
5157377
5157982
5158650
5159097
5159101
5159542
5160215
5160290
5161554
5163238
5165846
5167552
5167622
5169505
5170664
5171336
5171787
5172141
5173559
5173665
5173768
5174123
5175344
5176306
5176507
5177616
5178057
5178154
5178972
5181759
5183134
5183821
5184536
5184949
5186470
5186754
5188110
5188864
5189104
5189781
5190719
5191397
5192878
5195236
5195723
5196044
5196582
5196772
5198760
5199210
5199349
5199389
5200370
5201042
5201987
5203095
5203762
5204771
5205198
5205301
5206241
5207856
5208505
5208635
5210650
5212824
5213103
5213496
5213796
5217479
5218043
5220554
5221341
5221859
5222477
5222601
5224023
5225562
5225642
5226682
5227209
5227329
5227767
5228110
5228489
5228901
5229395
5230822
5232413
5234168
5240568
5243205
5247151
5248969
5250974
5251268
5251972
5252616
5254789
5255355
5255401
5257050
5257509
5261950
5262758
5263783
5265824
5266567
5266878
5267681
5268550
5269356
5270646
5271771
5272420
5272461
5272867
5273238
5274262
5275128
5276065
5277890
5278088
5278909
5279218
5281416
5281671
5281842
5282465
5282697
5283507
5285958
5286117
5286141
5286345
5286448
5286521
5288964
5290079
5290255
5290318
5290549
5291949
5294953
5299507
5299597
5299982
5300135
5300441
5300483
5301073
5301812
5303082
5303301
5305641
5306066
5306824
5308373
5309283
5309389
5310125
5310686
5310932
5311443
5311618
5314053
5315947
5317106
5318529
5318556
5319375
5321269
5321742
5323361
5323476
5324029
5324478
5324530
5325471
5326264
5326967
5327038
5327307
5329011
5329228
5330630
5331899
5332335
5333662
5335013
5335805
5339157
5342182
5342394
5342519
5342732
5344075
5345947
5348043
5348256
5348817
5350530
5351270
5351339
5353728
5354211
5354535
5355030
5355088
5355578
5357279
5360368
5362210
5362725
5363760
5364455
5364522
5364557
5365870
5365891
5366240
5366614
5366644
5367133
5369330
5369584
5369911
5370638
5372529
5372760
5373917
5374014
5374972
5376304
5376351
5376809
5377706
5379653
5380822
5381642
5381838
5383517
5384034
5384945
5385363
5385569
5386183
5386777
5387048
5388712
5389754
5389881
5390381
5391064
5391446
5396189
5398724
5400003
5401211
5401551
5403236
5404054
5406345
5407400
5407662
5408754
5410424
5412969
5413302
5413682
5414526
5416404
5416713
5417940
5418291
5418444
5418890
5420207
5420283
5420702
5422411
5422673
5422862
5423753
5427120
5427248
5428946
5430929
5431105
5431685
5433684
5434248
5434887
5435022
5435542
5437587
5437695
5438204
5441123
5441578
5441619
5442842
5443590
5443975
5444532
5444685
5446861
5447034
5448188
5449463
5450492
5453923
5454866
5458476
5458591
5459704
5462005
5462182
5463111
5463365
5463612
5464261
5464545
5464943
5466648
5468048
5468413
5468887
5472141
5474453
5474889
5476224
5476295
5476502
5477995
5478242
5478303
5480402
5482651
5482733
5483743
5484766
5485157
5486842
5487176
5487908
5488086
5488279
5488632
5489103
5490326
5491754
5492061
5493078
5493687
5494025
5494603
5495115
5495280
5495525
5495533
5497945
5498602
5498763
5499669
5500900
5502238
5502568
5502686
5503290
5505117
5506435
5506511
5508020
5508649
5509440
5510777
5512099
5513956
5514314
5514380
5515426
5515628
5515651
5517147
5517667
5519700
5519978
5521561
5522134
5524405
5525136
5526383
5528101
5529425
5530068
5531260
5531342
5533046
5534808
5535109
5536224
5539865
5540397
5541788
5541814
5541929
5541946
5542794
5542901
5543583
5544138
5544753
5546930
5548079
5551146
5551288
5552244
5553185
5553311
5553662
5554300
5554803
5555738
5556875
5556970
5556972
5558496
5558521
5560818
5562162
5564411
5565219
5566977
5567345
5567495
5567678
5569153
5569893
5570374
5570502
5572763
5573134
5573422
5575063
5577481
5577611
5578539
5580901
5581271
5581435
5584203
5584315
5584808
5585343
5585659
5587742
5588234
5589562
5589820
5590063
5591075
5591161
5592236
5597541
5597811
5597854
5598577
5598826
5599973
5601316
5602510
5603115
5603116
5604021
5605898
5606088
5607304
5608110
5608173
5608989
5609459
5610727
5610738
5611063
5611105
5612124
5612457
5612557
5614298
5618815
5620251
5620639
5620898
5621950
5622431
5623029
5625259
5626654
5626670
5627044
5627299
5628266
5628315
5628368
5629102
5629897
5629930
5630206
5632958
5634398
5635395
5635571
5635954
5636054
5638784
5639982
5641451
5643502
5644604
5644927
5649426
5650442
5651116
5652002
5652253
5656018
5656334
5656491
5656596
5657300
5657963
5659057
5659071
5659094
5660043
5660348
5661123
5661370
5662329
5662388
5663036
5663048
5664934
5664968
5665633
5665854
5666220
5667046
5667880
5669507
5672443
5672591
5675009
5676286
5676484
5677597
5677850
5679600
5680067
5680362
5683433
5684660
5684776
5685401
5686184
5686449
5688000
5688023
5689362
5690359
5690683
5692559
5692695
5692924
5694153
5694512
5696056
5697355
5700979
5702446
5708521
5709510
5709899
5709957
5710038
5716721
5719799
5720061
5720816
5721674
5723062
5724483
5724578
5725081
5727096
5727387
5728403
5728560
5728885
5728904
5729877
5729963
5731890
5732632
5732913
5733774
5733865
5734588
5735787
5735812
5735814
5735952
5735955
5736808
5737198
5737390
5737642
5738530
5738735
5738988
5739050
5739406
5739543
5740624
5740734
5742147
5746781
5747145
5747782
5747976
5748242
5750026
5751091
5751491
5753787
5756208
5756296
5756641
5757507
5758086
5758667
5761701
5763074
5763075
5763709
5763754
5764315
5764578
5764626
5766940
5767315
5768266
5769512
5769932
5771497
5774137
5774701
5775409
5775998
5776126
5778325
5779371
5779434
5784782
5785324
5785462
5787361
5789989
5791566
5791764
5794677
5794779
5795951
5796611
5797706
5798053
5798759
5798869
5798969
5799228
5799719
5800932
5802093
5803054
5804697
5804700
5806624
5806904
5807204
5807837
5807997
5809016
5809227
5809811
5811841
5812174
5812275
5812424
5813669
5814511
5815255
5817288
5818685
5819523
5822172
5823440
5824298
5824504
5826269
5826841
5827246
5827932
5828949
5828972
5831607
5833791
5834439
5835733
5836126
5836428
5837807
5838184
5838408
5838511
5839159
5841151
5841697
5843353
5843374
5846637
5846811
5847004
5847037
5847367
5848006
5848783
5850290
5851275
5851353
5853787
5857751
5862510
5862537
5864264
5864361
5865065
5865096
5865132
5865542
5866832
5867424
5867984
5868793
5869215
5873374
5873630
5876653
5878291
5878607
5878824
5878868
5879447
5879684
5880890
5882344
5882473
5882696
5883475
5883735
5884064
5886402
5888232
5890508
5890976
5891129
5891339
5891531
5891669
5894250
5894962
5896061
5896231
5896624
5896653
5897969
5899166
5899439
5900757
5900971
5901078
5901460
5903655
5904671
5905132
5907221
5908105
5909473
5909907
5910122
5911395
5912346
5912442
5914052
5914096
5914780
5914903
5916029
5917424
5917572
5917624
5918858
5919683
5920103
5925389
5926465
5929555
5930936
5935675
5936047
5937360
5937752
5937758
5938708
5939320
5940361
5941578
5944078
5946122
5946193
5946768
5947689
5947999
5948420
5949848
5949939
5952644
5954598
5954681
5955807
5956105
5956291
5956394
5956595
5958163
5958762
5960156
5961029
5961077
5962101
5962355
5962362
5962800
5963256
5963296
5963999
5965187
5967666
5969026
5970233
5970980
5971469
5973471
5973673
5973717
5974165
5975703
5978429
5979129
5979176
5979673
5980047
5980667
5981106
5981313
5982156
5982349
5983191
5983351
5984734
5984906
5986186
5988030
5989247
5989977
5990046
5991177
5993409
5993564
5994406
5995013
5995185
5995222
5995424
5995648
5996857
5997252
5998313
5998532
6000062
6000525
6000787
6001930
6003112
6004668
6004766
6005680
6006147
6009350
6009840
6010081
6010083
6010460
6011253
6011331
6012757
6013819
6016090
6016407
6016644
6017757
6019687
6019909
6020138
6020316
6020870
6021649
6022182
6022571
6023423
6023812
6024286
6024288
6024838
6024845
6024953
6025526
6028259
6029364
6030225
6031030
6031158
6032139
6032282
6032399
6033007
6033057
6033765
6033799
6034007
6034878
6035194
6035465
6035843
6036007
6036334
6037550
6037724
6038175
6038448
6038833
6039900
6042178
6042206
6043360
6043692
6045875
6046338
6047844
6048829
6049547
6049957
6050215
6050397
6050893
6053278
6053712
6054052
6054052
6056415
6056659
6057790
6058923
6060228
6062004
6062182
6063098
6064222
6064893
6065055
6065599
6065631
6065949
6067599
6067774
6069762
6070074
6070828
6078003
6078880
6078918
6080592
6081296
6082249
6083530
6084902
6085900
6086392
6087611
6089833
6089949
6091086
6096672
6098505
6098619
6099712
6102953
6103440
6104010
6104243
6104919
6106313
6107451
6108992
6109230
6110766
6111416
6112165
6113246
6113648
6115365
6115793
6117932
6118470
6120396
6120434
6121808
6122131
6122364
6124190
6124919
6127319
6127748
6128131
6128596
6128629
6129000
6131028
6131372
6132357
6134335
6135854
6136380
6137976
6138632
6138643
6139407
6139797
6142834
6148834
6149608
6149695
6151899
6152107
6152461
6153369
6153684
6155392
6156202
6158177
6159099
6159422
6160251
6160696
6161935
6163167
6166158
6167311
6167941
6168949
6169387
6170941
6171925
6172627
6175684
6176359
6177207
6178470
6179086
6179346
6181547
6181647
6181754
6183744
6184146
6186662
6186975
6187885
6189220
6189442
6191110
6191513
6191815
6192103
6192890
6193020
6193360
6193364
6194466
6194634
6196327
6196467
6200392
6201092
6202921
6204067
6204137
6204342
6204859
6205126
6207344
6207731
6207862
6208058
6211272
6212907
6213929
6214081
6214147
6214648
6214704
6215068
6215136
6215627
6217260
6217683
6218081
6221409
6222244
6222659
6223014
6223326
6223659
6224943
6227002
6228889
6229378
6231047
6231687
6232102
6233424
6235035
6236144
6236707
6236893
6237061
6237214
6237593
6241198
6241209
6241345
6241919
6242226
6242523
6242583
6243092
6243248
6243543
6243760
6245333
6246156
6247784
6248796
6249747
6251061
6252451
6252513
6253122
6253173
6253489
6253977
6256274
6256714
6257741
6258169
6258841
6259333
6260920
6262912
6263396
6263433
6263570
6263790
6265504
6266806
6267125
6267326
6268441
6270140
6270235
6270642
6272519
6273423
6276569
6276644
6277459
6277766
6278233
6279293
6280372
6282613
6284447
6284784
6284824
6285467
6285721
6286609
6286754
6287363
6287596
6287699
6288581
6289329
6289731
6291125
6292357
6292809
6292942
6296474
6298217
6298810
6300194
6300266
6300613
6300786
6301703
6304179
6304328
6304442
6304923
6305754
6305802
6306781
6307354
6307730
6308315
6308459
6308559
6308684
6309084
6310400
6311091
6311310
6311719
6312325
6312758
6313143
6314668
6317505
6322077
6322386
6322405
6322918
6323136
6323270
6325439
6325943
6326875
6327992
6329799
6331053
6331091
6331549
6333123
6334334
6334348
6334871
6335851
6336959
6337058
6337930
6338854
6339246
6339251
6339868
6339885
6340690
6340719
6343664
6343832
6343849
6349977
6350444
6351564
6352661
6352982
6353513
6354562
6354745
6355178
6356869
6357582
6357671
6358557
6359729
6360973
6363871
6364558
6364763
6366581
6366770
6368800
6370147
6371295
6371314
6371334
6375249
6376692
6376964
6379450
6379978
6380734
6380950
6381914
6382415
6383720
6384136
6384343
6386029
6387256
6388328
6389836
6389986
6391220
6393184
6393795
6394723
6394798
6395781
6396319
6397238
6398189
6399364
6399710
6400507
6400727
6402761
6403760
6405271
6405336
6406092
6406587
6407054
6407205
6407574
6408111
6409516
6409739
6410584
6410909
6410946
6411176
6412431
6413573
6414267
6414731
6414756
6414988
6415998
6416198
6418860
6420037
6420058
6423259
6423513
6424837
6425113
6425244
6425581
6427261
6430590
6432899
6433531
6437416
6437517
6437758
6438712
6439015
6439249
6439582
6440173
6440755
6441496
6443749
6445150
6446054
6446843
6447458
6447573
6448040
6448460
6449328
6450093
6450433
6450487
6450932
6452069
6455576
6457380
6458830
6461224
6462924
6463283
6463902
6464570
6464665
6466155
6466178
6467114
6468851
6472695
6472740
6473010
6475514
6475595
6476316
6476514
6476938
6477468
6477667
6478664
6479435
6480694
6481083
6481458
6481713
6481797
6482598
6482752
6482830
6483228
6483462
6483558
6483887
6484147
6484305
6486446
6486763
6486844
6490496
6490649
6490904
6491619
6493291
6493320
6493326
6493380
6493938
6493990
6494273
6494331
6496282
6496627
6496649
6498116
6499370
6499478
6501044
6501610
6502236
6502569
6503165
6503460
6504584
6504656
6504694
6504929
6511981
6512913
6513073
6513635
6513891
6514110
6514985
6515196
6517289
6518072
6518400
6518732
6518966
6518986
6519902
6521979
6523130
6524193
6524896
6525628
6525936
6526704
6528792
6529780
6530307
6531900
6532987
6533722
6534362
6536947
6537049
6537588
6539120
6540249
6540991
6542459
6542838
6543348
6544209
6544499
6544666
6544744
6546960
6547735
6547977
6548069
6549419
6550013
6550306
6554505
6555326
6558157
6558871
6560125
6561073
6561304
6561394
6561623
6563818
6564320
6565958
6566444
6566812
6567018
6568144
6568415
6568872
6571756
6571783
6573030
6573716
6574599
6574697
6576202
6576431
6577215
6577455
6578408
6578988
6584170
6584294
6584329
6585464
6586234
6586541
6586952
6587530
6588301
6591380
6593047
6593316
6593573
6593879
6594377
6594416
6595072
6595881
6596001
6597126
6597515
6597880
6598844
6599006
6599074
6600154
6600817
6601730
6602794
6605203
6605267
6609299
6609534
6613221
6613445
6613590
6614278
6617305
6618137
6618516
6619223
6619532
6621175
6621296
6622909
6623098
6623743
6624471
6625471
6626325
6626653
6627709
6631973
6632019
6632178
6632601
6633983
6634056
6634236
6634570
6634849
6637690
6639537
6639845
6640245
6640659
6641459
6643567
6645089
6645280
6645502
6645648
6646069
6646861
6649302
6653267
6654169
6654955
6655790
6657351
6657537
6657829
6659584
6660209
6660374
6660995
6665786
6665810
6667567
6667795
6668995
6670413
6671653
6672842
6676079
6676865
6677204
6678315
6678333
6678603
6678904
6680077
6680820
6681680
6681777
6681923
6683582
6683673
6686180
6686214
6686679
6687965
6689276
6691752
6694220
6695387
6696631
6696935
6700297
6700723
6701159
6701302
6701788
6704339
6704917
6706006
6706270
6706629
6709244
6710583
6710912
6711256
6712061
6716094
6716959
6717849
6720131
6721547
6722556
6722749
6723213
6723767
6726001
6726027
6726406
6726675
6727503
6727612
6728215
6729582
6729947
6730141
6731678
6733402
6735981
6736197
6738360
6738640
6739703
6743201
6744616
6745037
6745884
6749107
6749176
6749824
6752118
6756473
6757380
6758342
6758924
6758998
6759232
6759936
6762067
6762217
6763151
6765375
6766410
6767956
6768193
6770960
6771546
6771994
6774745
6775337
6778239
6779962
6787674
6789211
6790388
6790440
6790706
6794625
6795836
6796669
6802007
6802280
6802547
6802923
6804878
6805191
6805493
6806158
6806167
6806854
6807703
6809265
6810002
6810366
6810676
6811172
6811546
6811582
6814182
6815562
6816341
6817238
6817809
6819853
6819932
6821455
6821528
6821972
6824104
6826694
6829407
6829659
6831239
6832558
6833018
6833427
6834216
6834775
6834782
6834804
6835067
6835420
6836032
6838975
6840212
6840334
6844068
6844584
6845544
6845900
6846812
6847483
6849196
6849427
6850869
6851856
6853381
6853981
6855230
6856145
6856234
6856426
6856802
6857118
6859203
6860086
6860287
6861829
6862326
6862954
6864276
6865569
6866619
6867074
6867153
6867938
6870110
6871476
6871954
6872352
6872677
6873966
6874199
6875560
6877468
6877512
6877900
6878287
6879800
6880972
6881219
6881345
6881551
6882291
6883036
6885028
6888677
6888791
6889865
6890954
6892205
6893362
6894311
6896437
6897572
6898589
6898676
6900283
6900476
6900555
6901916
6903301
6904454
6905527
6906637
6907548
6907632
6907875
6908781
6908820
6910914
6911382
6911739
6911969
6913013
6913031
6914328
6919050
6919503
6920374
6920589
6921509
6922229
6924286
6926816
6929404
6930134
6930480
6931308
6932713
6932848
6933459
6935089
6935495
6936739
6937279
6938526
6939223
6939283
6939316
6941464
6942340
6943093
6943186
6943281
6945413
6945551
6946535
6947499
6947755
6948110
6948763
6951974
6952193
6952879
6953210
6955070
6955239
6956120
6956735
6959001
6960897
6961219
6962113
6962947
6963462
6963828
6963949
6965772
6969000
6969039
6969056
6970409
6970850
6972088
6974515
6975807
6976689
6976845
6976872
6976981
6977221
6979144
6979182
6980616
6981221
6983033
6983482
6986982
6988235
6988461
6988750
6988826
6989223
6991147
6991344
6991901
6992623
6993459
6994379
6995862
6996545
6997607
6998202
6998806
7000436
7000847
7003199
7003253
7003548
7003713
7004363
7004643
7005163
7006215
7007839
7008163
7008620
7012352
7012532
7012967
7013030
7014331
7016260
7018175
7018903
7019308
7020443
7020624
7021009
7021241
7021522
7022023
7022626
7022757
7023660
7024005
7025819
7025871
7026201
7028277
7028339
7028457
7029963
7031757
7033050
7035906
7037176
7037239
7037669
7038384
7038671
7038681
7042502
7042716
7043145
7044156
7044262
7045597
7047105
7047580
7048720
7049375
7049877
7050633
7051823
7052588
7052835
7053464
7054310
7054547
7056725
7056786
7058092
7058136
7061462
7061493
7062913
7063192
7063360
7063749
7064725
7066285
7067715
7068347
7070012
7072107
7072443
7074129
7076615
7077103
7077567
7078157
7078285
7078666
7078681
7079635
7079894
7081323
7085857
7087061
7088899
7090960
7091204
7091231
7092740
7092756
7093232
7093607
7094117
7094589
7094864
7095092
7096194
7096536
7096803
7097000
7097910
7098883
7099762
7099946
7100970
7101771
7102173
7102297
7103761
7107799
7107857
7109028
7109168
7111074
7111364
7111537
7112043
7113132
7113402
7113713
7114499
7115654
7117042
7117154
7117525
7117886
7120998
7121918
7122515
7122759
7122778
7123329
7123851
7123957
7125455
7126869
7127968
7128248
7129135
7129322
7131896
7132334
7132416
7133300
7133897
7134531
7135045
7136539
7137736
7138047
7139235
7140656
7140839
7143540
7143681
7143705
7144522
7144589
7144621
7145328
7145922
7145979
7146849
7147070
7147510
7149264
7151738
7152913
7153717
7153754
7154598
7154857
7157520
7160097
7163648
7165661
7166174
7166766
7170107
7170264
7171112
7174615
7174641
7174700
7175617
7175812
7176069
7176206
7177400
7178223
7179300
7180659
7182821
7182842
7183716
7183899
7183958
7184117
7184733
7185546
7185927
7189004
7189884
7190155
7190569
7191268
7191323
7192556
7192764
7193076
7193453
7193721
7194550
7196011
7196491
7197497
7198516
7199672
7200044
7200654
7201565
7202505
7202903
7203694
7204108
7204521
7206247
7206600
7208121
7208286
7208383
7209759
7213269
7214094
7214716
7215328
7215366
7216032
7216065
7217427
7217540
7218892
7221376
7221534
7221733
7222456
7223080
7225008
7225333
7227895
7229579
7229862
7230603
7231461
7232143
7232444
7232777
7233475
7234927
7235127
7235137
7236382
7237775
7238455
7238473
7239013
7239437
7241470
7242321
7242701
7243302
7244644
7244865
7246084
7246924
7247657
7250268
7250506
7250962
7251083
7253555
7258899
7258966
7259044
7261681
7262721
7262871
7263260
7264815
7267128
7268074
7268321
7269651
7270977
7275951
7276460
7276771
7276779
7277132
7278271
7278342
7278582
7278921
7279531
7279752
7281031
7282413
7283816
7284042
7284149
7284689
7285977
7285997
7287823
7289263
7290238
7291597
7292231
7292406
7292655
7294449
7294757
7295974
7297598
7299413
7299828
7299973
7301629
7302465
7303028
7304000
7304861
7305932
7306237
7306678
7306918
7307509
7308297
7309524
7309952
7310546
7310633
7313315
7313458
7314248
7314549
7314950
7315039
7315656
7315853
7316351
7317270
7318878
7321605
7322918
7324860
7325333
7326067
7326140
7326876
7327165
7327449
7328801
7328986
7329309
7329599
7332234
7332402
7333844
7334568
7334757
7335273
7336803
7337201
7337314
7337771
7338740
7340520
7340664
7340917
7341183
7342214
7343082
7343203
7343252
7343359
7344180
7344532
7345228
7345517
7346433
7346470
7348119
7348542
7348637
7348978
7349522
7351335
7352144
7352417
7353838
7354552
7356467
7357273
7357706
7358037
7358644
7358799
7358988
7359012
7359402
7361409
7362206
7362576
7362797
7364215
7365187
7366037
7366855
7368291
7369562
7370415
7370519
7371939
7372675
7373982
7374607
7375633
7375771
7375934
7376580
7377360
7377887
7378468
7385429
7387209
7387945
7391513
7393680
7394732
7400598
7400601
7400665
7401005
7401670
7403324
7404451
7405174
7405735
7405830
7405976
7406138
7406443
7406573
7407805
7408366
7409450
7410590
7411069
7411796
7414092
7414690
7417195
7417306
7417477
7418442
7418820
7419276
7419643
7419708
7419897
7421018
7421451
7421975
7422039
7422930
7424529
7425017
7425356
7425434
7428365
7429827
7430179
7431055
7431692
7432497
7432876
7433863
7433975
7434747
7435729
7436040
7437151
7437705
7438441
7439939
7440333
7441378
7444873
7446159
7446333
7446589
7446706
7448046
7448914
7450209
7450231
7451370
7451388
7451741
7452038
7452085
7452316
7453595
7455413
7455723
7456229
7456348
7457216
7457333
7462201
7462826
7463925
7464895
7465415
7466073
7466093
7468153
7469688
7470691
7470705
7470932
7471176
7471472
7472395
7472831
7473309
7475359
7475581
7476064
7476938
7478161
7479331
7480344
7480481
7480706
7482426
7483215
7483431
7483551
7483922
7485343
7485614
7485623
7485668
7485726
7485777
7485952
7486262
7486368
7486456
7488216
7488719
7490510
7491266
7491276
7493880
7493921
7496470
7497728
7497733
7497975
7500739
7501075
7503878
7504454
7505287
7506083
7506318
7507249
7507376
7509408
7509784
7510214
7510497
7511471
7512536
7513862
7515166
7516394
7517071
7518725
7519682
7519981
7520327
7520650
7520672
7521296
7521944
7522675
7523195
7525933
7526829
7526838
7526844
7527113
7527256
7527608
7528188
7530626
7530864
7532091
7532929
7534643
7535405
7536549
7538998
7539820
7540769
7541631
7541713
7542571
7543187
7544748
7548167
7550138
7550593
7552524
7552724
7553572
7555260
7556763
7557529
7558202
7558757
7560485
7560703
7561090
7561347
7562507
7562515
7563385
7564536
7566185
7566784
7567903
7568543
7569790
7570058
7570253
7570750
7571242
7571564
7572615
7573344
7575416
7576221
7577071
7577261
7577873
7578513
7582233
7582603
7582750
7584173
7585187
7585528
7586702
7587516
7589267
7589563
7590306
7591280
7591975
7594562
7595558
7596943
7597033
7599561
7600999
7601065
7601840
7602140
7603912
7606029
7606289
7606836
7607967
7608108
7608348
7608491
7608702
7610530
7610708
7611719
7612046
7612096
7613221
7613779
7613802
7615050
7616703
7616707
7618751
7619122
7619899
7620710
7620746
7620873
7620971
7624856
7625256
7626662
7626824
7627807
7628055
7628177
7629096
7631697
7631992
7632256
7634644
7635352
7635596
7635685
7636662
7637221
7638535
7639276
7641376
7641747
7643362
7644215
7644543
7644590
7645472
7645718
7645731
7646029
7646750
7647220
7647646
7649560
7649857
7650620
7651031
7651699
7651798
7651818
7653687
7655414
7655887
7656083
7656581
7657252
7657719
7657859
7661810
7663313
7663668
7663705
7664128
7664292
7665654
7668818
7669620
7670179
7671794
7671877
7672373
7672910
7673516
7673736
7674091
7674297
7674688
7675402
7675814
7677319
7677950
7679900
7679908
7679916
7680907
7682350
7685610
7685957
7686197
7686414
7688610
7688704
7691998
7693115
7693821
7694498
7694928
7695262
7697274
7697788
7698705
7699060
7699444
7699720
7702858
7702898
7703925
7705157
7707073
7707853
7711219
7711607
7711840
7712553
7714066
7714244
7714880
7715823
7717077
7718169
7718552
7718569
7720145
7720390
7720640
7721752
7722063
7722640
7723146
7723980
7724449
7726048
7727389
7728832
7729814
7730565
7730602
7731934
7732887
7733286
7734582
7735431
7736534
7736830
7738036
7738710
7739340
7740850
7741412
7741617
7742092
7742801
7743602
7744062
7744805
7745046
7745243
7747818
7749188
7751199
7751395
7751456
7752908
7752947
7757771
7758708
7759637
7759746
7759883
7760309
7762371
7764032
7764166
7766680
7767460
7767548
7770086
7773385
7776093
7776643
7776860
7777292
7777370
7777838
7778053
7778669
7779404
7780127
7782663
7784827
7785333
7786892
7788210
7788433
7789518
7790752
7791574
7791940
7792837
7793413
7794218
7795082
7796017
7796197
7796593
7796845
7797244
7798831
7799277
7801219
7802443
7803987
7804055
7804349
7804742
7805399
7806780
7807067
7809160
7810447
7811001
7811046
7813248
7813403
7814810
7816251
7817103
7820069
7823910
7824215
7825353
7826103
7826270
7827013
7828198
7828989
7830650
7831347
7834145
7834272
7834370
7835174
7835774
7835788
7838912
7839908
7840284
7840733
7840828
7841045
7841706
7842808
7843205
7843473
7843517
7843713
7843874
7845040
7845224
7845625
7846905
7848695
7849320
7850023
7851043
7851407
7851598
7852741
7852947
7854692
7856064
7858430
7858565
7858818
7858956
7859368
7859745
7861956
7862205
7862552
7863058
7863063
7863089
7863701
7864704
7865029
7865131
7865507
7865740
7868028
7868729
7870788
7871142
7872485
7873612
7873902
7876980
7878170
7878355
7878995
7879768
7879906
7880406
7880583
7880631
7881244
7881794
7881800
7881855
7882670
7882974
7883245
7884304
7884359
7885416
7887333
7888307
7888374
7888949
7889016
7889463
7889482
7889518
7889740
7890017
7890230
7891324
7893005
7894197
7895149
7895202
7896037
7896771
7898012
7898135
7899105
7899575
7899830
7900253
7900921
7902026
7902769
7905496
7906644
7906652
7908301
7908544
7911008
7911845
7912696
7913875
7914691
7915225
7915331
7916391
7917304
7918189
7920676
7920704
7921108
7923690
7927237
7928092
7928569
7929063
7929933
7930108
7931163
7932184
7933115
7933730
7936613
7937030
7937959
7938442
7939384
7939812
7940811
7943359
7943869
7944052
7947064
7948270
7948290
7949511
7950691
7952087
7953085
7953352
7953776
7953860
7953886
7955412
7956312
7957486
7958516
7959873
7960001
7961938
7964494
7964530
7965147
7965587
7965933
7965956
7966367
7966794
7966998
7967763
7968561
7970704
7972884
7974243
7976189
7976350
7976432
7976895
7977078
7977698
7978578
7979073
7979727
7980819
7981072
7981151
7982252
7984065
7984617
7985181
7985450
7986183
7986684
7987912
7989579
7990458
7991388
7992322
7992419
7993458
7994010
7995896
7996353
7999459
7999543
7999992
8000539
8000740
8001651
8001730
8002220
8002384
8004430
8004561
8005992
8006879
8007075
8009439
8010839
8011831
8011885
8014516
8014915
8016303
8016486
8018737
8018823
8019494
8019637
8021579
8021815
8025313
8025428
8025517
8025785
8026312
8026922
8027359
8028497
8029858
8030726
8030984
8031304
8031638
8033414
8034204
8034946
8035329
8035974
8035997
8036713
8036978
8037255
8040331
8041757
8046456
8046549
8048078
8048281
8048453
8049401
8050323
8050687
8051075
8051398
8053257
8054119
8054313
8055122
8055378
8056094
8057543
8058679
8058873
8058899
8060958
8061698
8062191
8062985
8064139
8065236
8065267
8066970
8068376
8068641
8069157
8069454
8069644
8070190
8071347
8071382
8071622
8074130
8074522
8074720
8074791
8075981
8077620
8078325
8079650
8080359
8080603
8085167
8086117
8086937
8088200
8088635
8089046
8089168
8091225
8092426
8092871
8093816
8095983
8096047
8096980
8097440
8098826
8099319
8101096
8103095
8103411
8106661
8106920
8110625
8111758
8112552
8113157
8113564
8115650
8118290
8120118
8120308
8120594
8121281
8122331
8123998
8124037
8124697
8125174
8127524
8128516
8129012
8129150
8129324
8129881
8129900
8131188
8131630
8131736
8132515
8133169
8133980
8134085
8137263
8137916
8137995
8139687
8140033
8141112
8141761
8141892
8142598
8142941
8143251
8143378
8144912
8145236
8148162
8148917
8149884
8150195
8150255
8152436
8152537
8153151
8153561
8154146
8156038
8156302
8157434
8157719
8157890
8158614
8158665
8158751
8158758
8158827
8159904
8160011
8161395
8163918
8164579
8164725
8164978
8165555
8166740
8167417
8168482
8169548
8169823
8169968
8170309
8170687
8171092
8171284
8172912
8172956
8173038
8173099
8173258
8173414
8173786
8174097
8174433
8175296
8175884
8178562
8178673
8179710
8179939
8180428
8180627
8181483
8181664
8182320
8183423
8183461
8184280
8185710
8185985
8186003
8186829
8187193
8188477
8189265
8189791
8191659
8192055
8193274
8194780
8195936
8196342
8196408
8197624
8198233
8200001
8200446
8201282
8201285
8201961
8205415
8206613
8206801
8207377
8207408
8207646
8208313
8209552
8209717
8210136
8210160
8211289
8212000
8212026
8212781
8212816
8213821
8214717
8215011
8215042
8215538
8215669
8215728
8216424
8217335
8218495
8219524
8220413
8221081
8222317
8223466
8223815
8223817
8224320
8225094
8226426
8227558
8228095
8228419
8228734
8228905
8230062
8231477
8233334
8234842
8234905
8235005
8235112
8235310
8237332
8238049
8238063
8239955
8241705
8241968
8242423
8243563
8245161
8246554
8246654
8247583
8247783
8248152
8248183
8248763
8249685
8249947
8250040
8250087
8250242
8253008
8253194
8254485
8255095
8256551
8258623
8258858
8261406
8261776
8262305
8263404
8264724
8264934
8265942
8267714
8268079
8268311
8268546
8268700
8270200
8270456
8271541
8271783
8272477
8273555
8274511
8274587
8275631
8277168
8278102
8279222
8279405
8280859
8281104
8281307
8281449
8281811
8281844
8283721
8284341
8284929
8285992
8287365
8288155
8289220
8290014
8290722
8290886
8291430
8292742
8293657
8295231
8295568
8296276
8296551
8297096
8297627
8297840
8298020
8298184
8298551
8299851
8300746
8302480
8302764
8303544
8304548
8304776
8304988
8307075
8307763
8308309
8309453
8309972
8310078
8311305
8311515
8312076
8312324
8313098
8313723
8314775
8314789
8314903
8318389
8318765
8319008
8319545
8319568
8320616
8322552
8322604
8323497
8325848
8327002
8327292
8327370
8328313
8329524
8330428
8332675
8334153
8338110
8338642
8338681
8338682
8340392
8340714
8341354
8341946
8342782
8343817
8344759
8345295
8345484
8345929
8346867
8348036
8354944
8355357
8357140
8357342
8357826
8359612
8360151
8361660
8363861
8364465
8364898
8366598
8367382
8367628
8368680
8371277
8371650
8372156
8372852
8374219
8374713
8375588
8376314
8376388
8376909
8379253
8379871
8380314
8380422
8380536
8381706
8381957
8383195
8383924
8384706
8385060
8385650
8388238
8388286
8391995
8392965
8393367
8394654
8395631
8398620
8398943
8399618
8400264
8400561
8400912
8401171
8401753
8402341
8403967
8404069
8404517
8404751
8405550
8405652
8405987
8407803
8409430
8410281
8410613
8410922
8411540
8412477
8413317
8413455
8413533
8413596
8414210
8416542
8418038
8419617
8420036
8421004
8423290
8423340
8425454
8425933
8426062
8427371
8427673
8428092
8428109
8428950
8429824
8430643
8433263
8434510
8434697
8435470
8437228
8437658
8438176
8439947
8440826
8442074
8443626
8445142
8445377
8445703
8446686
8446825
8446880
8449418
8452262
8452965
8455004
8456061
8457170
8457401
8458061
8458937
8459965
8461315
8462532
8463047
8464829
8465702
8467059
8467205
8468092
8468171
8468510
8468516
8468519
8468975
8469321
8469681
8470017
8470305
8470961
8472085
8472092
8472164
8473199
8473373
8474181
8475079
8475194
8476175
8476194
8476302
8477622
8479153
8480226
8480999
8481785
8481931
8483962
8484916
8485033
8485130
8485876
8486072
8488133
8488288
8488685
8489088
8489564
8489816
8490208
8494931
8495870
8496147
8497270
8498023
8498421
8499033
8499668
8500026
8501201
8502598
8502642
8504350
8504499
8505417
8505632
8506830
8507029
8508664
8509034
8510930
8512336
8513488
8514228
8518935
8519010
8519638
8521876
8523589
8524018
8524101
8524183
8524784
8524965
8525173
8526407
8526806
8527071
8527678
8530063
8530973
8531069
8531620
8534496
8534563
8534577
8537181
8537473
8540634
8540823
8541602
8541697
8541741
8542083
8542217
8543166
8543649
8544280
8546942
8547374
8547762
8548227
8548335
8549594
8555353
8556626
8557376
8557550
8557730
8559545
8560033
8560130
8560386
8561643
8562095
8562274
8562379
8563607
8563641
8563689
8564812
8565000
8565124
8565281
8565630
8566279
8566880
8567904
8568060
8568586
8569950
8570160
8571260
8572407
8573505
8573560
8574341
8574350
8574703
8574776
8576597
8577211
8579694
8579732
8580151
8580971
8580996
8581308
8581591
8582916
8583476
8583505
8585223
8585517
8586161
8590090
8591064
8591082
8591257
8591562
8591989
8592052
8592133
8592499
8593293
8593972
8594186
8594652
8596507
8597687
8598076
8598093
8598803
8600352
8602654
8603032
8603976
8604021
8604097
8604698
8605447
8606523
8607436
8607912
8608243
8610719
8611084
8611823
8612471
8613646
8614380
8616263
8616407
8616730
8617558
8617754
8618100
8618349
8622256
8623933
8624148
8624414
8624477
8624931
8626684
8626868
8628580
8628589
8628620
8629374
8630203
8630420
8631375
8631995
8632916
8633836
8636490
8636784
8637789
8638298
8638965
8640388
8640397
8642576
8642796
8644034
8644500
8647292
8648753
8650539
8653471
8653967
8654745
8655739
8656218
8657972
8659135
8659468
8659950
8660378
8660765
8661971
8662138
8662498
8663008
8664446
8665702
8665732
8667023
8669232
8669275
8669855
8671869
8672049
8672733
8673683
8674452
8674949
8675081
8675120
8675681
8676352
8676355
8678203
8678282
8678613
8678694
8678850
8679072
8679292
8679920
8680494
8682021
8682805
8683052
8683702
8686322
8686579
8686754
8687743
8688228
8688629
8689303
8689843
8690004
8690009
8690527
8690872
8692514
8694280
8694533
8695800
8696258
8696904
8698190
8699174
8700500
8700984
8701436
8701512
8702048
8702057
8702866
8703150
8704115
8704903
8706413
8707775
8708230
8710766
8710900
8713377
8713503
8713949
8714633
8715367
8716395
8716896
8718283
8718336
8719264
8721955
8721968
8722813
8723271
8724541
8724896
8725209
8727745
8728589
8728856
8728932
8729428
8729504
8729996
8730509
8730562
8731447
8732711
8733341
8734260
8734870
8735192
8735522
8735713
8736841
8738208
8738610
8738837
8738887
8738982
8738991
8739285
8740430
8740966
8741651
8742651
8742854
8743703
8744152
8744259
8744314
8746989
8748011
8748111
8750904
8751512
8754006
8754995
8755596
8755756
8756562
8756620
8757059
8758590
8761284
8761438
8762009
8762699
8762935
8763550
8764265
8765107
8765633
8768333
8769124
8769182
8769918
8771970
8771999
8772136
8772357
8772830
8773138
8773293
8773679
8776163
8778026
8778127
8778260
8778376
8781533
8781657
8781964
8782535
8782934
8784300
8784940
8785992
8786230
8786361
8786673
8786839
8787735
8788979
8790350
8791746
8792324
8794225
8795488
8795954
8797884
8797899
8797924
8798097
8798914
8807047
8807077
8807987
8808424
8810888
8810906
8811448
8811892
8812083
8812971
8813935
8814020
8814250
8816355
8817737
8817891
8818234
8820105
8821412
8821708
8822062
8822151
8822344
8822846
8825164
8825978
8826026
8826722
8827193
8827292
8827789
8828856
8828879
8828942
8829125
8830579
8830673
8831592
8832595
8834714
8836216
8837009
8837959
8839136
8839533
8840617
8842101
8843080
8843354
8845566
8846363
8846815
8847422
8847697
8848753
8848812
8848845
8850258
8851203
8851974
8853142
8853526
8855295
8855646
8855797
8857005
8860699
8861870
8861973
8865258
8865572
8867103
8868395
8868711
8869183
8869445
8870189
8872265
8873830
8875035
8875841
8877277
8878054
8878953
8879837
8880916
8880930
8882566
8883138
8883457
8883809
8885246
8886530
8886641
8889309
8889434
8890722
8890972
8891219
8893088
8893264
8893937
8894695
8895085
8895237
8895269
8895833
8895975
8895986
8896058
8896682
8896682
8897702
8898819
8899408
8900229
8901061
8902822
8904230
8904877
8905700
8906395
8906507
8908602
8910015
8910238
8911337
8913258
8914818
8914904
8916812
8917805
8918312
8921126
8922382
8922588
8923012
8923859
8924097
8924262
8924675
8924940
8925971
8926176
8927521
8928591
8931305
8933477
8934577
8934675
8934871
8935766
8936625
8938633
8938909
8940560
8940682
8941648
8942299
8942421
8942646
8942951
8943826
8944338
8944436
8946112
8946526
8946603
8946907
8947154
8947792
8948740
8949868
8950646
8951348
8952214
8952520
8952892
8953652
8956040
8957722
8958052
8958121
8958851
8959748
8959771
8960571
8961383
8961465
8962085
8962127
8962389
8963119
8963971
8964520
8964880
8966927
8966930
8968719
8969382
8972908
8973800
8975067
8975425
8975825
8977356
8978665
8978711
8978827
8979412
8980831
8981207
8981768
8983430
8985929
8986705
8986786
8989433
8990665
8991290
8991749
8992064
8992528
8992543
8993269
8993366
8994335
8994704
8994803
8994998
8996387
8996597
8996851
8997304
8997507
8999557
9000876
9001981
9001990
9002107
9003076
9004623
9005509
9006559
9007325
9008515
9009617
9010394
9010818
9012351
9013847
9015733
9016344
9016543
9017195
9017344
9017813
9020317
9021587
9023154
9025216
9025888
9026306
9027239
9028021
9028197
9029437
9031388
9031939
9032664
9033743
9034741
9037717
9037923
9037927
9038745
9038932
9039737
9039804
9041765
9041993
9042684
9044297
9045743
9045994
9046122
9047250
9047815
9047916
9049328
9050176
9051306
9052244
9052771
9052829
9053014
9053761
9054209
9055562
9057135
9061372
9062009
9062458
9063506
9065327
9065484
9065615
9066435
9066995
9067486
9068646
9074828
9075400
9075571
9076381
9077674
9077800
9079227
9080170
9080572
9082656
9084460
9085663
9086496
9088020
9088259
9088628
9089381
9090136
9090424
9090817
9091921
9092410
9093105
9093407
9093830
9093843
9094688
9095489
9096070
9096655
9099828
9101091
9101294
9101300
9102309
9102312
9103348
9103637
9103640
9105201
9105558
9106872
9108959
9109588
9110455
9111626
9112250
9117000
9118030
9119087
9119432
9122812
9122919
9123270
9123900
9123995
9125652
9126427
9126688
9127250
9127862
9128493
9128558
9128589
9129630
9129924
9130824
9131601
9132182
9133275
9133489
9135462
9135746
9135939
9136208
9136748
9137524
9138136
9138314
9138843
9139218
9139530
9140412
9140767
9140888
9141480
9141872
9148533
9149372
9152273
9153861
9154312
9154478
9154777
9155436
9155963
9157036
9158980
9159246
9159529
9161588
9162532
9163876
9164779
9167497
9167516
9167943
9168071
9168098
9170034
9171541
9171786
9171897
9172224
9173446
9173831
9174011
9174970
9175758
9176820
9176962
9179409
9180682
9180987
9181355
9182346
9182568
9182602
9184955
9185111
9185388
9185678
9185679
9186097
9186548
9188920
9189159
9189448
9189684
9191352
9191619
9193436
9193920
9194181
9194254
9195839
9195978
9196178
9196454
9198500
9198576
9198774
9199180
9199256
9201606
9201797
9202499
9204808
9206072
9206454
9207164
9207185
9207275
9207946
9208028
9208704
9210247
9211168
9212819
9212824
9213161
9213715
9213784
9214110
9214272
9215333
9216416
9216470
9217349
9217801
9218836
9220469
9221236
9222086
9222520
9223170
9223587
9224452
9224843
9225656
9225701
9225814
9226006
9226948
9227904
9229194
9229453
9232190
9233070
9233367
9234381
9234735
9235222
9235758
9236227
9237077
9237622
9238647
9239275
9240586
9240950
9242230
9242437
9242940
9249758
9249840
9250042
9253182
9254436
9255118
9255893
9258816
9259257
9261770
9265778
9265888
9266100
9267544
9267881
9268044
9268931
9270455
9271203
9274646
9274934
9275564
9276322
9277021
9279343
9280903
9280979
9281367
9282807
9282876
9283319
9283321
9286363
9286587
9286992
9287151
9289863
9289893
9291903
9293458
9293515
9294114
9295153
9295854
9297198
9297409
9298544
9298693
9299239
9299487
9299735
9300254
9300461
9300820
9304428
9304484
9304918
9305621
9308146
9308563
9309867
9311778
9312142
9312245
9314126
9315716
9316465
9316882
9317135
9318411
9319845
9320633
9321532
9321543
9323352
9324862
9327978
9328613
9329159
9329237
9329270
9330720
9331619
9332818
9334222
9335316
9336500
9338228
9338949
9339876
9340015
9342175
9344235
9346442
9346503
9347580
9347687
9348777
9349190
9349912
9350071
9350206
9350481
9350687
9353580
9354739
9355219
9357104
9358013
9358819
9358830
9359386
9360004
9360520
9361912
9363253
9364193
9364202
9364792
9365136
9365642
9365672
9365675
9366447
9367900
9369003
9369926
9371326
9371411
9372085
9373084
9373604
9374339
9376423
9376724
9378018
9378716
9379480
9379813
9380044
9380660
9381781
9383167
9384846
9385162
9385640
9386527
9388511
9389092
9389595
9390243
9391262
9392830
9392841
9393133
9394535
9395613
9396023
9396534
9397024
9397299
9397474
9397891
9399307
9400259
9401027
9401675
9401703
9404379
9405115
9405803
9406624
9407399
9407635
9408544
9408991
9409603
9410047
9410065
9410121
9410647
9411206
9413788
9414913
9415631
9417107
9417981
9421424
9422530
9423487
9424381
9424697
9427380
9427533
9428238
9429342
9429405
9430811
9432805
9433179
9433183
9434312
9434756
9435061
9435791
9436616
9436986
9437083
9437785
9438829
9439262
9439572
9439626
9440009
9440390
9443926
9444040
9446327
9447265
9450550
9451335
9451691
9451808
9451817
9452081
9453384
9453666
9457760
9458235
9458510
9459315
9460637
9461242
9465350
9466374
9467831
9468461
9469013
9470318
9470365
9470382
9471293
9472803
9473298
9473799
9473799
9476598
9477111
9477720
9477854
9482928
9483700
9484220
9484585
9485578
9486917
9490819
9491503
9491829
9492294
9493105
9493536
9493818
9494764
9496269
9497517
9497791
9499164
9499399
9499999
9500944
9501013
9501141
9501463
9501548
9502497
9503235
9505625
9505712
9506251
9506581
9508381
9508759
9508815
9511470
9512365
9512612
9513295
9513641
9514953
9515004
9516122
9516340
9518257
9519542
9520641
9521567
9522274
9522477
9522750
9523698
9524024
9527603
9529274
9529277
9529500
9530237
9530586
9531207
9531260
9531638
9533349
9534325
9534590
9534730
9534964
9535138
9535244
9535381
9535911
9535964
9536346
9538219
9538275
9538980
9539330
9540167
9541095
9541480
9541538
9542014
9542066
9542263
9543949
9544310
9545106
9546225
9546304
9546311
9546920
9548183
9548464
9548715
9550662
9551158
9551760
9552303
9554184
9554213
9556770
9557855
9561517
9561543
9561572
9561719
9564553
9564591
9565663
9565770
9566162
9566187
9566944
9567309
9568007
9568590
9569294
9570716
9571393
9571488
9573323
9576480
9576553
9577961
9578007
9578050
9578517
9581742
9582306
9582512
9583110
9583491
9585224
9585576
9587080
9587864
9588049
9588299
9588509
9588620
9588988
9589544
9590043
9590402
9591142
9591934
9592433
9592852
9596073
9596901
9597297
9599237
9599514
9600315
9601194
9601912
9608217
9608340
9608944
9610761
9612286
9612479
9612562
9613332
9614235
9614777
9615209
9616254
9617662
9618496
9620740
9620916
9622423
9623326
9623626
9625554
9625582
9627683
9627952
9628458
9628459
9629794
9630690
9631240
9631703
9632166
9632306
9633236
9633965
9634959
9637296
9637356
9639078
9639500
9639630
9639842
9640074
9642230
9642238
9643957
9645199
9645478
9646959
9647092
9648653
9650201
9650233
9650354
9652595
9653329
9653657
9653954
9656118
9656208
9656510
9658533
9658774
9660630
9661214
9661540
9664420
9665548
9667079
9667630
9668262
9670210
9673410
9674028
9674113
9676806
9677543
9677637
9677953
9678193
9678722
9679109
9679427
9680766
9681482
9682616
9683107
9683134
9683429
9684307
9684513
9685516
9686670
9686895
9688235
9689449
9689608
9689765
9689948
9690119
9690194
9690953
9691332
9692311
9693727
9694041
9695545
9697756
9700481
9702502
9703929
9704346
9704590
9704850
9704934
9705565
9707505
9709105
9711551
9715629
9717902
9719134
9720042
9721744
9722220
9722978
9724162
9725083
9726937
9728533
9728859
9729675
9730446
9730513
9730907
9732253
9732660
9732990
9737631
9737848
9738229
9738871
9739467
9742602
9742648
9744121
9745841
9747748
9748937
9749450
9749494
9749570
9750149
9752306
9753204
9753282
9753325
9754122
9754494
9756285
9756581
9757271
9758685
9760222
9760248
9760309
9761354
9763113
9763593
9763802
9764923
9764980
9765672
9765879
9766926
9767506
9768050
9768084
9769570
9772877
9773247
9774077
9774379
9774428
9775507
9775640
9778056
9778847
9781734
9782608
9782668
9783257
9783905
9785109
9785640
9785903
9786569
9786901
9787012
9787052
9787651
9788545
9788582
9789258
9789277
9790445
9790767
9792333
9794387
9794455
9796104
9796315
9796707
9796789
9797056
9797579
9798026
9799893
9800298
9801440
9802632
9807633
9808110
9808269
9810144
9810300
9812738
9813772
9817398
9817429
9817855
9818435
9818871
9822031
9823766
9824467
9826147
9827475
9827690
9828163
9829239
9831307
9831509
9831602
9831916
9832653
9833391
9835497
9836142
9837090
9837167
9838006
9838360
9838492
9847384
9849414
9853143
9853260
9853783
9853828
9856812
9857180
9857515
9857596
9857940
9858007
9858644
9859644
9860190
9861857
9861906
9862917
9863397
9863523
9865768
9867809
9868333
9868339
9870194
9870678
9871962
9872521
9873876
9874847
9875014
9875955
9876625
9876880
9878024
9878250
9880655
9882121
9882213
9883443
9884081
9884320
9886710
9887831
9888273
9888328
9888757
9888952
9889774
9891032
9891754
9893659
9894211
9894666
9894746
9896753
9899326
9901330
9901782
9902508
9904715
9905141
9906325
9908908
9909201
9909543
9911948
9912210
9913357
9914538
9914835
9915103
9915579
9915856
9916014
9916820
9916833
9918177
9918578
9920331
9920386
9920788
9921563
9923955
9926123
9926265
9928468
9928859
9931564
9931742
9933817
9934543
9934783
9935631
9935770
9936584
9938818
9939792
9939934
9940292
9941349
9941586
9942634
9942795
9943578
9945429
9946094
9948039
9948877
9950122
9950979
9951052
9951679
9952518
9953194
9953361
9953972
9954840
9955437
9957555
9957860
9960858
9961210
9963030
9964987
9965024
9965075
9965324
9965922
9967131
9969442
9970782
9974886
9976487
9976616
9976710
9976762
9977658
9978771
9978950
9981297
9981353
9982958
9983683
9984529
9985503
9988099
9988412
9988987
9990135
9990357
9990358
9993040
9994152
9994615
9994861
9996665
9997875
9998425
9998984
