100
1171454
1252906
1284553
1468110
1469537
1583594
1935009
2045219
2168760
2376210
2486473
2522491
2556282
2666685
2717421
2738179
3177982
3320886
3663648
3813231
3816097
3867868
3958107
3988191
4288214
4357553
4376913
4380087
4455747
4472382
4490359
4633872
4730141
4805927
5146799
5156052
5196946
5229407
5312555
5322218
5420661
5424806
5449406
5498370
5528361
5542335
5542917
5605138
5610980
5647429
5653982
5695084
5728521
6089852
6160126
6187710
6245631
6369447
6473796
6599208
6637657
6889663
6898013
7012623
7016456
7114756
7341174
7374570
7484312
7606851
7622871
7665222
7703074
7708051
7949709
8286573
8303000
8331385
8405889
8491461
8516439
8579068
8598743
8623134
8677044
8735006
8803304
8844449
8859427
9143665
9274092
9278125
9353044
9591304
9791230
9796045
9826456
9846914
9865851
9918443
