1000
1006501
1018483
1027886
1030128
1051366
1060102
1069313
1071458
1079012
1089908
1092687
1104822
1120853
1142801
1144874
1149680
1169193
1171257
1171906
1190153
1240846
1258155
1263678
1267955
1294893
1301238
1313283
1325152
1328450
1329376
1333845
1333948
1345628
1352441
1354195
1364958
1366982
1399102
1401668
1402957
1420101
1421378
1421758
1439145
1440306
1449090
1454104
1482232
1485112
1488382
1488970
1495719
1499162
1499692
1504424
1509520
1511598
1511954
1525024
1531757
1537608
1554131
1583143
1591223
1592442
1606601
1630882
1643193
1649729
1664226
1674084
1675108
1690833
1700130
1703971
1707308
1710758
1713738
1720234
1727717
1728872
1753316
1754396
1782451
1785582
1790211
1795585
1799334
1809731
1816206
1829500
1831876
1832742
1837696
1861703
1869180
1870853
1875299
1886673
1889030
1901990
1932169
1939082
1942702
1944174
1952592
1953508
1959451
1968414
1971794
1975348
1988454
1992908
2008953
2010013
2047204
2056762
2071694
2073365
2081845
2087595
2097404
2104774
2106351
2110440
2111013
2125355
2128817
2134632
2134913
2141723
2142979
2162030
2164730
2177145
2182684
2189117
2192060
2235344
2240990
2246913
2247880
2255265
2259821
2275058
2295420
2303291
2321738
2326198
2328037
2328070
2329901
2344926
2347950
2348410
2357093
2370099
2382797
2384361
2403468
2417477
2418953
2442670
2443288
2446909
2457273
2475497
2495727
2512490
2523351
2524263
2535959
2600834
2601289
2608091
2612393
2626059
2630995
2636535
2653369
2675888
2684632
2686627
2688386
2716939
2729886
2730428
2740917
2751431
2762920
2763985
2764586
2771117
2794291
2804186
2806744
2828967
2830660
2832641
2856214
2861270
2869587
2871485
2882552
2883858
2900823
2905243
2907375
2913204
2922076
2929948
2930237
2935893
2955769
2971447
2979600
2990513
2998912
2999401
3007099
3009974
3013483
3020386
3024326
3029609
3033652
3071522
3073522
3073612
3075896
3076265
3080014
3082819
3135607
3152950
3154250
3158725
3167411
3173914
3191958
3204654
3209538
3214161
3237123
3239375
3246853
3253887
3268698
3279452
3288931
3290381
3299311
3299480
3303511
3308329
3317398
3324168
3337400
3340443
3340708
3343371
3349973
3351092
3362275
3382781
3385761
3391458
3393763
3416266
3420594
3435523
3446481
3453247
3455299
3481966
3487002
3503707
3514211
3516043
3541526
3542055
3543722
3578801
3587156
3593418
3600450
3613203
3615194
3624144
3637061
3637176
3650242
3652486
3653483
3662357
3664876
3667010
3680565
3681208
3683699
3716552
3726348
3726944
3744119
3761441
3762852
3766847
3772558
3798111
3802656
3832831
3840374
3857080
3858585
3859734
3862128
3868387
3876202
3886789
3894374
3899663
3914083
3921646
3927769
3932054
3937286
3938536
3940462
3940743
3942178
3957202
3961146
3963789
3972227
3981674
3982556
3983835
3988808
3997882
4019314
4028846
4037663
4051893
4063716
4086607
4092192
4092606
4095448
4100110
4110858
4120242
4139863
4202066
4215832
4217065
4219472
4221143
4231337
4236996
4248363
4248951
4249223
4256648
4258611
4259433
4263156
4285060
4287510
4308481
4313273
4313611
4336977
4346683
4352935
4355153
4364294
4365760
4389757
4396248
4401722
4404367
4444731
4452717
4456832
4462463
4465652
4474267
4476121
4476785
4478245
4498325
4503470
4504620
4507982
4512157
4527098
4548347
4578398
4579081
4582391
4587316
4595234
4597212
4599393
4609526
4609592
4611712
4617918
4626836
4648715
4650592
4652209
4653542
4654451
4671630
4677005
4677959
4681443
4684042
4698793
4706134
4723064
4730808
4731287
4744114
4759865
4763736
4772288
4782985
4796387
4805829
4823134
4826457
4829078
4841946
4845911
4851581
4857882
4859907
4861196
4886408
4894821
4905521
4923174
4934341
4945723
4964488
4965477
4987503
4990104
4992572
4996306
5015358
5019888
5048138
5049145
5076386
5076873
5078010
5083878
5084352
5113253
5114684
5129762
5134449
5163609
5172877
5174337
5185341
5186785
5187541
5193264
5193823
5197652
5201774
5231534
5237383
5254027
5276044
5278079
5290840
5300164
5307514
5308634
5311027
5316520
5317892
5322844
5348617
5352879
5357885
5371988
5379881
5388752
5401034
5409966
5411063
5421696
5434587
5439505
5449863
5460834
5461721
5484227
5501404
5504393
5506726
5519308
5521115
5522121
5525652
5533442
5534182
5545620
5549867
5551026
5588829
5588854
5597373
5604770
5612522
5613479
5622464
5632652
5636613
5637951
5647318
5656417
5663243
5664421
5666767
5700828
5741219
5742769
5747963
5766119
5777107
5778814
5787043
5787738
5843071
5845600
5863398
5867306
5875517
5880461
5889463
5890080
5896593
5897885
5900118
5906342
5919346
5939494
5940159
5942833
5950849
5967166
5979290
5994507
6010249
6013893
6017531
6018080
6018733
6030163
6037897
6042122
6042125
6054689
6081091
6116099
6118406
6121093
6130041
6153514
6159202
6176204
6200944
6226307
6231332
6249020
6252089
6262409
6271457
6274038
6288766
6292098
6293410
6296523
6303356
6314357
6318200
6329697
6333661
6336964
6360885
6389781
6391356
6397987
6419801
6429820
6430817
6434602
6440559
6453555
6458687
6462437
6519178
6539266
6545798
6580350
6594357
6594710
6594781
6607571
6651838
6656190
6656249
6681211
6708907
6716063
6729927
6731163
6735093
6752612
6755590
6765782
6771612
6783748
6791082
6813775
6822698
6838171
6868309
6889227
6894397
6901360
6916571
6923402
6945646
6962732
6981048
6999060
7000246
7006825
7009179
7021128
7045928
7046260
7057436
7061652
7063539
7070092
7080154
7094548
7115191
7126162
7130641
7130930
7141270
7156773
7172587
7180755
7188838
7220280
7237020
7239868
7246744
7249518
7258946
7274067
7293592
7296966
7317693
7318887
7322078
7349604
7359193
7377434
7382093
7407494
7408889
7450155
7451313
7503886
7508758
7517538
7534472
7550484
7560727
7586931
7587203
7588363
7593397
7594725
7599747
7619471
7619558
7640858
7641665
7643428
7643800
7648088
7659022
7661563
7662183
7670132
7674033
7677832
7683472
7690584
7706358
7711952
7722546
7722685
7741491
7751324
7761644
7773180
7775323
7791307
7796137
7809150
7830378
7832871
7843402
7843722
7884056
7891705
7894097
7908726
7914953
7919829
7926090
7931210
7934456
7935711
7943097
7945759
7949901
7966965
8001280
8008706
8025827
8026055
8033740
8038714
8043085
8052079
8058919
8059619
8070291
8074979
8075948
8079875
8095970
8110028
8116151
8124371
8148194
8152465
8160720
8161573
8165427
8172344
8178067
8178971
8184050
8197883
8202141
8204390
8205134
8213908
8218226
8220353
8220595
8222111
8234110
8236381
8249540
8264445
8265098
8265956
8274805
8278162
8296010
8296694
8302549
8322927
8323165
8325294
8344198
8349008
8371485
8375608
8381038
8381268
8382896
8388397
8416541
8419171
8428007
8429042
8435044
8435357
8446063
8447529
8453419
8460295
8473349
8478804
8499369
8504549
8514675
8516274
8517530
8524380
8527898
8528346
8534358
8537025
8548680
8551311
8555531
8559549
8565380
8578540
8593131
8599782
8602220
8624883
8636240
8643484
8643880
8649089
8653252
8657205
8660519
8663264
8663987
8688205
8699002
8701690
8706667
8720580
8726611
8740551
8741556
8747015
8747774
8748923
8750705
8758197
8781248
8784420
8787412
8808053
8822854
8825271
8836541
8841193
8848724
8869715
8902027
8908851
8915568
8927836
8938562
8953097
8967924
8978885
8990411
9008609
9014114
9042939
9043595
9061910
9068486
9073411
9078550
9087652
9092234
9094442
9101916
9109579
9117389
9148452
9151305
9156742
9159151
9160559
9168317
9172846
9174123
9176332
9176584
9192457
9194946
9198158
9202436
9225510
9235450
9249449
9261882
9272101
9272172
9272441
9285638
9297343
9303170
9304804
9307771
9310084
9320607
9326552
9330282
9334326
9343926
9349175
9351529
9353154
9356610
9357688
9379630
9387762
9393516
9410421
9421674
9423075
9426689
9431551
9438203
9442137
9444423
9448668
9449128
9456554
9482244
9488339
9494285
9535942
9547262
9561165
9565328
9570124
9570231
9571552
9574330
9582450
9594606
9602056
9602603
9604902
9626764
9631661
9632633
9632691
9634927
9649820
9652052
9657874
9668189
9670687
9693167
9693806
9713917
9718321
9721714
9722459
9723727
9724019
9727508
9737987
9739573
9749496
9751038
9756289
9756693
9770505
9784795
9790558
9790854
9795576
9797776
9840436
9840801
9860865
9862837
9886691
9911385
9929221
9947846
9950085
9955970
9956332
9960061
9976054
9990809
9999724
