10000
2446400
2446399
2446398
2446397
2446396
2446395
2446394
2446393
2446392
2446391
2446390
2446389
2446388
2446387
2446386
2446385
2446384
2446383
2446382
2446381
2446380
2446379
2446378
2446377
2446376
2446375
2446374
2446373
2446372
2446371
2446370
2446369
2446368
2446367
2446366
2446365
2446364
2446363
2446362
2446361
2446360
2446359
2446358
2446357
2446356
2446355
2446354
2446353
2446352
2446351
2446350
2446349
2446348
2446347
2446346
2446345
2446344
2446343
2446342
2446341
2446340
2446339
2446338
2446337
2446336
2446335
2446334
2446333
2446332
2446331
2446330
2446329
2446328
2446327
2446326
2446325
2446324
2446323
2446322
2446321
2446320
2446319
2446318
2446317
2446316
2446315
2446314
2446313
2446312
2446311
2446310
2446309
2446308
2446307
2446306
2446305
2446304
2446303
2446302
2446301
2446300
2446299
2446298
2446297
2446296
2446295
2446294
2446293
2446292
2446291
2446290
2446289
2446288
2446287
2446286
2446285
2446284
2446283
2446282
2446281
2446280
2446279
2446278
2446277
2446276
2446275
2446274
2446273
2446272
2446271
2446270
2446269
2446268
2446267
2446266
2446265
2446264
2446263
2446262
2446261
2446260
2446259
2446258
2446257
2446256
2446255
2446254
2446253
2446252
2446251
2446250
2446249
2446248
2446247
2446246
2446245
2446244
2446243
2446242
2446241
2446240
2446239
2446238
2446237
2446236
2446235
2446234
2446233
2446232
2446231
2446230
2446229
2446228
2446227
2446226
2446225
2446224
2446223
2446222
2446221
2446220
2446219
2446218
2446217
2446216
2446215
2446214
2446213
2446212
2446211
2446210
2446209
2446208
2446207
2446206
2446205
2446204
2446203
2446202
2446201
2446200
2446199
2446198
2446197
2446196
2446195
2446194
2446193
2446192
2446191
2446190
2446189
2446188
2446187
2446186
2446185
2446184
2446183
2446182
2446181
2446180
2446179
2446178
2446177
2446176
2446175
2446174
2446173
2446172
2446171
2446170
2446169
2446168
2446167
2446166
2446165
2446164
2446163
2446162
2446161
2446160
2446159
2446158
2446157
2446156
2446155
2446154
2446153
2446152
2446151
2446150
2446149
2446148
2446147
2446146
2446145
2446144
2446143
2446142
2446141
2446140
2446139
2446138
2446137
2446136
2446135
2446134
2446133
2446132
2446131
2446130
2446129
2446128
2446127
2446126
2446125
2446124
2446123
2446122
2446121
2446120
2446119
2446118
2446117
2446116
2446115
2446114
2446113
2446112
2446111
2446110
2446109
2446108
2446107
2446106
2446105
2446104
2446103
2446102
2446101
2446100
2446099
2446098
2446097
2446096
2446095
2446094
2446093
2446092
2446091
2446090
2446089
2446088
2446087
2446086
2446085
2446084
2446083
2446082
2446081
2446080
2446079
2446078
2446077
2446076
2446075
2446074
2446073
2446072
2446071
2446070
2446069
2446068
2446067
2446066
2446065
2446064
2446063
2446062
2446061
2446060
2446059
2446058
2446057
2446056
2446055
2446054
2446053
2446052
2446051
2446050
2446049
2446048
2446047
2446046
2446045
2446044
2446043
2446042
2446041
2446040
2446039
2446038
2446037
2446036
2446035
2446034
2446033
2446032
2446031
2446030
2446029
2446028
2446027
2446026
2446025
2446024
2446023
2446022
2446021
2446020
2446019
2446018
2446017
2446016
2446015
2446014
2446013
2446012
2446011
2446010
2446009
2446008
2446007
2446006
2446005
2446004
2446003
2446002
2446001
2446000
2445999
2445998
2445997
2445996
2445995
2445994
2445993
2445992
2445991
2445990
2445989
2445988
2445987
2445986
2445985
2445984
2445983
2445982
2445981
2445980
2445979
2445978
2445977
2445976
2445975
2445974
2445973
2445972
2445971
2445970
2445969
2445968
2445967
2445966
2445965
2445964
2445963
2445962
2445961
2445960
2445959
2445958
2445957
2445956
2445955
2445954
2445953
2445952
2445951
2445950
2445949
2445948
2445947
2445946
2445945
2445944
2445943
2445942
2445941
2445940
2445939
2445938
2445937
2445936
2445935
2445934
2445933
2445932
2445931
2445930
2445929
2445928
2445927
2445926
2445925
2445924
2445923
2445922
2445921
2445920
2445919
2445918
2445917
2445916
2445915
2445914
2445913
2445912
2445911
2445910
2445909
2445908
2445907
2445906
2445905
2445904
2445903
2445902
2445901
2445900
2445899
2445898
2445897
2445896
2445895
2445894
2445893
2445892
2445891
2445890
2445889
2445888
2445887
2445886
2445885
2445884
2445883
2445882
2445881
2445880
2445879
2445878
2445877
2445876
2445875
2445874
2445873
2445872
2445871
2445870
2445869
2445868
2445867
2445866
2445865
2445864
2445863
2445862
2445861
2445860
2445859
2445858
2445857
2445856
2445855
2445854
2445853
2445852
2445851
2445850
2445849
2445848
2445847
2445846
2445845
2445844
2445843
2445842
2445841
2445840
2445839
2445838
2445837
2445836
2445835
2445834
2445833
2445832
2445831
2445830
2445829
2445828
2445827
2445826
2445825
2445824
2445823
2445822
2445821
2445820
2445819
2445818
2445817
2445816
2445815
2445814
2445813
2445812
2445811
2445810
2445809
2445808
2445807
2445806
2445805
2445804
2445803
2445802
2445801
2445800
2445799
2445798
2445797
2445796
2445795
2445794
2445793
2445792
2445791
2445790
2445789
2445788
2445787
2445786
2445785
2445784
2445783
2445782
2445781
2445780
2445779
2445778
2445777
2445776
2445775
2445774
2445773
2445772
2445771
2445770
2445769
2445768
2445767
2445766
2445765
2445764
2445763
2445762
2445761
2445760
2445759
2445758
2445757
2445756
2445755
2445754
2445753
2445752
2445751
2445750
2445749
2445748
2445747
2445746
2445745
2445744
2445743
2445742
2445741
2445740
2445739
2445738
2445737
2445736
2445735
2445734
2445733
2445732
2445731
2445730
2445729
2445728
2445727
2445726
2445725
2445724
2445723
2445722
2445721
2445720
2445719
2445718
2445717
2445716
2445715
2445714
2445713
2445712
2445711
2445710
2445709
2445708
2445707
2445706
2445705
2445704
2445703
2445702
2445701
2445700
2445699
2445698
2445697
2445696
2445695
2445694
2445693
2445692
2445691
2445690
2445689
2445688
2445687
2445686
2445685
2445684
2445683
2445682
2445681
2445680
2445679
2445678
2445677
2445676
2445675
2445674
2445673
2445672
2445671
2445670
2445669
2445668
2445667
2445666
2445665
2445664
2445663
2445662
2445661
2445660
2445659
2445658
2445657
2445656
2445655
2445654
2445653
2445652
2445651
2445650
2445649
2445648
2445647
2445646
2445645
2445644
2445643
2445642
2445641
2445640
2445639
2445638
2445637
2445636
2445635
2445634
2445633
2445632
2445631
2445630
2445629
2445628
2445627
2445626
2445625
2445624
2445623
2445622
2445621
2445620
2445619
2445618
2445617
2445616
2445615
2445614
2445613
2445612
2445611
2445610
2445609
2445608
2445607
2445606
2445605
2445604
2445603
2445602
2445601
2445600
2445599
2445598
2445597
2445596
2445595
2445594
2445593
2445592
2445591
2445590
2445589
2445588
2445587
2445586
2445585
2445584
2445583
2445582
2445581
2445580
2445579
2445578
2445577
2445576
2445575
2445574
2445573
2445572
2445571
2445570
2445569
2445568
2445567
2445566
2445565
2445564
2445563
2445562
2445561
2445560
2445559
2445558
2445557
2445556
2445555
2445554
2445553
2445552
2445551
2445550
2445549
2445548
2445547
2445546
2445545
2445544
2445543
2445542
2445541
2445540
2445539
2445538
2445537
2445536
2445535
2445534
2445533
2445532
2445531
2445530
2445529
2445528
2445527
2445526
2445525
2445524
2445523
2445522
2445521
2445520
2445519
2445518
2445517
2445516
2445515
2445514
2445513
2445512
2445511
2445510
2445509
2445508
2445507
2445506
2445505
2445504
2445503
2445502
2445501
2445500
2445499
2445498
2445497
2445496
2445495
2445494
2445493
2445492
2445491
2445490
2445489
2445488
2445487
2445486
2445485
2445484
2445483
2445482
2445481
2445480
2445479
2445478
2445477
2445476
2445475
2445474
2445473
2445472
2445471
2445470
2445469
2445468
2445467
2445466
2445465
2445464
2445463
2445462
2445461
2445460
2445459
2445458
2445457
2445456
2445455
2445454
2445453
2445452
2445451
2445450
2445449
2445448
2445447
2445446
2445445
2445444
2445443
2445442
2445441
2445440
2445439
2445438
2445437
2445436
2445435
2445434
2445433
2445432
2445431
2445430
2445429
2445428
2445427
2445426
2445425
2445424
2445423
2445422
2445421
2445420
2445419
2445418
2445417
2445416
2445415
2445414
2445413
2445412
2445411
2445410
2445409
2445408
2445407
2445406
2445405
2445404
2445403
2445402
2445401
2445400
2445399
2445398
2445397
2445396
2445395
2445394
2445393
2445392
2445391
2445390
2445389
2445388
2445387
2445386
2445385
2445384
2445383
2445382
2445381
2445380
2445379
2445378
2445377
2445376
2445375
2445374
2445373
2445372
2445371
2445370
2445369
2445368
2445367
2445366
2445365
2445364
2445363
2445362
2445361
2445360
2445359
2445358
2445357
2445356
2445355
2445354
2445353
2445352
2445351
2445350
2445349
2445348
2445347
2445346
2445345
2445344
2445343
2445342
2445341
2445340
2445339
2445338
2445337
2445336
2445335
2445334
2445333
2445332
2445331
2445330
2445329
2445328
2445327
2445326
2445325
2445324
2445323
2445322
2445321
2445320
2445319
2445318
2445317
2445316
2445315
2445314
2445313
2445312
2445311
2445310
2445309
2445308
2445307
2445306
2445305
2445304
2445303
2445302
2445301
2445300
2445299
2445298
2445297
2445296
2445295
2445294
2445293
2445292
2445291
2445290
2445289
2445288
2445287
2445286
2445285
2445284
2445283
2445282
2445281
2445280
2445279
2445278
2445277
2445276
2445275
2445274
2445273
2445272
2445271
2445270
2445269
2445268
2445267
2445266
2445265
2445264
2445263
2445262
2445261
2445260
2445259
2445258
2445257
2445256
2445255
2445254
2445253
2445252
2445251
2445250
2445249
2445248
2445247
2445246
2445245
2445244
2445243
2445242
2445241
2445240
2445239
2445238
2445237
2445236
2445235
2445234
2445233
2445232
2445231
2445230
2445229
2445228
2445227
2445226
2445225
2445224
2445223
2445222
2445221
2445220
2445219
2445218
2445217
2445216
2445215
2445214
2445213
2445212
2445211
2445210
2445209
2445208
2445207
2445206
2445205
2445204
2445203
2445202
2445201
2445200
2445199
2445198
2445197
2445196
2445195
2445194
2445193
2445192
2445191
2445190
2445189
2445188
2445187
2445186
2445185
2445184
2445183
2445182
2445181
2445180
2445179
2445178
2445177
2445176
2445175
2445174
2445173
2445172
2445171
2445170
2445169
2445168
2445167
2445166
2445165
2445164
2445163
2445162
2445161
2445160
2445159
2445158
2445157
2445156
2445155
2445154
2445153
2445152
2445151
2445150
2445149
2445148
2445147
2445146
2445145
2445144
2445143
2445142
2445141
2445140
2445139
2445138
2445137
2445136
2445135
2445134
2445133
2445132
2445131
2445130
2445129
2445128
2445127
2445126
2445125
2445124
2445123
2445122
2445121
2445120
2445119
2445118
2445117
2445116
2445115
2445114
2445113
2445112
2445111
2445110
2445109
2445108
2445107
2445106
2445105
2445104
2445103
2445102
2445101
2445100
2445099
2445098
2445097
2445096
2445095
2445094
2445093
2445092
2445091
2445090
2445089
2445088
2445087
2445086
2445085
2445084
2445083
2445082
2445081
2445080
2445079
2445078
2445077
2445076
2445075
2445074
2445073
2445072
2445071
2445070
2445069
2445068
2445067
2445066
2445065
2445064
2445063
2445062
2445061
2445060
2445059
2445058
2445057
2445056
2445055
2445054
2445053
2445052
2445051
2445050
2445049
2445048
2445047
2445046
2445045
2445044
2445043
2445042
2445041
2445040
2445039
2445038
2445037
2445036
2445035
2445034
2445033
2445032
2445031
2445030
2445029
2445028
2445027
2445026
2445025
2445024
2445023
2445022
2445021
2445020
2445019
2445018
2445017
2445016
2445015
2445014
2445013
2445012
2445011
2445010
2445009
2445008
2445007
2445006
2445005
2445004
2445003
2445002
2445001
2445000
2444999
2444998
2444997
2444996
2444995
2444994
2444993
2444992
2444991
2444990
2444989
2444988
2444987
2444986
2444985
2444984
2444983
2444982
2444981
2444980
2444979
2444978
2444977
2444976
2444975
2444974
2444973
2444972
2444971
2444970
2444969
2444968
2444967
2444966
2444965
2444964
2444963
2444962
2444961
2444960
2444959
2444958
2444957
2444956
2444955
2444954
2444953
2444952
2444951
2444950
2444949
2444948
2444947
2444946
2444945
2444944
2444943
2444942
2444941
2444940
2444939
2444938
2444937
2444936
2444935
2444934
2444933
2444932
2444931
2444930
2444929
2444928
2444927
2444926
2444925
2444924
2444923
2444922
2444921
2444920
2444919
2444918
2444917
2444916
2444915
2444914
2444913
2444912
2444911
2444910
2444909
2444908
2444907
2444906
2444905
2444904
2444903
2444902
2444901
2444900
2444899
2444898
2444897
2444896
2444895
2444894
2444893
2444892
2444891
2444890
2444889
2444888
2444887
2444886
2444885
2444884
2444883
2444882
2444881
2444880
2444879
2444878
2444877
2444876
2444875
2444874
2444873
2444872
2444871
2444870
2444869
2444868
2444867
2444866
2444865
2444864
2444863
2444862
2444861
2444860
2444859
2444858
2444857
2444856
2444855
2444854
2444853
2444852
2444851
2444850
2444849
2444848
2444847
2444846
2444845
2444844
2444843
2444842
2444841
2444840
2444839
2444838
2444837
2444836
2444835
2444834
2444833
2444832
2444831
2444830
2444829
2444828
2444827
2444826
2444825
2444824
2444823
2444822
2444821
2444820
2444819
2444818
2444817
2444816
2444815
2444814
2444813
2444812
2444811
2444810
2444809
2444808
2444807
2444806
2444805
2444804
2444803
2444802
2444801
2444800
2444799
2444798
2444797
2444796
2444795
2444794
2444793
2444792
2444791
2444790
2444789
2444788
2444787
2444786
2444785
2444784
2444783
2444782
2444781
2444780
2444779
2444778
2444777
2444776
2444775
2444774
2444773
2444772
2444771
2444770
2444769
2444768
2444767
2444766
2444765
2444764
2444763
2444762
2444761
2444760
2444759
2444758
2444757
2444756
2444755
2444754
2444753
2444752
2444751
2444750
2444749
2444748
2444747
2444746
2444745
2444744
2444743
2444742
2444741
2444740
2444739
2444738
2444737
2444736
2444735
2444734
2444733
2444732
2444731
2444730
2444729
2444728
2444727
2444726
2444725
2444724
2444723
2444722
2444721
2444720
2444719
2444718
2444717
2444716
2444715
2444714
2444713
2444712
2444711
2444710
2444709
2444708
2444707
2444706
2444705
2444704
2444703
2444702
2444701
2444700
2444699
2444698
2444697
2444696
2444695
2444694
2444693
2444692
2444691
2444690
2444689
2444688
2444687
2444686
2444685
2444684
2444683
2444682
2444681
2444680
2444679
2444678
2444677
2444676
2444675
2444674
2444673
2444672
2444671
2444670
2444669
2444668
2444667
2444666
2444665
2444664
2444663
2444662
2444661
2444660
2444659
2444658
2444657
2444656
2444655
2444654
2444653
2444652
2444651
2444650
2444649
2444648
2444647
2444646
2444645
2444644
2444643
2444642
2444641
2444640
2444639
2444638
2444637
2444636
2444635
2444634
2444633
2444632
2444631
2444630
2444629
2444628
2444627
2444626
2444625
2444624
2444623
2444622
2444621
2444620
2444619
2444618
2444617
2444616
2444615
2444614
2444613
2444612
2444611
2444610
2444609
2444608
2444607
2444606
2444605
2444604
2444603
2444602
2444601
2444600
2444599
2444598
2444597
2444596
2444595
2444594
2444593
2444592
2444591
2444590
2444589
2444588
2444587
2444586
2444585
2444584
2444583
2444582
2444581
2444580
2444579
2444578
2444577
2444576
2444575
2444574
2444573
2444572
2444571
2444570
2444569
2444568
2444567
2444566
2444565
2444564
2444563
2444562
2444561
2444560
2444559
2444558
2444557
2444556
2444555
2444554
2444553
2444552
2444551
2444550
2444549
2444548
2444547
2444546
2444545
2444544
2444543
2444542
2444541
2444540
2444539
2444538
2444537
2444536
2444535
2444534
2444533
2444532
2444531
2444530
2444529
2444528
2444527
2444526
2444525
2444524
2444523
2444522
2444521
2444520
2444519
2444518
2444517
2444516
2444515
2444514
2444513
2444512
2444511
2444510
2444509
2444508
2444507
2444506
2444505
2444504
2444503
2444502
2444501
2444500
2444499
2444498
2444497
2444496
2444495
2444494
2444493
2444492
2444491
2444490
2444489
2444488
2444487
2444486
2444485
2444484
2444483
2444482
2444481
2444480
2444479
2444478
2444477
2444476
2444475
2444474
2444473
2444472
2444471
2444470
2444469
2444468
2444467
2444466
2444465
2444464
2444463
2444462
2444461
2444460
2444459
2444458
2444457
2444456
2444455
2444454
2444453
2444452
2444451
2444450
2444449
2444448
2444447
2444446
2444445
2444444
2444443
2444442
2444441
2444440
2444439
2444438
2444437
2444436
2444435
2444434
2444433
2444432
2444431
2444430
2444429
2444428
2444427
2444426
2444425
2444424
2444423
2444422
2444421
2444420
2444419
2444418
2444417
2444416
2444415
2444414
2444413
2444412
2444411
2444410
2444409
2444408
2444407
2444406
2444405
2444404
2444403
2444402
2444401
2444400
2444399
2444398
2444397
2444396
2444395
2444394
2444393
2444392
2444391
2444390
2444389
2444388
2444387
2444386
2444385
2444384
2444383
2444382
2444381
2444380
2444379
2444378
2444377
2444376
2444375
2444374
2444373
2444372
2444371
2444370
2444369
2444368
2444367
2444366
2444365
2444364
2444363
2444362
2444361
2444360
2444359
2444358
2444357
2444356
2444355
2444354
2444353
2444352
2444351
2444350
2444349
2444348
2444347
2444346
2444345
2444344
2444343
2444342
2444341
2444340
2444339
2444338
2444337
2444336
2444335
2444334
2444333
2444332
2444331
2444330
2444329
2444328
2444327
2444326
2444325
2444324
2444323
2444322
2444321
2444320
2444319
2444318
2444317
2444316
2444315
2444314
2444313
2444312
2444311
2444310
2444309
2444308
2444307
2444306
2444305
2444304
2444303
2444302
2444301
2444300
2444299
2444298
2444297
2444296
2444295
2444294
2444293
2444292
2444291
2444290
2444289
2444288
2444287
2444286
2444285
2444284
2444283
2444282
2444281
2444280
2444279
2444278
2444277
2444276
2444275
2444274
2444273
2444272
2444271
2444270
2444269
2444268
2444267
2444266
2444265
2444264
2444263
2444262
2444261
2444260
2444259
2444258
2444257
2444256
2444255
2444254
2444253
2444252
2444251
2444250
2444249
2444248
2444247
2444246
2444245
2444244
2444243
2444242
2444241
2444240
2444239
2444238
2444237
2444236
2444235
2444234
2444233
2444232
2444231
2444230
2444229
2444228
2444227
2444226
2444225
2444224
2444223
2444222
2444221
2444220
2444219
2444218
2444217
2444216
2444215
2444214
2444213
2444212
2444211
2444210
2444209
2444208
2444207
2444206
2444205
2444204
2444203
2444202
2444201
2444200
2444199
2444198
2444197
2444196
2444195
2444194
2444193
2444192
2444191
2444190
2444189
2444188
2444187
2444186
2444185
2444184
2444183
2444182
2444181
2444180
2444179
2444178
2444177
2444176
2444175
2444174
2444173
2444172
2444171
2444170
2444169
2444168
2444167
2444166
2444165
2444164
2444163
2444162
2444161
2444160
2444159
2444158
2444157
2444156
2444155
2444154
2444153
2444152
2444151
2444150
2444149
2444148
2444147
2444146
2444145
2444144
2444143
2444142
2444141
2444140
2444139
2444138
2444137
2444136
2444135
2444134
2444133
2444132
2444131
2444130
2444129
2444128
2444127
2444126
2444125
2444124
2444123
2444122
2444121
2444120
2444119
2444118
2444117
2444116
2444115
2444114
2444113
2444112
2444111
2444110
2444109
2444108
2444107
2444106
2444105
2444104
2444103
2444102
2444101
2444100
2444099
2444098
2444097
2444096
2444095
2444094
2444093
2444092
2444091
2444090
2444089
2444088
2444087
2444086
2444085
2444084
2444083
2444082
2444081
2444080
2444079
2444078
2444077
2444076
2444075
2444074
2444073
2444072
2444071
2444070
2444069
2444068
2444067
2444066
2444065
2444064
2444063
2444062
2444061
2444060
2444059
2444058
2444057
2444056
2444055
2444054
2444053
2444052
2444051
2444050
2444049
2444048
2444047
2444046
2444045
2444044
2444043
2444042
2444041
2444040
2444039
2444038
2444037
2444036
2444035
2444034
2444033
2444032
2444031
2444030
2444029
2444028
2444027
2444026
2444025
2444024
2444023
2444022
2444021
2444020
2444019
2444018
2444017
2444016
2444015
2444014
2444013
2444012
2444011
2444010
2444009
2444008
2444007
2444006
2444005
2444004
2444003
2444002
2444001
2444000
2443999
2443998
2443997
2443996
2443995
2443994
2443993
2443992
2443991
2443990
2443989
2443988
2443987
2443986
2443985
2443984
2443983
2443982
2443981
2443980
2443979
2443978
2443977
2443976
2443975
2443974
2443973
2443972
2443971
2443970
2443969
2443968
2443967
2443966
2443965
2443964
2443963
2443962
2443961
2443960
2443959
2443958
2443957
2443956
2443955
2443954
2443953
2443952
2443951
2443950
2443949
2443948
2443947
2443946
2443945
2443944
2443943
2443942
2443941
2443940
2443939
2443938
2443937
2443936
2443935
2443934
2443933
2443932
2443931
2443930
2443929
2443928
2443927
2443926
2443925
2443924
2443923
2443922
2443921
2443920
2443919
2443918
2443917
2443916
2443915
2443914
2443913
2443912
2443911
2443910
2443909
2443908
2443907
2443906
2443905
2443904
2443903
2443902
2443901
2443900
2443899
2443898
2443897
2443896
2443895
2443894
2443893
2443892
2443891
2443890
2443889
2443888
2443887
2443886
2443885
2443884
2443883
2443882
2443881
2443880
2443879
2443878
2443877
2443876
2443875
2443874
2443873
2443872
2443871
2443870
2443869
2443868
2443867
2443866
2443865
2443864
2443863
2443862
2443861
2443860
2443859
2443858
2443857
2443856
2443855
2443854
2443853
2443852
2443851
2443850
2443849
2443848
2443847
2443846
2443845
2443844
2443843
2443842
2443841
2443840
2443839
2443838
2443837
2443836
2443835
2443834
2443833
2443832
2443831
2443830
2443829
2443828
2443827
2443826
2443825
2443824
2443823
2443822
2443821
2443820
2443819
2443818
2443817
2443816
2443815
2443814
2443813
2443812
2443811
2443810
2443809
2443808
2443807
2443806
2443805
2443804
2443803
2443802
2443801
2443800
2443799
2443798
2443797
2443796
2443795
2443794
2443793
2443792
2443791
2443790
2443789
2443788
2443787
2443786
2443785
2443784
2443783
2443782
2443781
2443780
2443779
2443778
2443777
2443776
2443775
2443774
2443773
2443772
2443771
2443770
2443769
2443768
2443767
2443766
2443765
2443764
2443763
2443762
2443761
2443760
2443759
2443758
2443757
2443756
2443755
2443754
2443753
2443752
2443751
2443750
2443749
2443748
2443747
2443746
2443745
2443744
2443743
2443742
2443741
2443740
2443739
2443738
2443737
2443736
2443735
2443734
2443733
2443732
2443731
2443730
2443729
2443728
2443727
2443726
2443725
2443724
2443723
2443722
2443721
2443720
2443719
2443718
2443717
2443716
2443715
2443714
2443713
2443712
2443711
2443710
2443709
2443708
2443707
2443706
2443705
2443704
2443703
2443702
2443701
2443700
2443699
2443698
2443697
2443696
2443695
2443694
2443693
2443692
2443691
2443690
2443689
2443688
2443687
2443686
2443685
2443684
2443683
2443682
2443681
2443680
2443679
2443678
2443677
2443676
2443675
2443674
2443673
2443672
2443671
2443670
2443669
2443668
2443667
2443666
2443665
2443664
2443663
2443662
2443661
2443660
2443659
2443658
2443657
2443656
2443655
2443654
2443653
2443652
2443651
2443650
2443649
2443648
2443647
2443646
2443645
2443644
2443643
2443642
2443641
2443640
2443639
2443638
2443637
2443636
2443635
2443634
2443633
2443632
2443631
2443630
2443629
2443628
2443627
2443626
2443625
2443624
2443623
2443622
2443621
2443620
2443619
2443618
2443617
2443616
2443615
2443614
2443613
2443612
2443611
2443610
2443609
2443608
2443607
2443606
2443605
2443604
2443603
2443602
2443601
2443600
2443599
2443598
2443597
2443596
2443595
2443594
2443593
2443592
2443591
2443590
2443589
2443588
2443587
2443586
2443585
2443584
2443583
2443582
2443581
2443580
2443579
2443578
2443577
2443576
2443575
2443574
2443573
2443572
2443571
2443570
2443569
2443568
2443567
2443566
2443565
2443564
2443563
2443562
2443561
2443560
2443559
2443558
2443557
2443556
2443555
2443554
2443553
2443552
2443551
2443550
2443549
2443548
2443547
2443546
2443545
2443544
2443543
2443542
2443541
2443540
2443539
2443538
2443537
2443536
2443535
2443534
2443533
2443532
2443531
2443530
2443529
2443528
2443527
2443526
2443525
2443524
2443523
2443522
2443521
2443520
2443519
2443518
2443517
2443516
2443515
2443514
2443513
2443512
2443511
2443510
2443509
2443508
2443507
2443506
2443505
2443504
2443503
2443502
2443501
2443500
2443499
2443498
2443497
2443496
2443495
2443494
2443493
2443492
2443491
2443490
2443489
2443488
2443487
2443486
2443485
2443484
2443483
2443482
2443481
2443480
2443479
2443478
2443477
2443476
2443475
2443474
2443473
2443472
2443471
2443470
2443469
2443468
2443467
2443466
2443465
2443464
2443463
2443462
2443461
2443460
2443459
2443458
2443457
2443456
2443455
2443454
2443453
2443452
2443451
2443450
2443449
2443448
2443447
2443446
2443445
2443444
2443443
2443442
2443441
2443440
2443439
2443438
2443437
2443436
2443435
2443434
2443433
2443432
2443431
2443430
2443429
2443428
2443427
2443426
2443425
2443424
2443423
2443422
2443421
2443420
2443419
2443418
2443417
2443416
2443415
2443414
2443413
2443412
2443411
2443410
2443409
2443408
2443407
2443406
2443405
2443404
2443403
2443402
2443401
2443400
2443399
2443398
2443397
2443396
2443395
2443394
2443393
2443392
2443391
2443390
2443389
2443388
2443387
2443386
2443385
2443384
2443383
2443382
2443381
2443380
2443379
2443378
2443377
2443376
2443375
2443374
2443373
2443372
2443371
2443370
2443369
2443368
2443367
2443366
2443365
2443364
2443363
2443362
2443361
2443360
2443359
2443358
2443357
2443356
2443355
2443354
2443353
2443352
2443351
2443350
2443349
2443348
2443347
2443346
2443345
2443344
2443343
2443342
2443341
2443340
2443339
2443338
2443337
2443336
2443335
2443334
2443333
2443332
2443331
2443330
2443329
2443328
2443327
2443326
2443325
2443324
2443323
2443322
2443321
2443320
2443319
2443318
2443317
2443316
2443315
2443314
2443313
2443312
2443311
2443310
2443309
2443308
2443307
2443306
2443305
2443304
2443303
2443302
2443301
2443300
2443299
2443298
2443297
2443296
2443295
2443294
2443293
2443292
2443291
2443290
2443289
2443288
2443287
2443286
2443285
2443284
2443283
2443282
2443281
2443280
2443279
2443278
2443277
2443276
2443275
2443274
2443273
2443272
2443271
2443270
2443269
2443268
2443267
2443266
2443265
2443264
2443263
2443262
2443261
2443260
2443259
2443258
2443257
2443256
2443255
2443254
2443253
2443252
2443251
2443250
2443249
2443248
2443247
2443246
2443245
2443244
2443243
2443242
2443241
2443240
2443239
2443238
2443237
2443236
2443235
2443234
2443233
2443232
2443231
2443230
2443229
2443228
2443227
2443226
2443225
2443224
2443223
2443222
2443221
2443220
2443219
2443218
2443217
2443216
2443215
2443214
2443213
2443212
2443211
2443210
2443209
2443208
2443207
2443206
2443205
2443204
2443203
2443202
2443201
2443200
2443199
2443198
2443197
2443196
2443195
2443194
2443193
2443192
2443191
2443190
2443189
2443188
2443187
2443186
2443185
2443184
2443183
2443182
2443181
2443180
2443179
2443178
2443177
2443176
2443175
2443174
2443173
2443172
2443171
2443170
2443169
2443168
2443167
2443166
2443165
2443164
2443163
2443162
2443161
2443160
2443159
2443158
2443157
2443156
2443155
2443154
2443153
2443152
2443151
2443150
2443149
2443148
2443147
2443146
2443145
2443144
2443143
2443142
2443141
2443140
2443139
2443138
2443137
2443136
2443135
2443134
2443133
2443132
2443131
2443130
2443129
2443128
2443127
2443126
2443125
2443124
2443123
2443122
2443121
2443120
2443119
2443118
2443117
2443116
2443115
2443114
2443113
2443112
2443111
2443110
2443109
2443108
2443107
2443106
2443105
2443104
2443103
2443102
2443101
2443100
2443099
2443098
2443097
2443096
2443095
2443094
2443093
2443092
2443091
2443090
2443089
2443088
2443087
2443086
2443085
2443084
2443083
2443082
2443081
2443080
2443079
2443078
2443077
2443076
2443075
2443074
2443073
2443072
2443071
2443070
2443069
2443068
2443067
2443066
2443065
2443064
2443063
2443062
2443061
2443060
2443059
2443058
2443057
2443056
2443055
2443054
2443053
2443052
2443051
2443050
2443049
2443048
2443047
2443046
2443045
2443044
2443043
2443042
2443041
2443040
2443039
2443038
2443037
2443036
2443035
2443034
2443033
2443032
2443031
2443030
2443029
2443028
2443027
2443026
2443025
2443024
2443023
2443022
2443021
2443020
2443019
2443018
2443017
2443016
2443015
2443014
2443013
2443012
2443011
2443010
2443009
2443008
2443007
2443006
2443005
2443004
2443003
2443002
2443001
2443000
2442999
2442998
2442997
2442996
2442995
2442994
2442993
2442992
2442991
2442990
2442989
2442988
2442987
2442986
2442985
2442984
2442983
2442982
2442981
2442980
2442979
2442978
2442977
2442976
2442975
2442974
2442973
2442972
2442971
2442970
2442969
2442968
2442967
2442966
2442965
2442964
2442963
2442962
2442961
2442960
2442959
2442958
2442957
2442956
2442955
2442954
2442953
2442952
2442951
2442950
2442949
2442948
2442947
2442946
2442945
2442944
2442943
2442942
2442941
2442940
2442939
2442938
2442937
2442936
2442935
2442934
2442933
2442932
2442931
2442930
2442929
2442928
2442927
2442926
2442925
2442924
2442923
2442922
2442921
2442920
2442919
2442918
2442917
2442916
2442915
2442914
2442913
2442912
2442911
2442910
2442909
2442908
2442907
2442906
2442905
2442904
2442903
2442902
2442901
2442900
2442899
2442898
2442897
2442896
2442895
2442894
2442893
2442892
2442891
2442890
2442889
2442888
2442887
2442886
2442885
2442884
2442883
2442882
2442881
2442880
2442879
2442878
2442877
2442876
2442875
2442874
2442873
2442872
2442871
2442870
2442869
2442868
2442867
2442866
2442865
2442864
2442863
2442862
2442861
2442860
2442859
2442858
2442857
2442856
2442855
2442854
2442853
2442852
2442851
2442850
2442849
2442848
2442847
2442846
2442845
2442844
2442843
2442842
2442841
2442840
2442839
2442838
2442837
2442836
2442835
2442834
2442833
2442832
2442831
2442830
2442829
2442828
2442827
2442826
2442825
2442824
2442823
2442822
2442821
2442820
2442819
2442818
2442817
2442816
2442815
2442814
2442813
2442812
2442811
2442810
2442809
2442808
2442807
2442806
2442805
2442804
2442803
2442802
2442801
2442800
2442799
2442798
2442797
2442796
2442795
2442794
2442793
2442792
2442791
2442790
2442789
2442788
2442787
2442786
2442785
2442784
2442783
2442782
2442781
2442780
2442779
2442778
2442777
2442776
2442775
2442774
2442773
2442772
2442771
2442770
2442769
2442768
2442767
2442766
2442765
2442764
2442763
2442762
2442761
2442760
2442759
2442758
2442757
2442756
2442755
2442754
2442753
2442752
2442751
2442750
2442749
2442748
2442747
2442746
2442745
2442744
2442743
2442742
2442741
2442740
2442739
2442738
2442737
2442736
2442735
2442734
2442733
2442732
2442731
2442730
2442729
2442728
2442727
2442726
2442725
2442724
2442723
2442722
2442721
2442720
2442719
2442718
2442717
2442716
2442715
2442714
2442713
2442712
2442711
2442710
2442709
2442708
2442707
2442706
2442705
2442704
2442703
2442702
2442701
2442700
2442699
2442698
2442697
2442696
2442695
2442694
2442693
2442692
2442691
2442690
2442689
2442688
2442687
2442686
2442685
2442684
2442683
2442682
2442681
2442680
2442679
2442678
2442677
2442676
2442675
2442674
2442673
2442672
2442671
2442670
2442669
2442668
2442667
2442666
2442665
2442664
2442663
2442662
2442661
2442660
2442659
2442658
2442657
2442656
2442655
2442654
2442653
2442652
2442651
2442650
2442649
2442648
2442647
2442646
2442645
2442644
2442643
2442642
2442641
2442640
2442639
2442638
2442637
2442636
2442635
2442634
2442633
2442632
2442631
2442630
2442629
2442628
2442627
2442626
2442625
2442624
2442623
2442622
2442621
2442620
2442619
2442618
2442617
2442616
2442615
2442614
2442613
2442612
2442611
2442610
2442609
2442608
2442607
2442606
2442605
2442604
2442603
2442602
2442601
2442600
2442599
2442598
2442597
2442596
2442595
2442594
2442593
2442592
2442591
2442590
2442589
2442588
2442587
2442586
2442585
2442584
2442583
2442582
2442581
2442580
2442579
2442578
2442577
2442576
2442575
2442574
2442573
2442572
2442571
2442570
2442569
2442568
2442567
2442566
2442565
2442564
2442563
2442562
2442561
2442560
2442559
2442558
2442557
2442556
2442555
2442554
2442553
2442552
2442551
2442550
2442549
2442548
2442547
2442546
2442545
2442544
2442543
2442542
2442541
2442540
2442539
2442538
2442537
2442536
2442535
2442534
2442533
2442532
2442531
2442530
2442529
2442528
2442527
2442526
2442525
2442524
2442523
2442522
2442521
2442520
2442519
2442518
2442517
2442516
2442515
2442514
2442513
2442512
2442511
2442510
2442509
2442508
2442507
2442506
2442505
2442504
2442503
2442502
2442501
2442500
2442499
2442498
2442497
2442496
2442495
2442494
2442493
2442492
2442491
2442490
2442489
2442488
2442487
2442486
2442485
2442484
2442483
2442482
2442481
2442480
2442479
2442478
2442477
2442476
2442475
2442474
2442473
2442472
2442471
2442470
2442469
2442468
2442467
2442466
2442465
2442464
2442463
2442462
2442461
2442460
2442459
2442458
2442457
2442456
2442455
2442454
2442453
2442452
2442451
2442450
2442449
2442448
2442447
2442446
2442445
2442444
2442443
2442442
2442441
2442440
2442439
2442438
2442437
2442436
2442435
2442434
2442433
2442432
2442431
2442430
2442429
2442428
2442427
2442426
2442425
2442424
2442423
2442422
2442421
2442420
2442419
2442418
2442417
2442416
2442415
2442414
2442413
2442412
2442411
2442410
2442409
2442408
2442407
2442406
2442405
2442404
2442403
2442402
2442401
2442400
2442399
2442398
2442397
2442396
2442395
2442394
2442393
2442392
2442391
2442390
2442389
2442388
2442387
2442386
2442385
2442384
2442383
2442382
2442381
2442380
2442379
2442378
2442377
2442376
2442375
2442374
2442373
2442372
2442371
2442370
2442369
2442368
2442367
2442366
2442365
2442364
2442363
2442362
2442361
2442360
2442359
2442358
2442357
2442356
2442355
2442354
2442353
2442352
2442351
2442350
2442349
2442348
2442347
2442346
2442345
2442344
2442343
2442342
2442341
2442340
2442339
2442338
2442337
2442336
2442335
2442334
2442333
2442332
2442331
2442330
2442329
2442328
2442327
2442326
2442325
2442324
2442323
2442322
2442321
2442320
2442319
2442318
2442317
2442316
2442315
2442314
2442313
2442312
2442311
2442310
2442309
2442308
2442307
2442306
2442305
2442304
2442303
2442302
2442301
2442300
2442299
2442298
2442297
2442296
2442295
2442294
2442293
2442292
2442291
2442290
2442289
2442288
2442287
2442286
2442285
2442284
2442283
2442282
2442281
2442280
2442279
2442278
2442277
2442276
2442275
2442274
2442273
2442272
2442271
2442270
2442269
2442268
2442267
2442266
2442265
2442264
2442263
2442262
2442261
2442260
2442259
2442258
2442257
2442256
2442255
2442254
2442253
2442252
2442251
2442250
2442249
2442248
2442247
2442246
2442245
2442244
2442243
2442242
2442241
2442240
2442239
2442238
2442237
2442236
2442235
2442234
2442233
2442232
2442231
2442230
2442229
2442228
2442227
2442226
2442225
2442224
2442223
2442222
2442221
2442220
2442219
2442218
2442217
2442216
2442215
2442214
2442213
2442212
2442211
2442210
2442209
2442208
2442207
2442206
2442205
2442204
2442203
2442202
2442201
2442200
2442199
2442198
2442197
2442196
2442195
2442194
2442193
2442192
2442191
2442190
2442189
2442188
2442187
2442186
2442185
2442184
2442183
2442182
2442181
2442180
2442179
2442178
2442177
2442176
2442175
2442174
2442173
2442172
2442171
2442170
2442169
2442168
2442167
2442166
2442165
2442164
2442163
2442162
2442161
2442160
2442159
2442158
2442157
2442156
2442155
2442154
2442153
2442152
2442151
2442150
2442149
2442148
2442147
2442146
2442145
2442144
2442143
2442142
2442141
2442140
2442139
2442138
2442137
2442136
2442135
2442134
2442133
2442132
2442131
2442130
2442129
2442128
2442127
2442126
2442125
2442124
2442123
2442122
2442121
2442120
2442119
2442118
2442117
2442116
2442115
2442114
2442113
2442112
2442111
2442110
2442109
2442108
2442107
2442106
2442105
2442104
2442103
2442102
2442101
2442100
2442099
2442098
2442097
2442096
2442095
2442094
2442093
2442092
2442091
2442090
2442089
2442088
2442087
2442086
2442085
2442084
2442083
2442082
2442081
2442080
2442079
2442078
2442077
2442076
2442075
2442074
2442073
2442072
2442071
2442070
2442069
2442068
2442067
2442066
2442065
2442064
2442063
2442062
2442061
2442060
2442059
2442058
2442057
2442056
2442055
2442054
2442053
2442052
2442051
2442050
2442049
2442048
2442047
2442046
2442045
2442044
2442043
2442042
2442041
2442040
2442039
2442038
2442037
2442036
2442035
2442034
2442033
2442032
2442031
2442030
2442029
2442028
2442027
2442026
2442025
2442024
2442023
2442022
2442021
2442020
2442019
2442018
2442017
2442016
2442015
2442014
2442013
2442012
2442011
2442010
2442009
2442008
2442007
2442006
2442005
2442004
2442003
2442002
2442001
2442000
2441999
2441998
2441997
2441996
2441995
2441994
2441993
2441992
2441991
2441990
2441989
2441988
2441987
2441986
2441985
2441984
2441983
2441982
2441981
2441980
2441979
2441978
2441977
2441976
2441975
2441974
2441973
2441972
2441971
2441970
2441969
2441968
2441967
2441966
2441965
2441964
2441963
2441962
2441961
2441960
2441959
2441958
2441957
2441956
2441955
2441954
2441953
2441952
2441951
2441950
2441949
2441948
2441947
2441946
2441945
2441944
2441943
2441942
2441941
2441940
2441939
2441938
2441937
2441936
2441935
2441934
2441933
2441932
2441931
2441930
2441929
2441928
2441927
2441926
2441925
2441924
2441923
2441922
2441921
2441920
2441919
2441918
2441917
2441916
2441915
2441914
2441913
2441912
2441911
2441910
2441909
2441908
2441907
2441906
2441905
2441904
2441903
2441902
2441901
2441900
2441899
2441898
2441897
2441896
2441895
2441894
2441893
2441892
2441891
2441890
2441889
2441888
2441887
2441886
2441885
2441884
2441883
2441882
2441881
2441880
2441879
2441878
2441877
2441876
2441875
2441874
2441873
2441872
2441871
2441870
2441869
2441868
2441867
2441866
2441865
2441864
2441863
2441862
2441861
2441860
2441859
2441858
2441857
2441856
2441855
2441854
2441853
2441852
2441851
2441850
2441849
2441848
2441847
2441846
2441845
2441844
2441843
2441842
2441841
2441840
2441839
2441838
2441837
2441836
2441835
2441834
2441833
2441832
2441831
2441830
2441829
2441828
2441827
2441826
2441825
2441824
2441823
2441822
2441821
2441820
2441819
2441818
2441817
2441816
2441815
2441814
2441813
2441812
2441811
2441810
2441809
2441808
2441807
2441806
2441805
2441804
2441803
2441802
2441801
2441800
2441799
2441798
2441797
2441796
2441795
2441794
2441793
2441792
2441791
2441790
2441789
2441788
2441787
2441786
2441785
2441784
2441783
2441782
2441781
2441780
2441779
2441778
2441777
2441776
2441775
2441774
2441773
2441772
2441771
2441770
2441769
2441768
2441767
2441766
2441765
2441764
2441763
2441762
2441761
2441760
2441759
2441758
2441757
2441756
2441755
2441754
2441753
2441752
2441751
2441750
2441749
2441748
2441747
2441746
2441745
2441744
2441743
2441742
2441741
2441740
2441739
2441738
2441737
2441736
2441735
2441734
2441733
2441732
2441731
2441730
2441729
2441728
2441727
2441726
2441725
2441724
2441723
2441722
2441721
2441720
2441719
2441718
2441717
2441716
2441715
2441714
2441713
2441712
2441711
2441710
2441709
2441708
2441707
2441706
2441705
2441704
2441703
2441702
2441701
2441700
2441699
2441698
2441697
2441696
2441695
2441694
2441693
2441692
2441691
2441690
2441689
2441688
2441687
2441686
2441685
2441684
2441683
2441682
2441681
2441680
2441679
2441678
2441677
2441676
2441675
2441674
2441673
2441672
2441671
2441670
2441669
2441668
2441667
2441666
2441665
2441664
2441663
2441662
2441661
2441660
2441659
2441658
2441657
2441656
2441655
2441654
2441653
2441652
2441651
2441650
2441649
2441648
2441647
2441646
2441645
2441644
2441643
2441642
2441641
2441640
2441639
2441638
2441637
2441636
2441635
2441634
2441633
2441632
2441631
2441630
2441629
2441628
2441627
2441626
2441625
2441624
2441623
2441622
2441621
2441620
2441619
2441618
2441617
2441616
2441615
2441614
2441613
2441612
2441611
2441610
2441609
2441608
2441607
2441606
2441605
2441604
2441603
2441602
2441601
2441600
2441599
2441598
2441597
2441596
2441595
2441594
2441593
2441592
2441591
2441590
2441589
2441588
2441587
2441586
2441585
2441584
2441583
2441582
2441581
2441580
2441579
2441578
2441577
2441576
2441575
2441574
2441573
2441572
2441571
2441570
2441569
2441568
2441567
2441566
2441565
2441564
2441563
2441562
2441561
2441560
2441559
2441558
2441557
2441556
2441555
2441554
2441553
2441552
2441551
2441550
2441549
2441548
2441547
2441546
2441545
2441544
2441543
2441542
2441541
2441540
2441539
2441538
2441537
2441536
2441535
2441534
2441533
2441532
2441531
2441530
2441529
2441528
2441527
2441526
2441525
2441524
2441523
2441522
2441521
2441520
2441519
2441518
2441517
2441516
2441515
2441514
2441513
2441512
2441511
2441510
2441509
2441508
2441507
2441506
2441505
2441504
2441503
2441502
2441501
2441500
2441499
2441498
2441497
2441496
2441495
2441494
2441493
2441492
2441491
2441490
2441489
2441488
2441487
2441486
2441485
2441484
2441483
2441482
2441481
2441480
2441479
2441478
2441477
2441476
2441475
2441474
2441473
2441472
2441471
2441470
2441469
2441468
2441467
2441466
2441465
2441464
2441463
2441462
2441461
2441460
2441459
2441458
2441457
2441456
2441455
2441454
2441453
2441452
2441451
2441450
2441449
2441448
2441447
2441446
2441445
2441444
2441443
2441442
2441441
2441440
2441439
2441438
2441437
2441436
2441435
2441434
2441433
2441432
2441431
2441430
2441429
2441428
2441427
2441426
2441425
2441424
2441423
2441422
2441421
2441420
2441419
2441418
2441417
2441416
2441415
2441414
2441413
2441412
2441411
2441410
2441409
2441408
2441407
2441406
2441405
2441404
2441403
2441402
2441401
2441401
2441402
2441403
2441404
2441405
2441406
2441407
2441408
2441409
2441410
2441411
2441412
2441413
2441414
2441415
2441416
2441417
2441418
2441419
2441420
2441421
2441422
2441423
2441424
2441425
2441426
2441427
2441428
2441429
2441430
2441431
2441432
2441433
2441434
2441435
2441436
2441437
2441438
2441439
2441440
2441441
2441442
2441443
2441444
2441445
2441446
2441447
2441448
2441449
2441450
2441451
2441452
2441453
2441454
2441455
2441456
2441457
2441458
2441459
2441460
2441461
2441462
2441463
2441464
2441465
2441466
2441467
2441468
2441469
2441470
2441471
2441472
2441473
2441474
2441475
2441476
2441477
2441478
2441479
2441480
2441481
2441482
2441483
2441484
2441485
2441486
2441487
2441488
2441489
2441490
2441491
2441492
2441493
2441494
2441495
2441496
2441497
2441498
2441499
2441500
2441501
2441502
2441503
2441504
2441505
2441506
2441507
2441508
2441509
2441510
2441511
2441512
2441513
2441514
2441515
2441516
2441517
2441518
2441519
2441520
2441521
2441522
2441523
2441524
2441525
2441526
2441527
2441528
2441529
2441530
2441531
2441532
2441533
2441534
2441535
2441536
2441537
2441538
2441539
2441540
2441541
2441542
2441543
2441544
2441545
2441546
2441547
2441548
2441549
2441550
2441551
2441552
2441553
2441554
2441555
2441556
2441557
2441558
2441559
2441560
2441561
2441562
2441563
2441564
2441565
2441566
2441567
2441568
2441569
2441570
2441571
2441572
2441573
2441574
2441575
2441576
2441577
2441578
2441579
2441580
2441581
2441582
2441583
2441584
2441585
2441586
2441587
2441588
2441589
2441590
2441591
2441592
2441593
2441594
2441595
2441596
2441597
2441598
2441599
2441600
2441601
2441602
2441603
2441604
2441605
2441606
2441607
2441608
2441609
2441610
2441611
2441612
2441613
2441614
2441615
2441616
2441617
2441618
2441619
2441620
2441621
2441622
2441623
2441624
2441625
2441626
2441627
2441628
2441629
2441630
2441631
2441632
2441633
2441634
2441635
2441636
2441637
2441638
2441639
2441640
2441641
2441642
2441643
2441644
2441645
2441646
2441647
2441648
2441649
2441650
2441651
2441652
2441653
2441654
2441655
2441656
2441657
2441658
2441659
2441660
2441661
2441662
2441663
2441664
2441665
2441666
2441667
2441668
2441669
2441670
2441671
2441672
2441673
2441674
2441675
2441676
2441677
2441678
2441679
2441680
2441681
2441682
2441683
2441684
2441685
2441686
2441687
2441688
2441689
2441690
2441691
2441692
2441693
2441694
2441695
2441696
2441697
2441698
2441699
2441700
2441701
2441702
2441703
2441704
2441705
2441706
2441707
2441708
2441709
2441710
2441711
2441712
2441713
2441714
2441715
2441716
2441717
2441718
2441719
2441720
2441721
2441722
2441723
2441724
2441725
2441726
2441727
2441728
2441729
2441730
2441731
2441732
2441733
2441734
2441735
2441736
2441737
2441738
2441739
2441740
2441741
2441742
2441743
2441744
2441745
2441746
2441747
2441748
2441749
2441750
2441751
2441752
2441753
2441754
2441755
2441756
2441757
2441758
2441759
2441760
2441761
2441762
2441763
2441764
2441765
2441766
2441767
2441768
2441769
2441770
2441771
2441772
2441773
2441774
2441775
2441776
2441777
2441778
2441779
2441780
2441781
2441782
2441783
2441784
2441785
2441786
2441787
2441788
2441789
2441790
2441791
2441792
2441793
2441794
2441795
2441796
2441797
2441798
2441799
2441800
2441801
2441802
2441803
2441804
2441805
2441806
2441807
2441808
2441809
2441810
2441811
2441812
2441813
2441814
2441815
2441816
2441817
2441818
2441819
2441820
2441821
2441822
2441823
2441824
2441825
2441826
2441827
2441828
2441829
2441830
2441831
2441832
2441833
2441834
2441835
2441836
2441837
2441838
2441839
2441840
2441841
2441842
2441843
2441844
2441845
2441846
2441847
2441848
2441849
2441850
2441851
2441852
2441853
2441854
2441855
2441856
2441857
2441858
2441859
2441860
2441861
2441862
2441863
2441864
2441865
2441866
2441867
2441868
2441869
2441870
2441871
2441872
2441873
2441874
2441875
2441876
2441877
2441878
2441879
2441880
2441881
2441882
2441883
2441884
2441885
2441886
2441887
2441888
2441889
2441890
2441891
2441892
2441893
2441894
2441895
2441896
2441897
2441898
2441899
2441900
2441901
2441902
2441903
2441904
2441905
2441906
2441907
2441908
2441909
2441910
2441911
2441912
2441913
2441914
2441915
2441916
2441917
2441918
2441919
2441920
2441921
2441922
2441923
2441924
2441925
2441926
2441927
2441928
2441929
2441930
2441931
2441932
2441933
2441934
2441935
2441936
2441937
2441938
2441939
2441940
2441941
2441942
2441943
2441944
2441945
2441946
2441947
2441948
2441949
2441950
2441951
2441952
2441953
2441954
2441955
2441956
2441957
2441958
2441959
2441960
2441961
2441962
2441963
2441964
2441965
2441966
2441967
2441968
2441969
2441970
2441971
2441972
2441973
2441974
2441975
2441976
2441977
2441978
2441979
2441980
2441981
2441982
2441983
2441984
2441985
2441986
2441987
2441988
2441989
2441990
2441991
2441992
2441993
2441994
2441995
2441996
2441997
2441998
2441999
2442000
2442001
2442002
2442003
2442004
2442005
2442006
2442007
2442008
2442009
2442010
2442011
2442012
2442013
2442014
2442015
2442016
2442017
2442018
2442019
2442020
2442021
2442022
2442023
2442024
2442025
2442026
2442027
2442028
2442029
2442030
2442031
2442032
2442033
2442034
2442035
2442036
2442037
2442038
2442039
2442040
2442041
2442042
2442043
2442044
2442045
2442046
2442047
2442048
2442049
2442050
2442051
2442052
2442053
2442054
2442055
2442056
2442057
2442058
2442059
2442060
2442061
2442062
2442063
2442064
2442065
2442066
2442067
2442068
2442069
2442070
2442071
2442072
2442073
2442074
2442075
2442076
2442077
2442078
2442079
2442080
2442081
2442082
2442083
2442084
2442085
2442086
2442087
2442088
2442089
2442090
2442091
2442092
2442093
2442094
2442095
2442096
2442097
2442098
2442099
2442100
2442101
2442102
2442103
2442104
2442105
2442106
2442107
2442108
2442109
2442110
2442111
2442112
2442113
2442114
2442115
2442116
2442117
2442118
2442119
2442120
2442121
2442122
2442123
2442124
2442125
2442126
2442127
2442128
2442129
2442130
2442131
2442132
2442133
2442134
2442135
2442136
2442137
2442138
2442139
2442140
2442141
2442142
2442143
2442144
2442145
2442146
2442147
2442148
2442149
2442150
2442151
2442152
2442153
2442154
2442155
2442156
2442157
2442158
2442159
2442160
2442161
2442162
2442163
2442164
2442165
2442166
2442167
2442168
2442169
2442170
2442171
2442172
2442173
2442174
2442175
2442176
2442177
2442178
2442179
2442180
2442181
2442182
2442183
2442184
2442185
2442186
2442187
2442188
2442189
2442190
2442191
2442192
2442193
2442194
2442195
2442196
2442197
2442198
2442199
2442200
2442201
2442202
2442203
2442204
2442205
2442206
2442207
2442208
2442209
2442210
2442211
2442212
2442213
2442214
2442215
2442216
2442217
2442218
2442219
2442220
2442221
2442222
2442223
2442224
2442225
2442226
2442227
2442228
2442229
2442230
2442231
2442232
2442233
2442234
2442235
2442236
2442237
2442238
2442239
2442240
2442241
2442242
2442243
2442244
2442245
2442246
2442247
2442248
2442249
2442250
2442251
2442252
2442253
2442254
2442255
2442256
2442257
2442258
2442259
2442260
2442261
2442262
2442263
2442264
2442265
2442266
2442267
2442268
2442269
2442270
2442271
2442272
2442273
2442274
2442275
2442276
2442277
2442278
2442279
2442280
2442281
2442282
2442283
2442284
2442285
2442286
2442287
2442288
2442289
2442290
2442291
2442292
2442293
2442294
2442295
2442296
2442297
2442298
2442299
2442300
2442301
2442302
2442303
2442304
2442305
2442306
2442307
2442308
2442309
2442310
2442311
2442312
2442313
2442314
2442315
2442316
2442317
2442318
2442319
2442320
2442321
2442322
2442323
2442324
2442325
2442326
2442327
2442328
2442329
2442330
2442331
2442332
2442333
2442334
2442335
2442336
2442337
2442338
2442339
2442340
2442341
2442342
2442343
2442344
2442345
2442346
2442347
2442348
2442349
2442350
2442351
2442352
2442353
2442354
2442355
2442356
2442357
2442358
2442359
2442360
2442361
2442362
2442363
2442364
2442365
2442366
2442367
2442368
2442369
2442370
2442371
2442372
2442373
2442374
2442375
2442376
2442377
2442378
2442379
2442380
2442381
2442382
2442383
2442384
2442385
2442386
2442387
2442388
2442389
2442390
2442391
2442392
2442393
2442394
2442395
2442396
2442397
2442398
2442399
2442400
2442401
2442402
2442403
2442404
2442405
2442406
2442407
2442408
2442409
2442410
2442411
2442412
2442413
2442414
2442415
2442416
2442417
2442418
2442419
2442420
2442421
2442422
2442423
2442424
2442425
2442426
2442427
2442428
2442429
2442430
2442431
2442432
2442433
2442434
2442435
2442436
2442437
2442438
2442439
2442440
2442441
2442442
2442443
2442444
2442445
2442446
2442447
2442448
2442449
2442450
2442451
2442452
2442453
2442454
2442455
2442456
2442457
2442458
2442459
2442460
2442461
2442462
2442463
2442464
2442465
2442466
2442467
2442468
2442469
2442470
2442471
2442472
2442473
2442474
2442475
2442476
2442477
2442478
2442479
2442480
2442481
2442482
2442483
2442484
2442485
2442486
2442487
2442488
2442489
2442490
2442491
2442492
2442493
2442494
2442495
2442496
2442497
2442498
2442499
2442500
2442501
2442502
2442503
2442504
2442505
2442506
2442507
2442508
2442509
2442510
2442511
2442512
2442513
2442514
2442515
2442516
2442517
2442518
2442519
2442520
2442521
2442522
2442523
2442524
2442525
2442526
2442527
2442528
2442529
2442530
2442531
2442532
2442533
2442534
2442535
2442536
2442537
2442538
2442539
2442540
2442541
2442542
2442543
2442544
2442545
2442546
2442547
2442548
2442549
2442550
2442551
2442552
2442553
2442554
2442555
2442556
2442557
2442558
2442559
2442560
2442561
2442562
2442563
2442564
2442565
2442566
2442567
2442568
2442569
2442570
2442571
2442572
2442573
2442574
2442575
2442576
2442577
2442578
2442579
2442580
2442581
2442582
2442583
2442584
2442585
2442586
2442587
2442588
2442589
2442590
2442591
2442592
2442593
2442594
2442595
2442596
2442597
2442598
2442599
2442600
2442601
2442602
2442603
2442604
2442605
2442606
2442607
2442608
2442609
2442610
2442611
2442612
2442613
2442614
2442615
2442616
2442617
2442618
2442619
2442620
2442621
2442622
2442623
2442624
2442625
2442626
2442627
2442628
2442629
2442630
2442631
2442632
2442633
2442634
2442635
2442636
2442637
2442638
2442639
2442640
2442641
2442642
2442643
2442644
2442645
2442646
2442647
2442648
2442649
2442650
2442651
2442652
2442653
2442654
2442655
2442656
2442657
2442658
2442659
2442660
2442661
2442662
2442663
2442664
2442665
2442666
2442667
2442668
2442669
2442670
2442671
2442672
2442673
2442674
2442675
2442676
2442677
2442678
2442679
2442680
2442681
2442682
2442683
2442684
2442685
2442686
2442687
2442688
2442689
2442690
2442691
2442692
2442693
2442694
2442695
2442696
2442697
2442698
2442699
2442700
2442701
2442702
2442703
2442704
2442705
2442706
2442707
2442708
2442709
2442710
2442711
2442712
2442713
2442714
2442715
2442716
2442717
2442718
2442719
2442720
2442721
2442722
2442723
2442724
2442725
2442726
2442727
2442728
2442729
2442730
2442731
2442732
2442733
2442734
2442735
2442736
2442737
2442738
2442739
2442740
2442741
2442742
2442743
2442744
2442745
2442746
2442747
2442748
2442749
2442750
2442751
2442752
2442753
2442754
2442755
2442756
2442757
2442758
2442759
2442760
2442761
2442762
2442763
2442764
2442765
2442766
2442767
2442768
2442769
2442770
2442771
2442772
2442773
2442774
2442775
2442776
2442777
2442778
2442779
2442780
2442781
2442782
2442783
2442784
2442785
2442786
2442787
2442788
2442789
2442790
2442791
2442792
2442793
2442794
2442795
2442796
2442797
2442798
2442799
2442800
2442801
2442802
2442803
2442804
2442805
2442806
2442807
2442808
2442809
2442810
2442811
2442812
2442813
2442814
2442815
2442816
2442817
2442818
2442819
2442820
2442821
2442822
2442823
2442824
2442825
2442826
2442827
2442828
2442829
2442830
2442831
2442832
2442833
2442834
2442835
2442836
2442837
2442838
2442839
2442840
2442841
2442842
2442843
2442844
2442845
2442846
2442847
2442848
2442849
2442850
2442851
2442852
2442853
2442854
2442855
2442856
2442857
2442858
2442859
2442860
2442861
2442862
2442863
2442864
2442865
2442866
2442867
2442868
2442869
2442870
2442871
2442872
2442873
2442874
2442875
2442876
2442877
2442878
2442879
2442880
2442881
2442882
2442883
2442884
2442885
2442886
2442887
2442888
2442889
2442890
2442891
2442892
2442893
2442894
2442895
2442896
2442897
2442898
2442899
2442900
2442901
2442902
2442903
2442904
2442905
2442906
2442907
2442908
2442909
2442910
2442911
2442912
2442913
2442914
2442915
2442916
2442917
2442918
2442919
2442920
2442921
2442922
2442923
2442924
2442925
2442926
2442927
2442928
2442929
2442930
2442931
2442932
2442933
2442934
2442935
2442936
2442937
2442938
2442939
2442940
2442941
2442942
2442943
2442944
2442945
2442946
2442947
2442948
2442949
2442950
2442951
2442952
2442953
2442954
2442955
2442956
2442957
2442958
2442959
2442960
2442961
2442962
2442963
2442964
2442965
2442966
2442967
2442968
2442969
2442970
2442971
2442972
2442973
2442974
2442975
2442976
2442977
2442978
2442979
2442980
2442981
2442982
2442983
2442984
2442985
2442986
2442987
2442988
2442989
2442990
2442991
2442992
2442993
2442994
2442995
2442996
2442997
2442998
2442999
2443000
2443001
2443002
2443003
2443004
2443005
2443006
2443007
2443008
2443009
2443010
2443011
2443012
2443013
2443014
2443015
2443016
2443017
2443018
2443019
2443020
2443021
2443022
2443023
2443024
2443025
2443026
2443027
2443028
2443029
2443030
2443031
2443032
2443033
2443034
2443035
2443036
2443037
2443038
2443039
2443040
2443041
2443042
2443043
2443044
2443045
2443046
2443047
2443048
2443049
2443050
2443051
2443052
2443053
2443054
2443055
2443056
2443057
2443058
2443059
2443060
2443061
2443062
2443063
2443064
2443065
2443066
2443067
2443068
2443069
2443070
2443071
2443072
2443073
2443074
2443075
2443076
2443077
2443078
2443079
2443080
2443081
2443082
2443083
2443084
2443085
2443086
2443087
2443088
2443089
2443090
2443091
2443092
2443093
2443094
2443095
2443096
2443097
2443098
2443099
2443100
2443101
2443102
2443103
2443104
2443105
2443106
2443107
2443108
2443109
2443110
2443111
2443112
2443113
2443114
2443115
2443116
2443117
2443118
2443119
2443120
2443121
2443122
2443123
2443124
2443125
2443126
2443127
2443128
2443129
2443130
2443131
2443132
2443133
2443134
2443135
2443136
2443137
2443138
2443139
2443140
2443141
2443142
2443143
2443144
2443145
2443146
2443147
2443148
2443149
2443150
2443151
2443152
2443153
2443154
2443155
2443156
2443157
2443158
2443159
2443160
2443161
2443162
2443163
2443164
2443165
2443166
2443167
2443168
2443169
2443170
2443171
2443172
2443173
2443174
2443175
2443176
2443177
2443178
2443179
2443180
2443181
2443182
2443183
2443184
2443185
2443186
2443187
2443188
2443189
2443190
2443191
2443192
2443193
2443194
2443195
2443196
2443197
2443198
2443199
2443200
2443201
2443202
2443203
2443204
2443205
2443206
2443207
2443208
2443209
2443210
2443211
2443212
2443213
2443214
2443215
2443216
2443217
2443218
2443219
2443220
2443221
2443222
2443223
2443224
2443225
2443226
2443227
2443228
2443229
2443230
2443231
2443232
2443233
2443234
2443235
2443236
2443237
2443238
2443239
2443240
2443241
2443242
2443243
2443244
2443245
2443246
2443247
2443248
2443249
2443250
2443251
2443252
2443253
2443254
2443255
2443256
2443257
2443258
2443259
2443260
2443261
2443262
2443263
2443264
2443265
2443266
2443267
2443268
2443269
2443270
2443271
2443272
2443273
2443274
2443275
2443276
2443277
2443278
2443279
2443280
2443281
2443282
2443283
2443284
2443285
2443286
2443287
2443288
2443289
2443290
2443291
2443292
2443293
2443294
2443295
2443296
2443297
2443298
2443299
2443300
2443301
2443302
2443303
2443304
2443305
2443306
2443307
2443308
2443309
2443310
2443311
2443312
2443313
2443314
2443315
2443316
2443317
2443318
2443319
2443320
2443321
2443322
2443323
2443324
2443325
2443326
2443327
2443328
2443329
2443330
2443331
2443332
2443333
2443334
2443335
2443336
2443337
2443338
2443339
2443340
2443341
2443342
2443343
2443344
2443345
2443346
2443347
2443348
2443349
2443350
2443351
2443352
2443353
2443354
2443355
2443356
2443357
2443358
2443359
2443360
2443361
2443362
2443363
2443364
2443365
2443366
2443367
2443368
2443369
2443370
2443371
2443372
2443373
2443374
2443375
2443376
2443377
2443378
2443379
2443380
2443381
2443382
2443383
2443384
2443385
2443386
2443387
2443388
2443389
2443390
2443391
2443392
2443393
2443394
2443395
2443396
2443397
2443398
2443399
2443400
2443401
2443402
2443403
2443404
2443405
2443406
2443407
2443408
2443409
2443410
2443411
2443412
2443413
2443414
2443415
2443416
2443417
2443418
2443419
2443420
2443421
2443422
2443423
2443424
2443425
2443426
2443427
2443428
2443429
2443430
2443431
2443432
2443433
2443434
2443435
2443436
2443437
2443438
2443439
2443440
2443441
2443442
2443443
2443444
2443445
2443446
2443447
2443448
2443449
2443450
2443451
2443452
2443453
2443454
2443455
2443456
2443457
2443458
2443459
2443460
2443461
2443462
2443463
2443464
2443465
2443466
2443467
2443468
2443469
2443470
2443471
2443472
2443473
2443474
2443475
2443476
2443477
2443478
2443479
2443480
2443481
2443482
2443483
2443484
2443485
2443486
2443487
2443488
2443489
2443490
2443491
2443492
2443493
2443494
2443495
2443496
2443497
2443498
2443499
2443500
2443501
2443502
2443503
2443504
2443505
2443506
2443507
2443508
2443509
2443510
2443511
2443512
2443513
2443514
2443515
2443516
2443517
2443518
2443519
2443520
2443521
2443522
2443523
2443524
2443525
2443526
2443527
2443528
2443529
2443530
2443531
2443532
2443533
2443534
2443535
2443536
2443537
2443538
2443539
2443540
2443541
2443542
2443543
2443544
2443545
2443546
2443547
2443548
2443549
2443550
2443551
2443552
2443553
2443554
2443555
2443556
2443557
2443558
2443559
2443560
2443561
2443562
2443563
2443564
2443565
2443566
2443567
2443568
2443569
2443570
2443571
2443572
2443573
2443574
2443575
2443576
2443577
2443578
2443579
2443580
2443581
2443582
2443583
2443584
2443585
2443586
2443587
2443588
2443589
2443590
2443591
2443592
2443593
2443594
2443595
2443596
2443597
2443598
2443599
2443600
2443601
2443602
2443603
2443604
2443605
2443606
2443607
2443608
2443609
2443610
2443611
2443612
2443613
2443614
2443615
2443616
2443617
2443618
2443619
2443620
2443621
2443622
2443623
2443624
2443625
2443626
2443627
2443628
2443629
2443630
2443631
2443632
2443633
2443634
2443635
2443636
2443637
2443638
2443639
2443640
2443641
2443642
2443643
2443644
2443645
2443646
2443647
2443648
2443649
2443650
2443651
2443652
2443653
2443654
2443655
2443656
2443657
2443658
2443659
2443660
2443661
2443662
2443663
2443664
2443665
2443666
2443667
2443668
2443669
2443670
2443671
2443672
2443673
2443674
2443675
2443676
2443677
2443678
2443679
2443680
2443681
2443682
2443683
2443684
2443685
2443686
2443687
2443688
2443689
2443690
2443691
2443692
2443693
2443694
2443695
2443696
2443697
2443698
2443699
2443700
2443701
2443702
2443703
2443704
2443705
2443706
2443707
2443708
2443709
2443710
2443711
2443712
2443713
2443714
2443715
2443716
2443717
2443718
2443719
2443720
2443721
2443722
2443723
2443724
2443725
2443726
2443727
2443728
2443729
2443730
2443731
2443732
2443733
2443734
2443735
2443736
2443737
2443738
2443739
2443740
2443741
2443742
2443743
2443744
2443745
2443746
2443747
2443748
2443749
2443750
2443751
2443752
2443753
2443754
2443755
2443756
2443757
2443758
2443759
2443760
2443761
2443762
2443763
2443764
2443765
2443766
2443767
2443768
2443769
2443770
2443771
2443772
2443773
2443774
2443775
2443776
2443777
2443778
2443779
2443780
2443781
2443782
2443783
2443784
2443785
2443786
2443787
2443788
2443789
2443790
2443791
2443792
2443793
2443794
2443795
2443796
2443797
2443798
2443799
2443800
2443801
2443802
2443803
2443804
2443805
2443806
2443807
2443808
2443809
2443810
2443811
2443812
2443813
2443814
2443815
2443816
2443817
2443818
2443819
2443820
2443821
2443822
2443823
2443824
2443825
2443826
2443827
2443828
2443829
2443830
2443831
2443832
2443833
2443834
2443835
2443836
2443837
2443838
2443839
2443840
2443841
2443842
2443843
2443844
2443845
2443846
2443847
2443848
2443849
2443850
2443851
2443852
2443853
2443854
2443855
2443856
2443857
2443858
2443859
2443860
2443861
2443862
2443863
2443864
2443865
2443866
2443867
2443868
2443869
2443870
2443871
2443872
2443873
2443874
2443875
2443876
2443877
2443878
2443879
2443880
2443881
2443882
2443883
2443884
2443885
2443886
2443887
2443888
2443889
2443890
2443891
2443892
2443893
2443894
2443895
2443896
2443897
2443898
2443899
2443900
2443901
2443902
2443903
2443904
2443905
2443906
2443907
2443908
2443909
2443910
2443911
2443912
2443913
2443914
2443915
2443916
2443917
2443918
2443919
2443920
2443921
2443922
2443923
2443924
2443925
2443926
2443927
2443928
2443929
2443930
2443931
2443932
2443933
2443934
2443935
2443936
2443937
2443938
2443939
2443940
2443941
2443942
2443943
2443944
2443945
2443946
2443947
2443948
2443949
2443950
2443951
2443952
2443953
2443954
2443955
2443956
2443957
2443958
2443959
2443960
2443961
2443962
2443963
2443964
2443965
2443966
2443967
2443968
2443969
2443970
2443971
2443972
2443973
2443974
2443975
2443976
2443977
2443978
2443979
2443980
2443981
2443982
2443983
2443984
2443985
2443986
2443987
2443988
2443989
2443990
2443991
2443992
2443993
2443994
2443995
2443996
2443997
2443998
2443999
2444000
2444001
2444002
2444003
2444004
2444005
2444006
2444007
2444008
2444009
2444010
2444011
2444012
2444013
2444014
2444015
2444016
2444017
2444018
2444019
2444020
2444021
2444022
2444023
2444024
2444025
2444026
2444027
2444028
2444029
2444030
2444031
2444032
2444033
2444034
2444035
2444036
2444037
2444038
2444039
2444040
2444041
2444042
2444043
2444044
2444045
2444046
2444047
2444048
2444049
2444050
2444051
2444052
2444053
2444054
2444055
2444056
2444057
2444058
2444059
2444060
2444061
2444062
2444063
2444064
2444065
2444066
2444067
2444068
2444069
2444070
2444071
2444072
2444073
2444074
2444075
2444076
2444077
2444078
2444079
2444080
2444081
2444082
2444083
2444084
2444085
2444086
2444087
2444088
2444089
2444090
2444091
2444092
2444093
2444094
2444095
2444096
2444097
2444098
2444099
2444100
2444101
2444102
2444103
2444104
2444105
2444106
2444107
2444108
2444109
2444110
2444111
2444112
2444113
2444114
2444115
2444116
2444117
2444118
2444119
2444120
2444121
2444122
2444123
2444124
2444125
2444126
2444127
2444128
2444129
2444130
2444131
2444132
2444133
2444134
2444135
2444136
2444137
2444138
2444139
2444140
2444141
2444142
2444143
2444144
2444145
2444146
2444147
2444148
2444149
2444150
2444151
2444152
2444153
2444154
2444155
2444156
2444157
2444158
2444159
2444160
2444161
2444162
2444163
2444164
2444165
2444166
2444167
2444168
2444169
2444170
2444171
2444172
2444173
2444174
2444175
2444176
2444177
2444178
2444179
2444180
2444181
2444182
2444183
2444184
2444185
2444186
2444187
2444188
2444189
2444190
2444191
2444192
2444193
2444194
2444195
2444196
2444197
2444198
2444199
2444200
2444201
2444202
2444203
2444204
2444205
2444206
2444207
2444208
2444209
2444210
2444211
2444212
2444213
2444214
2444215
2444216
2444217
2444218
2444219
2444220
2444221
2444222
2444223
2444224
2444225
2444226
2444227
2444228
2444229
2444230
2444231
2444232
2444233
2444234
2444235
2444236
2444237
2444238
2444239
2444240
2444241
2444242
2444243
2444244
2444245
2444246
2444247
2444248
2444249
2444250
2444251
2444252
2444253
2444254
2444255
2444256
2444257
2444258
2444259
2444260
2444261
2444262
2444263
2444264
2444265
2444266
2444267
2444268
2444269
2444270
2444271
2444272
2444273
2444274
2444275
2444276
2444277
2444278
2444279
2444280
2444281
2444282
2444283
2444284
2444285
2444286
2444287
2444288
2444289
2444290
2444291
2444292
2444293
2444294
2444295
2444296
2444297
2444298
2444299
2444300
2444301
2444302
2444303
2444304
2444305
2444306
2444307
2444308
2444309
2444310
2444311
2444312
2444313
2444314
2444315
2444316
2444317
2444318
2444319
2444320
2444321
2444322
2444323
2444324
2444325
2444326
2444327
2444328
2444329
2444330
2444331
2444332
2444333
2444334
2444335
2444336
2444337
2444338
2444339
2444340
2444341
2444342
2444343
2444344
2444345
2444346
2444347
2444348
2444349
2444350
2444351
2444352
2444353
2444354
2444355
2444356
2444357
2444358
2444359
2444360
2444361
2444362
2444363
2444364
2444365
2444366
2444367
2444368
2444369
2444370
2444371
2444372
2444373
2444374
2444375
2444376
2444377
2444378
2444379
2444380
2444381
2444382
2444383
2444384
2444385
2444386
2444387
2444388
2444389
2444390
2444391
2444392
2444393
2444394
2444395
2444396
2444397
2444398
2444399
2444400
2444401
2444402
2444403
2444404
2444405
2444406
2444407
2444408
2444409
2444410
2444411
2444412
2444413
2444414
2444415
2444416
2444417
2444418
2444419
2444420
2444421
2444422
2444423
2444424
2444425
2444426
2444427
2444428
2444429
2444430
2444431
2444432
2444433
2444434
2444435
2444436
2444437
2444438
2444439
2444440
2444441
2444442
2444443
2444444
2444445
2444446
2444447
2444448
2444449
2444450
2444451
2444452
2444453
2444454
2444455
2444456
2444457
2444458
2444459
2444460
2444461
2444462
2444463
2444464
2444465
2444466
2444467
2444468
2444469
2444470
2444471
2444472
2444473
2444474
2444475
2444476
2444477
2444478
2444479
2444480
2444481
2444482
2444483
2444484
2444485
2444486
2444487
2444488
2444489
2444490
2444491
2444492
2444493
2444494
2444495
2444496
2444497
2444498
2444499
2444500
2444501
2444502
2444503
2444504
2444505
2444506
2444507
2444508
2444509
2444510
2444511
2444512
2444513
2444514
2444515
2444516
2444517
2444518
2444519
2444520
2444521
2444522
2444523
2444524
2444525
2444526
2444527
2444528
2444529
2444530
2444531
2444532
2444533
2444534
2444535
2444536
2444537
2444538
2444539
2444540
2444541
2444542
2444543
2444544
2444545
2444546
2444547
2444548
2444549
2444550
2444551
2444552
2444553
2444554
2444555
2444556
2444557
2444558
2444559
2444560
2444561
2444562
2444563
2444564
2444565
2444566
2444567
2444568
2444569
2444570
2444571
2444572
2444573
2444574
2444575
2444576
2444577
2444578
2444579
2444580
2444581
2444582
2444583
2444584
2444585
2444586
2444587
2444588
2444589
2444590
2444591
2444592
2444593
2444594
2444595
2444596
2444597
2444598
2444599
2444600
2444601
2444602
2444603
2444604
2444605
2444606
2444607
2444608
2444609
2444610
2444611
2444612
2444613
2444614
2444615
2444616
2444617
2444618
2444619
2444620
2444621
2444622
2444623
2444624
2444625
2444626
2444627
2444628
2444629
2444630
2444631
2444632
2444633
2444634
2444635
2444636
2444637
2444638
2444639
2444640
2444641
2444642
2444643
2444644
2444645
2444646
2444647
2444648
2444649
2444650
2444651
2444652
2444653
2444654
2444655
2444656
2444657
2444658
2444659
2444660
2444661
2444662
2444663
2444664
2444665
2444666
2444667
2444668
2444669
2444670
2444671
2444672
2444673
2444674
2444675
2444676
2444677
2444678
2444679
2444680
2444681
2444682
2444683
2444684
2444685
2444686
2444687
2444688
2444689
2444690
2444691
2444692
2444693
2444694
2444695
2444696
2444697
2444698
2444699
2444700
2444701
2444702
2444703
2444704
2444705
2444706
2444707
2444708
2444709
2444710
2444711
2444712
2444713
2444714
2444715
2444716
2444717
2444718
2444719
2444720
2444721
2444722
2444723
2444724
2444725
2444726
2444727
2444728
2444729
2444730
2444731
2444732
2444733
2444734
2444735
2444736
2444737
2444738
2444739
2444740
2444741
2444742
2444743
2444744
2444745
2444746
2444747
2444748
2444749
2444750
2444751
2444752
2444753
2444754
2444755
2444756
2444757
2444758
2444759
2444760
2444761
2444762
2444763
2444764
2444765
2444766
2444767
2444768
2444769
2444770
2444771
2444772
2444773
2444774
2444775
2444776
2444777
2444778
2444779
2444780
2444781
2444782
2444783
2444784
2444785
2444786
2444787
2444788
2444789
2444790
2444791
2444792
2444793
2444794
2444795
2444796
2444797
2444798
2444799
2444800
2444801
2444802
2444803
2444804
2444805
2444806
2444807
2444808
2444809
2444810
2444811
2444812
2444813
2444814
2444815
2444816
2444817
2444818
2444819
2444820
2444821
2444822
2444823
2444824
2444825
2444826
2444827
2444828
2444829
2444830
2444831
2444832
2444833
2444834
2444835
2444836
2444837
2444838
2444839
2444840
2444841
2444842
2444843
2444844
2444845
2444846
2444847
2444848
2444849
2444850
2444851
2444852
2444853
2444854
2444855
2444856
2444857
2444858
2444859
2444860
2444861
2444862
2444863
2444864
2444865
2444866
2444867
2444868
2444869
2444870
2444871
2444872
2444873
2444874
2444875
2444876
2444877
2444878
2444879
2444880
2444881
2444882
2444883
2444884
2444885
2444886
2444887
2444888
2444889
2444890
2444891
2444892
2444893
2444894
2444895
2444896
2444897
2444898
2444899
2444900
2444901
2444902
2444903
2444904
2444905
2444906
2444907
2444908
2444909
2444910
2444911
2444912
2444913
2444914
2444915
2444916
2444917
2444918
2444919
2444920
2444921
2444922
2444923
2444924
2444925
2444926
2444927
2444928
2444929
2444930
2444931
2444932
2444933
2444934
2444935
2444936
2444937
2444938
2444939
2444940
2444941
2444942
2444943
2444944
2444945
2444946
2444947
2444948
2444949
2444950
2444951
2444952
2444953
2444954
2444955
2444956
2444957
2444958
2444959
2444960
2444961
2444962
2444963
2444964
2444965
2444966
2444967
2444968
2444969
2444970
2444971
2444972
2444973
2444974
2444975
2444976
2444977
2444978
2444979
2444980
2444981
2444982
2444983
2444984
2444985
2444986
2444987
2444988
2444989
2444990
2444991
2444992
2444993
2444994
2444995
2444996
2444997
2444998
2444999
2445000
2445001
2445002
2445003
2445004
2445005
2445006
2445007
2445008
2445009
2445010
2445011
2445012
2445013
2445014
2445015
2445016
2445017
2445018
2445019
2445020
2445021
2445022
2445023
2445024
2445025
2445026
2445027
2445028
2445029
2445030
2445031
2445032
2445033
2445034
2445035
2445036
2445037
2445038
2445039
2445040
2445041
2445042
2445043
2445044
2445045
2445046
2445047
2445048
2445049
2445050
2445051
2445052
2445053
2445054
2445055
2445056
2445057
2445058
2445059
2445060
2445061
2445062
2445063
2445064
2445065
2445066
2445067
2445068
2445069
2445070
2445071
2445072
2445073
2445074
2445075
2445076
2445077
2445078
2445079
2445080
2445081
2445082
2445083
2445084
2445085
2445086
2445087
2445088
2445089
2445090
2445091
2445092
2445093
2445094
2445095
2445096
2445097
2445098
2445099
2445100
2445101
2445102
2445103
2445104
2445105
2445106
2445107
2445108
2445109
2445110
2445111
2445112
2445113
2445114
2445115
2445116
2445117
2445118
2445119
2445120
2445121
2445122
2445123
2445124
2445125
2445126
2445127
2445128
2445129
2445130
2445131
2445132
2445133
2445134
2445135
2445136
2445137
2445138
2445139
2445140
2445141
2445142
2445143
2445144
2445145
2445146
2445147
2445148
2445149
2445150
2445151
2445152
2445153
2445154
2445155
2445156
2445157
2445158
2445159
2445160
2445161
2445162
2445163
2445164
2445165
2445166
2445167
2445168
2445169
2445170
2445171
2445172
2445173
2445174
2445175
2445176
2445177
2445178
2445179
2445180
2445181
2445182
2445183
2445184
2445185
2445186
2445187
2445188
2445189
2445190
2445191
2445192
2445193
2445194
2445195
2445196
2445197
2445198
2445199
2445200
2445201
2445202
2445203
2445204
2445205
2445206
2445207
2445208
2445209
2445210
2445211
2445212
2445213
2445214
2445215
2445216
2445217
2445218
2445219
2445220
2445221
2445222
2445223
2445224
2445225
2445226
2445227
2445228
2445229
2445230
2445231
2445232
2445233
2445234
2445235
2445236
2445237
2445238
2445239
2445240
2445241
2445242
2445243
2445244
2445245
2445246
2445247
2445248
2445249
2445250
2445251
2445252
2445253
2445254
2445255
2445256
2445257
2445258
2445259
2445260
2445261
2445262
2445263
2445264
2445265
2445266
2445267
2445268
2445269
2445270
2445271
2445272
2445273
2445274
2445275
2445276
2445277
2445278
2445279
2445280
2445281
2445282
2445283
2445284
2445285
2445286
2445287
2445288
2445289
2445290
2445291
2445292
2445293
2445294
2445295
2445296
2445297
2445298
2445299
2445300
2445301
2445302
2445303
2445304
2445305
2445306
2445307
2445308
2445309
2445310
2445311
2445312
2445313
2445314
2445315
2445316
2445317
2445318
2445319
2445320
2445321
2445322
2445323
2445324
2445325
2445326
2445327
2445328
2445329
2445330
2445331
2445332
2445333
2445334
2445335
2445336
2445337
2445338
2445339
2445340
2445341
2445342
2445343
2445344
2445345
2445346
2445347
2445348
2445349
2445350
2445351
2445352
2445353
2445354
2445355
2445356
2445357
2445358
2445359
2445360
2445361
2445362
2445363
2445364
2445365
2445366
2445367
2445368
2445369
2445370
2445371
2445372
2445373
2445374
2445375
2445376
2445377
2445378
2445379
2445380
2445381
2445382
2445383
2445384
2445385
2445386
2445387
2445388
2445389
2445390
2445391
2445392
2445393
2445394
2445395
2445396
2445397
2445398
2445399
2445400
2445401
2445402
2445403
2445404
2445405
2445406
2445407
2445408
2445409
2445410
2445411
2445412
2445413
2445414
2445415
2445416
2445417
2445418
2445419
2445420
2445421
2445422
2445423
2445424
2445425
2445426
2445427
2445428
2445429
2445430
2445431
2445432
2445433
2445434
2445435
2445436
2445437
2445438
2445439
2445440
2445441
2445442
2445443
2445444
2445445
2445446
2445447
2445448
2445449
2445450
2445451
2445452
2445453
2445454
2445455
2445456
2445457
2445458
2445459
2445460
2445461
2445462
2445463
2445464
2445465
2445466
2445467
2445468
2445469
2445470
2445471
2445472
2445473
2445474
2445475
2445476
2445477
2445478
2445479
2445480
2445481
2445482
2445483
2445484
2445485
2445486
2445487
2445488
2445489
2445490
2445491
2445492
2445493
2445494
2445495
2445496
2445497
2445498
2445499
2445500
2445501
2445502
2445503
2445504
2445505
2445506
2445507
2445508
2445509
2445510
2445511
2445512
2445513
2445514
2445515
2445516
2445517
2445518
2445519
2445520
2445521
2445522
2445523
2445524
2445525
2445526
2445527
2445528
2445529
2445530
2445531
2445532
2445533
2445534
2445535
2445536
2445537
2445538
2445539
2445540
2445541
2445542
2445543
2445544
2445545
2445546
2445547
2445548
2445549
2445550
2445551
2445552
2445553
2445554
2445555
2445556
2445557
2445558
2445559
2445560
2445561
2445562
2445563
2445564
2445565
2445566
2445567
2445568
2445569
2445570
2445571
2445572
2445573
2445574
2445575
2445576
2445577
2445578
2445579
2445580
2445581
2445582
2445583
2445584
2445585
2445586
2445587
2445588
2445589
2445590
2445591
2445592
2445593
2445594
2445595
2445596
2445597
2445598
2445599
2445600
2445601
2445602
2445603
2445604
2445605
2445606
2445607
2445608
2445609
2445610
2445611
2445612
2445613
2445614
2445615
2445616
2445617
2445618
2445619
2445620
2445621
2445622
2445623
2445624
2445625
2445626
2445627
2445628
2445629
2445630
2445631
2445632
2445633
2445634
2445635
2445636
2445637
2445638
2445639
2445640
2445641
2445642
2445643
2445644
2445645
2445646
2445647
2445648
2445649
2445650
2445651
2445652
2445653
2445654
2445655
2445656
2445657
2445658
2445659
2445660
2445661
2445662
2445663
2445664
2445665
2445666
2445667
2445668
2445669
2445670
2445671
2445672
2445673
2445674
2445675
2445676
2445677
2445678
2445679
2445680
2445681
2445682
2445683
2445684
2445685
2445686
2445687
2445688
2445689
2445690
2445691
2445692
2445693
2445694
2445695
2445696
2445697
2445698
2445699
2445700
2445701
2445702
2445703
2445704
2445705
2445706
2445707
2445708
2445709
2445710
2445711
2445712
2445713
2445714
2445715
2445716
2445717
2445718
2445719
2445720
2445721
2445722
2445723
2445724
2445725
2445726
2445727
2445728
2445729
2445730
2445731
2445732
2445733
2445734
2445735
2445736
2445737
2445738
2445739
2445740
2445741
2445742
2445743
2445744
2445745
2445746
2445747
2445748
2445749
2445750
2445751
2445752
2445753
2445754
2445755
2445756
2445757
2445758
2445759
2445760
2445761
2445762
2445763
2445764
2445765
2445766
2445767
2445768
2445769
2445770
2445771
2445772
2445773
2445774
2445775
2445776
2445777
2445778
2445779
2445780
2445781
2445782
2445783
2445784
2445785
2445786
2445787
2445788
2445789
2445790
2445791
2445792
2445793
2445794
2445795
2445796
2445797
2445798
2445799
2445800
2445801
2445802
2445803
2445804
2445805
2445806
2445807
2445808
2445809
2445810
2445811
2445812
2445813
2445814
2445815
2445816
2445817
2445818
2445819
2445820
2445821
2445822
2445823
2445824
2445825
2445826
2445827
2445828
2445829
2445830
2445831
2445832
2445833
2445834
2445835
2445836
2445837
2445838
2445839
2445840
2445841
2445842
2445843
2445844
2445845
2445846
2445847
2445848
2445849
2445850
2445851
2445852
2445853
2445854
2445855
2445856
2445857
2445858
2445859
2445860
2445861
2445862
2445863
2445864
2445865
2445866
2445867
2445868
2445869
2445870
2445871
2445872
2445873
2445874
2445875
2445876
2445877
2445878
2445879
2445880
2445881
2445882
2445883
2445884
2445885
2445886
2445887
2445888
2445889
2445890
2445891
2445892
2445893
2445894
2445895
2445896
2445897
2445898
2445899
2445900
2445901
2445902
2445903
2445904
2445905
2445906
2445907
2445908
2445909
2445910
2445911
2445912
2445913
2445914
2445915
2445916
2445917
2445918
2445919
2445920
2445921
2445922
2445923
2445924
2445925
2445926
2445927
2445928
2445929
2445930
2445931
2445932
2445933
2445934
2445935
2445936
2445937
2445938
2445939
2445940
2445941
2445942
2445943
2445944
2445945
2445946
2445947
2445948
2445949
2445950
2445951
2445952
2445953
2445954
2445955
2445956
2445957
2445958
2445959
2445960
2445961
2445962
2445963
2445964
2445965
2445966
2445967
2445968
2445969
2445970
2445971
2445972
2445973
2445974
2445975
2445976
2445977
2445978
2445979
2445980
2445981
2445982
2445983
2445984
2445985
2445986
2445987
2445988
2445989
2445990
2445991
2445992
2445993
2445994
2445995
2445996
2445997
2445998
2445999
2446000
2446001
2446002
2446003
2446004
2446005
2446006
2446007
2446008
2446009
2446010
2446011
2446012
2446013
2446014
2446015
2446016
2446017
2446018
2446019
2446020
2446021
2446022
2446023
2446024
2446025
2446026
2446027
2446028
2446029
2446030
2446031
2446032
2446033
2446034
2446035
2446036
2446037
2446038
2446039
2446040
2446041
2446042
2446043
2446044
2446045
2446046
2446047
2446048
2446049
2446050
2446051
2446052
2446053
2446054
2446055
2446056
2446057
2446058
2446059
2446060
2446061
2446062
2446063
2446064
2446065
2446066
2446067
2446068
2446069
2446070
2446071
2446072
2446073
2446074
2446075
2446076
2446077
2446078
2446079
2446080
2446081
2446082
2446083
2446084
2446085
2446086
2446087
2446088
2446089
2446090
2446091
2446092
2446093
2446094
2446095
2446096
2446097
2446098
2446099
2446100
2446101
2446102
2446103
2446104
2446105
2446106
2446107
2446108
2446109
2446110
2446111
2446112
2446113
2446114
2446115
2446116
2446117
2446118
2446119
2446120
2446121
2446122
2446123
2446124
2446125
2446126
2446127
24