1000
2696200
2696199
2696198
2696197
2696196
2696195
2696194
2696193
2696192
2696191
2696190
2696189
2696188
2696187
2696186
2696185
2696184
2696183
2696182
2696181
2696180
2696179
2696178
2696177
2696176
2696175
2696174
2696173
2696172
2696171
2696170
2696169
2696168
2696167
2696166
2696165
2696164
2696163
2696162
2696161
2696160
2696159
2696158
2696157
2696156
2696155
2696154
2696153
2696152
2696151
2696150
2696149
2696148
2696147
2696146
2696145
2696144
2696143
2696142
2696141
2696140
2696139
2696138
2696137
2696136
2696135
2696134
2696133
2696132
2696131
2696130
2696129
2696128
2696127
2696126
2696125
2696124
2696123
2696122
2696121
2696120
2696119
2696118
2696117
2696116
2696115
2696114
2696113
2696112
2696111
2696110
2696109
2696108
2696107
2696106
2696105
2696104
2696103
2696102
2696101
2696100
2696099
2696098
2696097
2696096
2696095
2696094
2696093
2696092
2696091
2696090
2696089
2696088
2696087
2696086
2696085
2696084
2696083
2696082
2696081
2696080
2696079
2696078
2696077
2696076
2696075
2696074
2696073
2696072
2696071
2696070
2696069
2696068
2696067
2696066
2696065
2696064
2696063
2696062
2696061
2696060
2696059
2696058
2696057
2696056
2696055
2696054
2696053
2696052
2696051
2696050
2696049
2696048
2696047
2696046
2696045
2696044
2696043
2696042
2696041
2696040
2696039
2696038
2696037
2696036
2696035
2696034
2696033
2696032
2696031
2696030
2696029
2696028
2696027
2696026
2696025
2696024
2696023
2696022
2696021
2696020
2696019
2696018
2696017
2696016
2696015
2696014
2696013
2696012
2696011
2696010
2696009
2696008
2696007
2696006
2696005
2696004
2696003
2696002
2696001
2696000
2695999
2695998
2695997
2695996
2695995
2695994
2695993
2695992
2695991
2695990
2695989
2695988
2695987
2695986
2695985
2695984
2695983
2695982
2695981
2695980
2695979
2695978
2695977
2695976
2695975
2695974
2695973
2695972
2695971
2695970
2695969
2695968
2695967
2695966
2695965
2695964
2695963
2695962
2695961
2695960
2695959
2695958
2695957
2695956
2695955
2695954
2695953
2695952
2695951
2695950
2695949
2695948
2695947
2695946
2695945
2695944
2695943
2695942
2695941
2695940
2695939
2695938
2695937
2695936
2695935
2695934
2695933
2695932
2695931
2695930
2695929
2695928
2695927
2695926
2695925
2695924
2695923
2695922
2695921
2695920
2695919
2695918
2695917
2695916
2695915
2695914
2695913
2695912
2695911
2695910
2695909
2695908
2695907
2695906
2695905
2695904
2695903
2695902
2695901
2695900
2695899
2695898
2695897
2695896
2695895
2695894
2695893
2695892
2695891
2695890
2695889
2695888
2695887
2695886
2695885
2695884
2695883
2695882
2695881
2695880
2695879
2695878
2695877
2695876
2695875
2695874
2695873
2695872
2695871
2695870
2695869
2695868
2695867
2695866
2695865
2695864
2695863
2695862
2695861
2695860
2695859
2695858
2695857
2695856
2695855
2695854
2695853
2695852
2695851
2695850
2695849
2695848
2695847
2695846
2695845
2695844
2695843
2695842
2695841
2695840
2695839
2695838
2695837
2695836
2695835
2695834
2695833
2695832
2695831
2695830
2695829
2695828
2695827
2695826
2695825
2695824
2695823
2695822
2695821
2695820
2695819
2695818
2695817
2695816
2695815
2695814
2695813
2695812
2695811
2695810
2695809
2695808
2695807
2695806
2695805
2695804
2695803
2695802
2695801
2695800
2695799
2695798
2695797
2695796
2695795
2695794
2695793
2695792
2695791
2695790
2695789
2695788
2695787
2695786
2695785
2695784
2695783
2695782
2695781
2695780
2695779
2695778
2695777
2695776
2695775
2695774
2695773
2695772
2695771
2695770
2695769
2695768
2695767
2695766
2695765
2695764
2695763
2695762
2695761
2695760
2695759
2695758
2695757
2695756
2695755
2695754
2695753
2695752
2695751
2695750
2695749
2695748
2695747
2695746
2695745
2695744
2695743
2695742
2695741
2695740
2695739
2695738
2695737
2695736
2695735
2695734
2695733
2695732
2695731
2695730
2695729
2695728
2695727
2695726
2695725
2695724
2695723
2695722
2695721
2695720
2695719
2695718
2695717
2695716
2695715
2695714
2695713
2695712
2695711
2695710
2695709
2695708
2695707
2695706
2695705
2695704
2695703
2695702
2695701
2695701
2695702
2695703
2695704
2695705
2695706
2695707
2695708
2695709
2695710
2695711
269