10000
1000332
1000788
1001116
1005155
1005219
1005472
1005645
1005810
1008173
1008541
1010184
1010632
1010726
1010987
1011960
1012034
1012254
1015224
1016860
1017402
1017662
1019070
1019280
1020473
1020936
1021065
1022221
1022848
1023476
1023730
1024511
1025397
1025635
1028750
1030249
1030345
1032279
1032508
1032569
1032988
1034105
1034936
1035565
1036047
1037224
1038513
1039976
1040388
1040444
1042191
1043415
1044417
1045357
1045814
1046215
1048361
1048500
1048614
1049549
1050610
1051314
1051327
1052312
1052360
1053945
1054285
1054517
1055866
1056014
1056309
1056415
1057404
1058076
1059106
1060728
1062211
1063117
1064508
1065229
1068628
1069819
1070453
1073176
1074333
1074449
1074759
1075035
1075218
1075467
1076053
1077372
1077902
1079196
1079947
1080298
1083316
1085250
1089435
1090073
1090952
1091392
1091435
1091651
1092905
1093374
1093972
1097122
1097279
1098179
1099654
1100121
1104107
1104484
1104731
1105556
1105967
1106447
1107329
1109300
1109669
1110168
1110422
1111146
1112471
1112962
1113232
1114980
1115043
1115687
1116344
1118900
1119017
1121202
1123140
1123581
1124997
1125199
1125403
1125905
1125953
1128211
1128420
1128642
1129768
1132270
1132358
1133760
1133930
1136499
1137103
1138321
1138600
1138763
1140103
1140160
1141089
1141670
1143442
1144738
1145346
1145446
1145562
1145604
1145861
1146232
1146792
1149135
1149168
1149773
1150145
1151841
1152468
1152535
1153041
1153090
1153884
1156388
1157149
1157769
1158606
1158986
1159433
1160184
1160505
1161197
1163368
1165340
1166500
1166938
1167761
1168441
1168447
1168689
1168733
1169635
1170336
1171091
1171621
1172752
1174670
1179291
1179703
1179800
1180956
1181760
1182083
1185751
1187503
1188410
1189544
1189800
1189892
1190584
1190886
1191301
1192281
1192953
1194447
1194526
1195971
1196055
1196453
1197662
1198916
1199432
1199835
1200667
1202221
1202453
1203712
1203859
1204387
1205558
1206106
1206219
1206929
1207270
1209450
1209458
1211506
1211618
1212202
1213920
1214137
1214532
1215193
1215690
1215691
1217848
1217940
1218032
1219216
1222248
1222439
1223304
1224703
1224909
1225825
1227382
1228372
1228935
1229506
1229791
1230289
1231171
1231619
1231739
1231995
1233181
1234115
1235407
1235819
1237359
1241360
1241798
1242434
1242572
1242752
1243338
1244088
1244804
1245633
1246186
1248323
1249412
1250778
1251398
1251724
1251887
1252857
1252891
1253117
1253610
1255064
1255814
1256586
1257088
1257645
1260464
1261599
1261660
1262123
1262139
1262899
1264593
1266991
1267401
1268168
1268553
1268713
1268929
1269288
1269388
1269632
1270029
1270178
1270211
1272096
1272742
1272911
1273225
1273526
1275508
1276309
1276528
1278080
1278498
1280423
1280590
1280657
1281725
1282203
1282339
1282441
1283391
1284149
1284253
1285325
1285333
1286277
1286592
1288018
1288123
1288298
1288931
1289713
1292159
1292492
1295120
1296658
1296792
1298626
1299787
1300768
1301226
1303001
1304237
1305001
1307518
1311667
1312204
1313838
1313978
1314456
1315235
1315379
1316052
1316672
1319196
1319416
1319532
1319625
1319750
1319881
1319914
1322486
1323353
1323645
1324511
1326547
1327274
1327478
1327730
1328798
1329141
1330333
1330599
1331199
1331448
1331895
1333163
1333444
1333465
1333721
1334044
1335207
1336566
1337496
1340501
1341069
1341093
1341824
1342639
1343850
1344130
1344220
1345082
1345537
1346000
1347030
1348831
1349474
1350606
1350691
1353465
1353509
1353565
1354343
1354741
1355771
1356663
1356673
1356901
1358074
1358483
1361019
1361132
1361419
1361565
1361881
1361888
1363967
1364013
1364816
1366962
1367438
1367453
1367682
1368730
1369467
1370676
1370850
1372174
1372738
1375270
1376711
1377246
1377350
1377488
1377714
1377861
1378249
1378419
1379529
1379912
1380374
1381193
1381349
1381951
1383243
1383846
1384290
1387020
1387086
1387362
1387879
1388671
1388954
1390600
1392371
1392417
1393209
1393249
1394291
1394371
1395032
1395583
1397601
1397615
1397644
1398216
1399088
1399677
1400494
1400906
1402074
1403694
1404729
1407685
1407804
1408504
1410470
1411898
1411984
1413955
1415003
1415644
1415741
1416649
1417643
1421313
1421716
1421912
1426095
1427355
1427741
1429319
1429555
1430450
1433843
1434760
1436983
1437384
1440225
1442361
1442721
1444329
1444621
1446073
1446158
1447487
1448504
1450320
1450800
1452681
1453361
1455700
1458227
1458865
1459689
1459890
1461295
1461944
1462125
1462764
1462896
1463095
1464399
1464927
1466783
1468959
1469396
1470447
1470762
1472262
1472479
1472713
1473248
1473841
1473881
1474159
1475427
1476040
1476605
1477074
1479438
1479803
1479925
1480899
1482046
1482980
1483129
1483999
1484246
1484820
1485596
1485747
1486025
1486377
1486996
1487341
1488319
1488453
1488836
1489068
1490071
1492297
1492796
1493258
1493623
1495326
1496646
1497735
1498025
1498223
1498225
1499227
1499609
1502713
1503032
1503232
1503362
1504778
1506088
1509921
1510406
1511192
1512107
1512840
1515371
1515787
1517347
1517362
1517376
1518220
1518376
1519596
1519766
1519889
1520500
1522082
1522241
1522465
1523018
1524988
1525204
1526157
1526208
1527377
1527702
1528216
1528491
1529132
1530131
1532557
1533911
1534252
1535995
1536103
1536429
1536763
1536828
1537142
1537598
1538301
1538334
1538394
1538782
1539529
1539592
1540383
1541755
1543086
1543306
1544605
1545716
1547258
1549300
1550859
1552924
1553486
1555401
1557182
1557898
1557980
1558914
1559953
1560998
1561098
1561932
1562125
1563249
1563460
1564567
1565599
1566882
1567676
1568342
1568797
1569563
1569618
1569807
1569989
1570145
1570150
1571273
1574454
1574646
1575450
1576590
1576811
1577023
1577844
1584251
1585153
1586081
1586836
1588789
1588795
1589020
1590778
1590954
1591028
1591654
1592135
1595996
1596576
1596884
1598712
1599043
1599803
1600260
1604499
1605511
1605774
1606187
1606666
1606941
1606989
1607801
1609920
1609924
1611167
1614982
1615619
1616401
1616458
1617686
1617968
1618250
1618584
1618625
1619013
1619169
1619886
1621034
1622013
1623065
1623091
1623553
1624986
1625004
1625555
1626475
1628538
1629447
1630102
1630406
1631964
1632099
1632708
1634291
1634999
1636473
1636736
1637059
1637694
1638324
1639455
1643669
1644200
1646718
1646984
1647426
1647767
1649070
1650088
1651786
1651978
1652171
1652399
1655424
1655535
1656154
1656643
1657379
1657718
1658748
1658968
1662224
1665206
1665237
1665908
1666085
1667185
1667967
1668006
1668079
1670046
1670712
1670820
1672395
1674084
1674309
1674545
1674902
1675178
1675606
1676890
1677372
1679800
1682333
1683090
1683683
1684294
1687135
1687516
1688884
1690395
1690420
1691564
1691813
1692640
1692697
1695705
1696213
1696254
1696559
1697866
1698129
1698979
1699642
1699742
1700217
1700342
1700849
1702206
1702937
1706247
1706420
1708100
1709057
1710544
1712334
1712625
1714444
1714834
1715959
1718124
1718434
1718755
1720244
1721877
1723236
1724781
1724922
1726362
1726392
1727495
1727658
1727709
1728145
1728812
1729726
1730503
1732478
1733751
1736064
1736391
1736814
1737848
1738050
1738061
1738681
1739134
1739853
1740244
1741566
1742162
1742251
1743524
1744610
1745966
1746341
1746647
1746818
1747863
1748085
1748103
1748659
1751152
1752140
1752213
1752845
1752847
1753249
1753578
1754272
1754593
1754987
1755247
1756609
1757221
1758305
1759541
1761186
1763545
1763792
1764271
1764635
1765451
1765888
1767015
1768746
1768818
1769252
1770318
1772225
1772793
1774707
1775795
1775889
1777056
1778552
1780037
1780554
1781264
1782321
1782756
1785000
1785333
1786578
1787637
1788488
1789927
1792065
1792200
1793585
1794041
1794183
1794442
1795387
1796234
1796726
1797738
1797763
1798117
1798766
1799893
1800407
1801803
1802014
1802283
1804010
1804704
1807107
1807217
1807626
1808620
1808959
1809325
1809503
1810808
1812111
1812875
1814599
1815344
1815683
1816087
1816564
1818557
1821290
1824240
1824999
1825729
1826095
1826348
1827628
1827910
1827915
1828530
1828954
1829954
1831472
1835828
1836977
1839031
1839207
1839234
1842238
1842777
1843787
1844806
1845822
1847041
1847135
1847551
1847648
1848235
1848741
1849075
1849684
1849873
1849912
1850456
1851139
1852750
1855065
1855755
1856762
1858150
1858952
1859327
1860663
1861026
1862818
1865554
1865636
1866209
1867178
1867789
1868014
1868652
1868929
1871649
1871811
1872814
1873404
1876905
1878338
1879500
1881467
1881930
1883449
1883662
1884688
1885408
1887456
1888613
1890528
1891342
1892317
1892494
1894596
1896490
1897279
1897502
1897657
1898985
1901221
1901497
1902099
1903615
1904017
1904473
1905269
1905838
1906321
1907071
1907183
1911115
1911328
1912289
1913154
1913475
1915079
1915852
1915953
1916697
1918800
1919112
1919493
1919855
1919998
1920086
1920135
1920216
1920654
1923068
1923142
1923499
1924058
1925540
1927287
1928160
1929603
1929616
1929930
1932079
1934102
1934495
1935192
1939888
1941744
1941791
1942281
1942296
1942361
1942710
1943624
1944240
1944662
1945045
1945589
1945740
1946089
1947750
1949406
1951355
1952626
1953376
1953858
1955955
1956524
1956659
1957684
1960637
1962051
1964083
1964401
1966104
1966214
1967045
1968542
1969230
1970626
1974252
1974805
1976038
1977854
1978956
1980617
1981153
1981941
1982064
1983224
1983320
1984764
1985524
1985684
1986419
1986708
1987043
1987646
1988431
1989990
1991228
1991846
1992049
1992352
1993299
1993971
1994246
1995461
1997120
1999380
2000528
2000754
2001763
2002022
2002398
2003293
2005888
2006388
2006416
2006491
2006612
2007370
2009757
2010017
2011763
2015118
2015886
2016748
2019996
2020308
2021957
2022402
2023504
2023577
2024467
2026188
2026594
2028101
2028342
2028807
2030484
2030756
2030806
2034837
2034939
2035495
2036659
2039269
2039446
2039676
2041370
2042187
2043217
2046053
2046247
2046950
2047591
2048081
2048529
2050414
2051391
2051736
2051844
2052042
2052489
2052565
2052810
2053708
2054271
2054965
2055145
2056150
2056424
2056892
2061167
2061452
2062865
2063283
2063584
2063995
2064038
2065352
2066660
2066925
2070201
2070446
2071270
2071658
2072163
2072938
2074933
2075071
2075694
2076528
2079913
2082692
2082806
2083303
2083508
2083576
2084157
2084364
2084697
2085181
2086369
2086448
2086716
2087981
2088084
2088467
2091426
2092185
2093444
2094931
2095566
2096618
2096710
2097524
2098266
2099484
2100208
2100517
2101055
2101764
2102286
2102945
2103254
2103358
2104320
2105423
2105697
2106258
2106271
2106455
2107836
2108306
2108647
2109389
2110057
2111566
2111620
2112122
2112485
2112576
2116723
2116955
2120279
2121039
2121782
2122153
2122549
2125266
2125543
2125991
2126595
2126825
2127003
2127571
2128465
2128816
2129944
2130539
2132903
2132945
2133695
2135660
2136097
2136210
2137612
2137633
2138904
2139546
2140007
2140152
2141139
2143122
2144159
2144561
2146218
2146460
2148356
2148510
2148939
2150663
2151602
2151678
2152282
2153151
2154593
2154685
2156103
2156843
2157141
2157440
2157873
2158464
2158550
2158807
2159544
2160018
2161293
2162463
2162664
2163706
2164749
2165498
2166595
2166929
2167967
2168081
2169223
2170572
2170617
2171033
2174865
2174984
2175356
2176005
2177180
2177625
2177940
2178214
2180481
2180530
2182095
2183798
2183933
2184928
2185605
2185732
2186437
2189503
2190341
2191248
2191952
2192429
2193311
2196016
2196513
2197343
2199645
2200705
2200925
2201338
2201794
2202771
2203248
2204177
2207276
2208395
2208633
2208726
2208844
2209486
2209579
2209717
2212271
2213406
2213472
2214314
2214478
2214905
2215011
2215022
2215710
2216583
2217960
2218013
2219479
2219550
2219627
2219755
2220715
2224081
2225845
2226574
2228753
2231172
2232680
2232812
2233004
2233744
2233962
2234266
2234325
2234871
2236283
2238161
2238333
2240963
2241039
2241834
2243019
2243679
2244619
2246781
2247658
2248636
2249179
2249823
2250341
2250803
2250852
2250896
2251597
2251886
2252012
2256030
2256494
2259365
2259385
2260531
2261366
2263404
2264949
2264966
2266679
2267561
2267821
2268554
2268808
2269180
2269305
2269759
2269834
2270313
2271087
2272703
2274734
2275054
2276122
2278631
2279770
2279776
2279895
2280022
2282855
2282989
2283004
2283134
2283477
2283893
2284501
2285200
2285764
2286009
2286983
2287340
2287422
2287803
2288878
2290311
2290795
2291641
2292171
2293002
2294519
2294589
2295378
2296480
2298707
2299056
2299451
2300464
2301768
2303375
2303720
2304245
2304501
2304732
2305587
2305626
2306684
2311210
2311254
2312862
2313189
2316845
2317680
2317749
2318361
2318963
2319288
2320177
2321715
2322287
2324689
2325022
2325626
2326948
2328276
2328381
2328669
2329221
2330284
2331250
2331746
2333452
2333628
2334084
2335008
2336125
2336862
2336977
2338342
2338575
2339492
2339552
2339887
2342139
2342455
2343067
2343446
2344195
2345147
2345529
2347258
2348282
2350315
2351129
2354648
2355109
2357372
2357517
2357639
2357858
2358400
2361338
2363040
2363079
2363108
2363593
2365111
2365397
2365646
2366328
2366364
2366660
2368222
2368348
2369276
2370158
2370211
2370923
2371054
2371986
2373339
2373420
2374548
2376287
2376529
2376948
2377158
2377486
2379825
2379946
2381143
2381805
2382942
2383796
2384920
2385197
2386210
2386700
2388577
2389625
2389893
2390412
2390927
2392054
2392150
2392515
2393426
2395905
2396706
2397332
2398244
2398413
2398532
2401311
2401378
2401603
2401795
2404077
2404210
2405561
2406020
2406114
2406162
2406222
2406295
2406510
2406755
2407429
2410417
2411095
2411976
2412000
2412377
2414905
2416774
2418090
2418563
2421461
2421518
2421945
2422006
2423330
2423406
2426928
2427675
2427903
2427992
2430266
2430669
2432227
2432955
2433163
2433193
2433589
2435963
2436747
2436825
2437122
2437734
2437815
2439181
2440089
2441274
2442536
2443337
2443354
2443438
2445958
2449238
2452149
2452640
2452645
2453659
2453799
2454250
2454535
2454971
2455334
2455703
2455852
2457280
2458071
2460234
2460253
2463156
2465253
2468348
2468802
2470384
2470720
2471342
2471901
2472645
2472718
2472925
2473547
2473797
2474708
2475136
2476059
2476771
2477827
2479016
2480505
2480524
2481686
2484332
2485471
2486556
2487025
2488520
2489406
2491390
2491811
2492406
2493712
2494427
2495458
2495924
2496993
2497981
2498033
2498743
2499222
2500368
2501738
2502224
2502541
2503661
2503948
2505943
2506275
2506911
2507776
2508850
2509097
2509170
2510846
2511976
2513408
2514147
2515153
2516339
2516602
2516983
2517115
2517282
2517711
2518112
2518547
2519168
2519352
2519968
2521579
2522298
2522700
2524832
2526316
2526386
2526500
2529072
2529557
2530059
2530516
2534201
2535740
2536279
2538113
2540245
2541259
2541286
2543383
2543835
2545583
2545839
2546260
2547072
2547149
2547655
2547951
2548408
2549559
2549857
2550588
2551883
2554922
2554980
2555814
2555914
2559303
2560645
2560727
2560754
2561350
2561444
2561568
2562429
2562612
2562711
2564856
2566196
2567640
2567701
2569480
2569673
2569808
2570174
2570591
2570929
2571734
2572230
2572466
2572728
2573013
2573053
2573465
2575322
2575678
2576840
2577042
2577671
2577751
2578074
2578206
2578640
2579569
2579711
2579837
2580085
2580299
2582202
2583399
2583629
2584447
2586091
2586608
2589001
2589510
2591276
2592038
2593990
2594360
2595289
2595612
2595716
2595720
2597844
2599137
2599608
2599649
2599868
2600689
2602491
2603190
2603202
2604859
2605577
2605779
2606022
2606411
2607523
2608009
2609106
2609373
2609852
2610405
2610859
2612696
2614428
2615247
2616218
2616369
2618720
2618800
2619413
2619847
2620116
2620670
2621596
2622390
2622900
2623852
2625395
2626157
2627425
2628555
2628979
2629560
2630932
2632933
2633367
2633505
2634761
2635263
2636402
2636468
2638988
2644346
2646147
2647221
2648088
2649595
2650042
2651884
2652175
2652441
2653134
2653953
2654287
2655820
2656362
2656832
2657043
2657370
2658107
2658816
2659907
2661144
2661236
2662363
2662581
2662666
2663460
2666092
2666405
2667553
2667705
2668603
2668834
2670007
2670290
2670503
2670602
2672446
2672459
2672989
2674132
2674257
2674325
2675725
2676604
2676788
2681480
2682071
2682232
2682342
2683547
2684827
2685708
2685711
2686333
2687684
2687891
2688308
2688349
2688919
2688952
2689552
2691195
2691588
2692148
2693332
2693409
2693786
2694627
2697122
2697533
2698525
2698616
2699599
2700685
2700804
2702958
2703011
2703226
2704217
2705670
2706365
2706841
2707837
2707855
2708776
2708800
2710232
2710619
2710758
2710906
2710968
2712325
2712467
2713357
2714085
2714613
2714846
2715471
2715945
2716756
2717084
2718880
2719206
2719789
2720273
2723988
2724217
2724929
2725382
2726468
2727672
2727722
2727868
2729171
2731777
2733242
2734368
2735121
2735152
2736502
2736555
2737102
2737587
2739407
2739441
2740764
2743362
2744362
2745018
2745125
2745395
2747069
2747072
2748228
2749916
2751184
2751298
2751454
2752410
2752524
2753480
2753630
2753762
2753807
2753922
2755533
2756573
2757933
2759598
2761080
2761154
2765367
2766024
2767194
2768812
2768873
2769809
2770426
2770569
2770829
2771402
2772171
2772722
2773109
2773194
2773870
2775072
2775904
2776113
2776699
2777338
2778137
2778211
2778807
2779728
2780730
2780818
2781711
2782760
2783142
2784124
2784145
2785750
2785897
2787015
2787556
2787576
2787964
2789516
2789706
2790599
2790634
2790812
2792871
2793820
2794561
2794577
2794661
2796975
2797470
2798441
2800803
2800804
2801568
2802943
2803229
2805308
2807124
2808290
2809933
2811067
2811215
2811229
2812717
2814556
2815749
2816792
2818049
2818570
2819107
2819766
2822203
2824449
2827499
2831280
2832030
2833014
2833133
2833223
2833876
2837439
2837537
2837683
2839520
2840244
2841938
2842570
2842956
2843048
2843391
2844256
2846093
2846562
2846963
2848114
2848982
2850779
2851434
2851968
2854072
2855981
2858512
2859546
2859744
2859997
2860320
2862248
2862421
2862482
2862836
2864479
2865062
2867033
2867115
2868747
2869192
2869408
2870053
2871673
2872345
2872484
2874242
2874851
2878286
2878642
2879584
2879940
2880282
2880300
2881080
2881791
2883117
2883239
2883660
2886025
2887136
2889632
2890281
2890289
2892798
2894096
2896952
2897194
2897504
2897942
2898447
2899837
2901874
2902199
2903439
2905102
2905740
2905967
2906706
2906707
2907666
2908298
2910128
2911207
2911507
2913361
2914449
2915044
2915672
2916047
2917870
2917944
2918102
2920941
2921465
2922946
2923067
2923521
2925840
2928180
2929780
2932549
2935078
2935333
2935817
2938005
2940492
2941502
2942660
2942698
2943312
2945212
2947187
2952322
2953115
2954930
2955155
2955560
2956239
2956430
2957517
2957801
2958153
2958757
2959464
2960114
2960852
2961785
2963124
2964615
2965124
2965426
2965749
2968569
2970569
2974447
2974517
2975788
2977675
2978294
2978577
2979074
2979299
2979556
2979898
2983445
2983792
2984409
2985240
2986815
2988693
2988891
2989298
2990684
2990843
2992527
2992690
2993269
2994157
2994286
2998060
2998423
2998643
2999137
2999313
2999336
2999388
2999896
3000651
3000982
3001135
3001247
3001429
3002545
3002960
3003012
3004774
3006621
3006931
3008393
3008752
3009635
3011746
3012235
3013795
3014541
3016812
3017759
3017863
3018247
3018870
3019680
3020165
3020702
3020711
3020803
3020866
3023275
3025198
3025651
3025681
3026394
3027205
3028183
3029827
3030185
3031176
3031188
3031923
3032223
3032901
3032917
3034062
3034842
3034852
3037365
3039380
3042329
3042520
3044380
3045068
3045107
3046123
3046574
3047044
3047431
3047785
3049005
3049106
3049948
3050655
3051005
3051379
3054104
3055520
3056656
3058243
3058398
3058651
3060175
3062352
3062629
3062865
3064518
3064970
3065705
3066203
3066521
3067242
3069358
3069922
3072317
3074898
3076431
3077051
3077262
3078134
3080216
3081063
3082024
3082982
3083417
3083692
3084620
3085039
3086231
3086444
3086558
3090819
3093083
3093648
3094303
3095007
3096033
3097051
3097226
3097952
3098619
3099140
3099426
3100532
3100605
3101031
3101114
3104848
3105425
3107365
3108202
3109145
3110002
3110197
3110564
3110913
3111035
3112583
3114843
3116287
3116889
3117185
3120940
3121686
3121820
3122053
3122969
3123244
3123912
3123927
3124056
3125381
3126596
3126628
3127197
3128638
3128859
3129640
3134873
3136065
3136512
3136523
3137483
3137915
3138013
3139898
3141932
3142654
3144847
3145647
3145868
3146339
3146964
3148333
3149257
3149407
3151666
3151716
3152282
3153501
3154433
3155587
3160028
3160665
3161324
3161908
3162537
3163007
3163715
3165581
3165645
3167209
3168521
3170494
3172438
3173906
3174218
3174477
3175098
3178658
3179203
3179632
3180406
3181061
3181219
3181501
3182344
3183648
3184217
3184649
3184929
3185757
3186096
3186730
3187271
3187462
3188821
3189707
3189780
3190381
3191406
3191450
3192121
3197169
3198280
3198340
3199233
3199813
3201819
3202008
3204009
3206440
3206544
3206619
3206764
3206911
3207259
3209492
3209630
3211025
3211849
3211974
3213594
3215213
3215249
3218255
3219844
3220702
3223547
3224219
3224286
3225490
3227940
3229283
3229526
3229705
3230095
3231189
3233421
3233674
3235002
3236012
3236790
3238122
3238796
3240140
3242038
3242166
3243674
3243738
3243908
3246165
3246778
3246906
3247607
3247610
3248497
3249198
3250261
3251321
3251578
3253676
3254661
3255636
3255942
3257216
3257590
3258754
3258857
3261311
3261497
3263022
3263264
3264982
3265406
3268624
3269826
3270025
3270187
3270558
3271601
3272871
3274483
3274607
3274747
3275221
3276804
3277125
3277452
3277632
3278175
3278652
3278741
3278812
3279183
3279592
3279652
3281688
3282730
3283024
3284269
3285049
3285471
3285762
3286523
3286535
3287573
3288248
3288384
3289456
3290803
3290957
3291341
3294798
3296546
3296603
3297433
3298025
3298424
3299401
3300122
3300925
3301670
3303244
3304827
3308187
3309259
3309364
3310261
3310419
3310671
3312250
3313310
3316094
3316609
3316651
3316831
3316890
3319396
3319736
3321143
3321230
3323009
3324444
3327030
3330998
3332310
3332647
3333105
3333190
3333559
3334061
3335592
3336160
3336665
3336863
3337752
3341219
3342160
3344452
3346401
3347547
3347950
3348402
3348464
3349497
3354295
3355611
3357191
3358436
3358963
3359757
3360413
3360641
3362834
3362950
3365756
3366340
3367613
3367698
3367912
3368955
3369016
3370687
3371137
3371328
3371924
3372086
3373750
3374108
3375135
3376056
3376452
3377130
3377733
3379590
3380199
3380377
3380430
3380460
3381821
3383151
3383370
3384192
3385229
3385240
3385274
3389142
3390425
3390632
3391311
3392478
3392690
3392752
3392963
3393329
3393682
3393809
3394490
3394544
3394692
3394948
3397424
3398500
3398564
3400422
3402411
3404199
3408733
3410678
3411191
3411961
3412084
3412390
3413098
3414006
3415719
3417581
3418222
3418409
3419526
3420225
3423883
3424772
3424986
3425430
3427318
3430692
3430794
3430932
3431086
3432624
3433740
3434503
3434985
3436341
3437303
3437452
3437890
3441053
3442444
3443482
3443614
3444224
3446527
3446720
3448996
3449361
3450916
3451115
3452298
3452470
3454195
3455400
3455574
3456484
3458441
3458594
3459768
3460277
3460454
3461510
3461766
3462286
3463963
3464194
3465338
3468132
3468882
3470819
3473489
3474957
3475141
3476447
3476869
3477493
3479986
3480093
3482089
3482508
3483979
3487552
3488215
3488221
3488763
3496239
3496689
3497354
3500241
3500489
3500970
3503196
3503472
3505157
3505969
3506531
3507622
3507783
3508718
3509857
3511106
3511160
3512098
3513069
3513126
3514505
3514785
3518082
3519430
3519473
3520175
3522105
3522549
3523427
3524632
3525521
3526959
3526974
3527165
3528283
3528748
3534114
3535541
3537560
3537629
3537814
3538506
3540973
3541099
3541355
3542500
3543852
3545821
3545852
3545952
3547485
3549033
3549301
3550478
3551667
3552492
3553847
3555105
3555918
3559228
3561174
3561590
3561991
3563623
3565100
3566725
3566905
3567876
3568538
3568952
3569882
3570233
3570871
3570889
3572221
3572284
3573705
3574609
3575290
3575617
3578735
3579985
3580870
3581144
3583913
3586374
3586929
3587629
3589069
3590480
3591897
3592388
3594033
3594058
3594178
3594963
3595017
3595070
3597322
3598117
3598701
3599045
3599837
3603125
3603681
3604179
3604694
3605086
3605697
3606221
3607631
3610450
3611429
3612987
3613830
3614062
3615173
3616811
3618872
3619071
3619265
3619429
3619732
3620508
3621193
3622198
3622411
3622957
3623632
3624658
3625273
3626881
3627712
3627753
3628197
3628265
3628601
3629358
3630438
3633649
3635194
3635719
3635939
3636540
3637141
3637161
3638307
3640576
3641962
3642454
3642780
3644826
3646300
3646803
3647356
3647618
3649572
3650225
3650570
3650823
3650858
3651385
3652477
3653085
3653439
3653997
3654067
3654614
3655081
3655516
3655516
3659356
3661545
3662291
3662944
3663661
3664659
3666171
3666218
3669623
3670289
3670538
3671492
3673114
3677723
3677872
3678199
3678417
3678960
3679967
3680360
3680965
3681353
3681553
3681622
3681933
3682728
3682867
3683219
3683966
3687012
3688235
3689264
3691675
3692361
3693564
3696373
3697039
3697889
3698194
3698577
3698598
3698955
3699101
3699153
3700086
3700622
3700638
3701172
3701512
3703444
3703864
3704280
3704412
3704736
3704947
3705162
3705484
3705884
3707631
3707813
3709077
3709537
3709971
3710583
3712299
3713784
3713835
3714146
3716609
3717446
3717573
3717964
3718122
3719519
3720170
3720291
3723278
3724502
3724686
3726055
3727771
3727988
3729303
3729530
3729534
3729882
3730349
3732579
3732940
3735098
3735347
3736115
3736890
3737086
3738378
3740597
3741199
3741205
3741551
3741809
3744004
3745928
3747499
3752391
3752396
3752515
3753459
3753704
3753955
3754241
3754609
3756004
3756654
3756771
3756867
3758496
3760065
3760066
3761339
3761908
3763048
3763188
3763709
3764811
3765124
3766070
3767743
3768052
3768140
3768911
3769709
3770014
3770285
3770450
3770555
3770772
3770851
3772644
3773131
3773306
3773420
3773668
3774250
3774801
3775624
3776212
3777786
3778747
3780654
3781334
3783025
3783253
3783387
3783729
3784833
3785211
3786492
3787984
3789233
3789263
3789406
3789801
3789978
3790121
3790639
3790923
3791359
3792883
3793058
3793416
3798523
3801339
3803421
3805662
3805776
3807004
3807407
3807790
3812490
3812556
3812627
3814586
3815159
3815460
3816610
3818287
3818546
3819586
3823064
3827201
3827232
3827979
3828288
3829774
3830281
3830387
3834101
3835585
3836005
3836491
3837987
3839183
3840190
3840770
3843523
3844921
3845421
3845551
3845581
3845675
3846093
3847803
3849442
3851732
3851840
3852137
3853175
3854437
3855516
3856431
3857172
3858934
3860926
3861380
3863166
3864730
3867110
3870479
3872578
3873870
3876013
3878639
3878827
3879371
3879641
3880626
3882977
3885675
3886507
3886578
3889058
3889734
3889858
3890915
3891473
3892477
3893023
3894265
3894381
3894381
3894606
3897677
3898771
3898792
3899014
3899679
3901326
3901432
3903367
3904870
3906169
3906463
3907473
3911003
3912353
3912639
3914415
3916716
3920106
3920586
3922224
3922826
3922842
3923320
3923727
3923883
3924767
3927313
3928018
3929382
3930291
3931269
3935430
3936308
3936371
3937115
3937261
3937271
3937677
3937908
3941267
3942196
3943730
3945502
3945852
3946778
3948008
3948729
3951580
3955431
3955837
3957756
3958214
3959263
3962059
3962168
3962230
3962304
3963273
3964970
3965436
3966636
3966706
3967677
3968837
3971333
3972082
3972274
3973068
3973384
3973429
3973846
3974296
3975188
3975430
3975952
3976439
3976468
3976801
3977547
3978065
3979644
3981462
3981769
3983421
3983913
3984413
3985455
3987193
3987570
3987846
3988884
3989895
3990733
3991166
3991301
3992424
3994532
3994999
3995013
3996147
3996381
3997349
3999120
3999208
4003721
4003841
4004071
4004757
4005877
4007168
4007623
4007861
4008139
4008534
4009081
4010060
4012783
4015524
4015976
4016020
4017394
4018716
4021280
4021577
4021768
4021972
4023610
4024880
4027430
4027826
4028486
4028930
4029316
4029461
4031412
4031861
4031918
4032887
4033554
4037650
4037973
4038601
4038884
4040688
4040710
4043103
4044319
4045542
4045617
4046386
4046805
4047073
4047819
4047981
4047990
4047994
4048036
4048358
4048760
4050642
4052295
4053002
4053685
4054061
4054710
4055457
4055913
4056789
4056841
4057358
4057464
4057592
4058699
4058948
4059467
4060378
4062340
4062444
4062945
4062976
4063019
4063933
4064009
4066675
4067415
4067778
4068117
4070707
4071278
4071497
4073353
4073875
4073975
4075504
4075536
4076826
4077200
4077554
4079315
4080233
4081342
4083386
4083430
4084469
4084535
4088245
4089210
4089620
4089864
4090108
4090164
4090621
4090713
4091808
4093270
4097261
4097539
4098968
4099898
4099998
4100761
4103540
4104032
4104040
4107062
4109730
4111077
4111602
4112231
4113070
4113389
4113483
4113907
4114067
4116938
4116978
4117048
4117114
4117943
4118988
4119138
4120716
4121733
4121999
4124258
4124997
4131292
4133148
4134553
4136411
4137351
4138711
4141709
4145003
4145868
4146256
4146820
4146857
4146924
4148761
4148928
4149122
4150582
4153506
4153562
4153589
4154586
4155319
4156134
4156197
4156345
4156820
4156960
4159983
4160007
4160129
4160831
4162835
4164058
4164696
4166636
4167270
4168217
4168289
4169662
4169764
4171022
4172571
4173385
4175036
4175354
4176725
4177531
4178424
4178739
4179059
4179878
4181736
4183433
4184659
4186641
4186794
4187863
4188010
4188790
4189372
4190165
4191923
4192668
4193842
4193882
4193958
4194248
4194391
4196005
4197136
4197509
4197569
4198467
4199692
4200307
4201328
4202623
4206954
4208315
4209190
4209886
4211075
4211577
4212700
4215811
4216540
4216614
4217624
4217802
4217943
4218865
4218982
4219759
4220265
4221680
4223271
4223543
4224881
4226491
4226566
4226603
4226911
4227312
4228368
4228560
4230614
4231562
4231611
4232587
4234170
4235735
4236092
4236678
4236693
4237922
4238100
4238837
4241264
4241803
4243777
4244549
4244897
4246015
4248097
4248242
4249307
4249430
4251523
4252394
4252582
4252583
4253041
4253942
4255684
4255942
4256928
4257465
4258458
4258483
4259427
4259899
4260982
4261622
4262580
4263461
4264280
4264629
4264973
4265590
4266039
4266387
4266426
4266463
4267751
4269057
4269274
4270764
4271281
4271825
4271988
4273034
4273446
4273850
4274183
4274522
4277067
4277226
4278223
4278561
4278933
4280334
4280638
4280684
4280783
4282196
4282238
4282993
4286362
4286547
4287000
4287027
4287154
4287393
4288089
4288849
4289073
4289401
4290098
4291166
4291775
4292690
4292946
4293287
4293957
4299192
4300445
4301240
4301344
4301695
4302559
4302714
4303281
4304512
4304672
4304984
4305605
4306965
4309455
4311314
4312170
4312372
4314173
4314232
4315428
4316429
4316740
4317076
4318081
4318475
4322639
4322858
4323341
4323889
4324414
4324979
4325174
4327488
4327587
4328163
4328193
4328288
4328936
4330091
4330800
4331815
4333256
4334052
4334354
4335187
4335313
4335460
4335485
4336327
4337566
4341813
4342661
4346221
4347036
4347080
4347396
4348699
4349827
4350138
4350832
4351199
4352178
4352234
4353299
4353367
4353942
4355402
4355419
4357599
4358890
4359990
4360908
4361397
4361760
4361770
4362314
4362373
4362914
4364152
4366386
4368282
4368421
4370138
4370402
4370791
4371794
4373091
4373346
4373625
4373666
4374010
4374364
4376255
4376426
4377738
4378856
4380730
4382140
4382271
4383663
4383720
4384444
4384531
4385352
4385390
4386972
4388675
4391148
4392660
4393267
4393950
4394419
4394923
4395149
4395921
4397172
4397667
4397751
4398599
4399162
4399443
4401500
4402305
4403325
4403552
4403954
4404403
4406684
4406918
4407784
4410171
4412076
4413894
4414994
4415096
4415765
4418900
4418962
4421111
4422936
4423018
4423413
4425111
4425425
4425760
4427101
4437400
4437482
4437695
4438978
4438981
4439048
4439397
4439891
4440710
4441441
4442707
4442758
4442979
4442984
4443838
4444689
4444928
4445106
4445544
4446096
4447427
4447954
4450532
4451810
4452144
4452275
4452321
4452455
4453071
4453550
4454630
4456388
4457601
4457649
4458079
4458102
4458461
4458784
4460512
4461446
4461676
4462241
4462587
4463508
4464369
4465759
4465772
4465783
4466799
4468136
4468425
4469086
4469881
4470199
4470222
4471153
4471196
4473303
4474080
4474081
4474430
4474597
4476199
4476895
4479623
4484161
4484199
4486121
4486221
4488474
4489165
4490116
4490197
4490375
4490878
4491252
4491482
4492866
4493217
4494571
4495967
4496395
4496772
4497711
4499430
4499792
4499812
4500235
4501034
4502003
4503021
4503150
4504063
4508489
4508652
4509410
4510234
4511114
4511125
4513713
4513808
4514064
4516603
4516786
4517161
4517488
4518349
4520508
4521245
4521328
4521967
4523117
4523450
4525904
4525953
4526612
4527117
4528327
4530630
4531204
4531359
4531829
4532283
4533208
4534249
4534399
4534933
4536925
4537123
4537695
4537984
4538469
4540442
4540443
4540725
4541900
4541915
4543469
4544755
4544771
4545317
4545903
4549382
4549674
4550339
4551261
4551282
4552095
4553328
4553353
4553687
4556084
4556293
4557435
4558143
4559589
4562197
4564012
4564961
4565171
4565965
4566893
4566955
4567464
4567577
4568030
4568333
4568994
4569959
4570018
4570038
4570211
4571692
4572257
4572523
4573298
4573716
4575154
4575285
4577060
4581438
4583591
4585702
4585777
4586654
4587064
4587102
4587531
4589534
4591562
4591604
4591706
4592921
4593544
4593577
4596444
4597379
4597554
4598663
4599213
4599643
4600340
4602620
4604495
4604750
4606582
4606878
4607732
4608647
4610602
4611554
4611842
4612375
4613257
4614295
4615195
4615286
4615584
4615739
4616175
4616534
4617229
4618648
4619604
4619746
4619992
4621212
4622925
4623353
4625099
4625734
4625782
4626663
4627781
4627852
4628479
4629420
4630877
4631061
4635621
4636097
4636182
4636210
4639594
4640335
4641296
4642116
4642620
4643090
4643361
4645733
4648076
4648606
4648958
4650911
4651116
4653090
4653594
4654197
4654835
4655973
4656171
4656452
4656979
4657386
4658122
4658587
4658721
4659027
4659174
4659504
4663362
4663737
4666808
4667389
4668049
4668397
4670416
4670908
4671370
4673781
4674726
4675303
4678942
4680397
4680636
4680831
4681457
4681879
4683973
4684023
4686720
4687096
4689074
4690419
4692353
4692900
4696115
4697293
4698225
4698550
4698813
4699077
4700523
4700589
4702564
4703326
4703681
4703765
4704001
4704869
4705694
4706525
4706702
4707587
4708426
4708741
4710027
4711685
4713271
4715222
4716590
4716597
4717923
4719677
4722556
4722752
4722840
4722983
4724246
4724854
4727456
4727825
4728219
4728679
4731707
4732046
4732280
4732569
4732982
4733059
4733519
4733993
4734736
4736287
4738086
4738383
4739610
4742201
4742385
4745583
4745817
4745925
4746666
4746982
4749137
4750454
4750872
4750960
4752583
4753448
4754609
4755102
4756817
4757684
4758297
4759646
4760586
4763031
4763683
4763771
4764234
4765065
4765872
4766587
4768082
4768182
4768195
4770041
4770280
4770526
4770845
4771611
4773740
4773808
4774444
4774549
4774774
4779993
4780782
4781000
4781465
4781588
4783794
4784064
4785334
4785522
4785702
4785932
4786611
4786863
4787433
4788255
4789034
4790905
4792702
4793165
4793357
4794051
4794956
4795005
4795499
4795610
4795742
4798071
4798467
4799919
4799961
4800097
4800848
4802727
4803651
4804878
4804921
4804969
4805420
4812434
4812736
4812812
4814502
4816803
4817653
4818489
4819534
4819650
4821396
4823311
4824683
4824745
4825270
4826085
4826203
4826996
4828951
4828981
4830957
4830977
4831548
4832267
4833618
4835772
4837427
4837899
4838346
4840231
4840542
4841430
4841712
4842131
4842721
4842860
4844191
4844554
4847323
4848107
4848926
4849297
4850169
4850287
4850892
4851590
4851822
4853223
4853592
4854561
4855158
4855198
4856859
4856865
4856939
4857326
4859665
4859804
4860445
4860900
4860910
4861305
4862480
4864636
4866154
4866168
4867085
4868614
4869640
4869976
4870350
4872118
4872244
4872985
4876079
4876818
4876886
4877980
4879521
4879672
4879738
4882082
4882311
4883310
4883645
4884128
4884798
4884995
4885306
4890612
4890711
4890741
4894304
4895943
4897996
4898108
4898547
4900105
4900232
4900865
4901526
4901653
4903820
4903916
4904112
4905124
4906395
4907554
4907588
4908472
4910112
4911453
4911732
4912193
4912300
4913514
4913840
4914155
4915068
4916182
4916604
4917744
4917793
4920439
4920845
4921367
4924405
4925074
4925433
4927755
4931138
4931258
4931367
4934129
4934422
4934863
4935043
4935930
4936423
4937915
4938184
4938228
4938271
4940368
4940543
4941840
4943030
4943750
4943869
4944349
4945631
4947166
4947293
4947446
4948210
4948362
4949926
4950004
4950398
4951922
4954293
4954645
4955641
4957037
4958394
4959566
4961426
4962559
4962988
4963105
4964358
4965497
4965687
4966081
4966804
4969172
4969489
4970689
4971891
4972123
4972922
4973295
4974390
4974504
4975260
4979365
4979554
4980839
4981552
4982382
4984433
4985536
4985985
4986068
4986696
4988129
4989604
4992892
4995043
4995526
4995973
4997299
4997707
4998722
5000030
5000617
5000982
5000997
5001143
5002795
5006277
5007284
5010304
5011029
5011514
5012914
5014007
5016050
5016092
5016664
5017945
5018338
5019613
5020025
5020116
5021171
5021424
5021425
5022232
5023709
5023893
5026156
5029127
5031674
5032049
5033600
5034191
5036312
5037214
5039504
5039533
5040637
5040644
5041970
5045435
5045927
5046627
5048165
5049328
5050464
5052316
5053584
5053730
5054313
5055416
5055598
5055861
5056359
5057144
5058494
5058682
5059981
5060194
5061010
5061360
5063915
5063923
5065026
5065106
5065881
5065951
5069378
5072363
5073461
5073552
5074504
5074549
5075815
5076484
5077233
5078274
5078749
5079064
5079841
5080839
5082173
5083239
5086082
5087690
5088771
5088979
5089688
5090034
5090135
5091853
5094328
5094592
5095155
5098550
5098967
5099042
5099491
5100462
5101614
5102251
5102499
5104183
5105133
5105150
5105439
5106751
5107463
5107634
5107644
5107912
5108291
5108435
5108873
5110323
5114122
5115041
5116934
5117900
5118243
5119667
5120028
5120801
5120899
5120912
5122114
5122791
5123537
5124336
5126049
5128012
5128062
5132822
5133097
5133175
5133665
5136052
5136094
5137304
5139228
5139881
5141910
5144492
5144748
5145787
5146862
5148130
5149190
5150432
5152601
5153694
5153953
5155892
5156803
5156901
5157668
5158723
5159042
5160405
5164215
5164994
5166468
5167520
5167539
5168299
5169071
5172005
5173098
5173454
5174033
5174116
5177523
5177825
5177939
5178757
5179188
5180260
5181222
5182066
5182896
5183345
5183508
5184109
5184944
5186118
5186774
5187167
5188389
5188838
5190658
5191022
5191471
5192714
5192967
5194605
5195158
5195869
5196583
5196750
5196832
5197414
5197452
5197505
5197656
5198919
5199776
5199897
5200643
5203309
5203681
5204192
5204777
5205524
5205853
5205997
5207076
5209312
5211051
5211452
5211496
5212065
5212519
5212937
5214751
5215363
5215604
5216562
5219166
5219717
5220140
5221571
5221734
5222754
5223501
5228722
5230429
5233594
5234448
5235290
5236339
5236921
5238456
5238911
5238988
5240027
5240196
5241681
5242500
5245015
5245059
5245584
5247543
5248479
5249709
5249927
5249941
5250038
5250733
5251863
5252227
5252733
5254218
5254383
5255054
5255214
5257792
5259419
5260045
5260615
5260868
5262444
5264709
5265840
5265849
5266078
5266348
5267868
5268103
5268374
5268458
5269199
5270919
5271497
5271948
5272961
5273884
5274884
5276289
5278273
5278859
5279024
5280752
5281376
5283158
5284065
5284497
5284516
5287041
5287203
5287208
5290059
5290241
5290758
5292919
5293704
5293972
5293979
5295095
5296202
5297091
5298582
5300725
5301702
5302525
5302612
5302763
5303190
5306396
5307568
5312208
5314128
5314300
5314830
5316067
5316122
5316693
5317573
5318390
5318432
5320607
5321893
5322856
5325342
5326446
5327577
5328978
5329497
5330020
5330145
5330288
5331861
5336161
5338296
5338516
5339150
5340226
5340985
5342508
5345208
5348212
5348624
5349330
5350339
5351002
5351140
5351347
5352888
5353602
5354261
5354324
5355025
5355810
5356036
5356140
5356715
5356874
5357300
5357477
5359176
5360126
5360814
5360821
5361427
5361595
5362788
5364246
5366465
5366592
5367140
5368287
5369015
5369093
5369288
5370360
5372031
5372688
5373289
5373480
5374137
5374902
5376293
5376682
5376945
5376959
5377255
5377623
5378736
5380355
5383588
5385425
5385917
5386371
5388338
5390061
5390882
5394702
5394804
5394996
5395630
5396954
5397048
5399282
5401199
5401826
5402189
5402494
5402935
5403252
5404802
5405626
5406738
5407668
5407699
5407867
5410517
5411310
5411772
5413399
5414822
5415399
5416827
5417249
5419648
5422159
5422479
5422680
5425080
5427237
5427641
5428141
5428535
5431286
5431543
5431865
5433278
5434830
5435681
5435911
5436703
5437965
5439467
5439475
5440168
5442102
5443047
5443448
5444197
5445342
5445468
5445516
5445799
5446826
5447347
5447917
5448304
5448764
5449491
5451740
5451786
5452972
5453511
5454681
5455779
5455979
5457110
5458360
5461576
5461627
5461878
5462402
5463053
5463134
5463331
5463763
5464960
5466262
5466336
5466662
5466803
5467835
5468070
5468629
5469519
5469982
5470175
5471344
5472286
5472929
5473084
5475988
5477025
5477933
5478048
5478964
5479015
5479707
5481494
5482207
5482866
5484805
5486096
5487164
5488138
5489425
5489574
5489658
5490900
5490985
5491099
5493041
5494773
5495912
5495988
5498478
5499595
5499900
5500091
5500227
5500247
5500380
5502928
5503597
5504483
5506767
5506774
5506788
5507153
5507465
5509354
5509854
5509974
5510409
5512191
5512793
5512945
5514095
5514290
5514304
5516586
5519481
5519716
5520722
5520792
5521100
5522260
5523846
5524442
5524578
5525080
5525697
5525746
5526056
5526186
5528136
5530901
5533051
5534208
5534592
5535335
5535858
5536158
5536339
5537707
5539012
5540618
5542659
5542738
5543848
5544050
5547611
5548049
5549546
5549806
5551891
5552274
5553228
5553241
5553705
5555905
5556914
5556982
5558150
5560285
5561626
5561739
5562524
5566251
5566366
5566694
5569480
5570337
5570568
5570772
5572514
5572884
5573733
5575337
5575949
5576540
5576689
5576905
5576995
5577361
5577401
5577594
5578537
5578820
5579355
5579630
5579673
5580450
5581620
5583499
5584252
5585647
5586198
5586446
5586924
5587080
5587908
5589136
5591546
5591749
5591848
5592826
5593477
5593516
5593640
5594027
5594245
5594688
5596107
5596539
5597201
5597296
5597342
5597349
5597713
5598903
5599788
5601027
5601828
5603424
5604972
5605130
5605131
5606852
5608718
5608868
5611252
5611502
5612475
5613693
5613811
5614641
5614686
5614948
5615081
5617211
5617326
5619138
5620056
5622633
5622728
5624768
5625546
5629542
5629796
5630515
5631324
5631658
5633202
5633437
5633701
5634415
5634475
5636191
5636677
5637153
5638157
5638771
5639601
5640131
5641821
5644159
5646324
5647653
5649339
5649930
5650194
5650392
5654497
5654570
5657681
5658799
5659045
5660916
5661069
5661431
5662409
5663078
5663201
5663924
5667869
5667988
5668176
5669308
5671041
5672868
5675739
5676164
5676601
5677433
5678455
5679637
5679732
5679878
5682915
5683134
5683460
5683857
5684205
5684499
5684984
5685115
5686093
5686943
5687055
5687121
5688583
5691197
5692234
5692708
5692914
5693199
5693386
5693803
5695232
5696214
5696910
5697044
5697520
5697583
5698616
5699624
5699852
5701479
5702439
5703953
5706419
5707234
5708748
5708912
5709339
5709371
5709512
5710361
5710394
5711418
5713619
5715684
5715775
5716749
5718128
5718891
5720097
5720643
5721554
5721587
5722971
5723888
5724057
5726269
5726390
5726947
5727250
5727665
5727911
5728756
5729940
5730553
5730781
5731064
5731690
5732214
5734075
5734367
5734766
5735141
5735804
5736025
5736418
5736420
5736438
5737015
5738512
5738898
5739418
5741833
5742912
5743741
5744142
5744861
5745033
5746796
5748251
5749758
5751418
5752468
5752556
5754197
5754308
5754396
5754662
5754712
5755095
5755574
5757285
5757922
5759713
5759964
5760738
5762783
5762942
5765131
5765356
5765623
5768258
5769078
5769223
5769768
5770310
5771434
5771958
5772070
5774194
5774389
5775712
5778879
5781356
5781451
5782315
5785445
5786057
5788612
5791576
5792504
5795742
5796307
5796484
5797028
5797906
5798761
5798807
5798944
5800825
5802555
5803439
5805112
5805867
5807035
5807469
5808312
5809640
5809702
5810879
5811535
5811723
5811738
5812024
5813358
5813876
5814037
5814129
5818785
5818815
5819490
5821340
5821393
5821760
5822148
5824745
5825610
5828376
5828578
5829002
5829467
5833920
5835663
5836026
5838386
5838456
5838603
5839398
5839495
5841086
5841107
5842080
5842142
5843004
5844232
5845950
5846114
5846249
5847719
5848601
5848642
5848856
5849796
5854110
5855305
5856013
5856165
5857203
5857319
5860125
5861583
5863759
5864490
5864696
5865803
5867044
5868374
5869502
5870996
5872652
5875004
5879532
5879951
5880430
5880657
5881492
5886425
5886514
5886753
5886832
5887226
5887584
5887856
5888795
5889127
5892396
5892643
5894881
5895620
5896887
5896933
5899884
5899963
5901189
5902021
5904326
5904506
5904658
5906245
5906500
5906799
5906831
5907437
5911106
5912736
5914252
5914283
5916769
5916945
5917683
5917798
5918717
5919091
5920297
5921191
5921538
5924537
5925201
5925380
5926664
5927188
5927335
5927660
5928590
5932083
5933444
5935580
5935735
5936925
5937420
5938270
5938817
5939999
5941003
5942269
5942974
5944125
5944535
5944597
5946190
5953275
5955697
5956158
5956779
5956874
5956980
5957402
5958632
5959527
5960441
5960925
5961598
5961717
5963226
5963454
5966690
5966805
5968784
5968919
5969072
5972628
5974069
5975009
5975440
5975813
5976694
5976838
5977457
5978006
5978356
5978794
5979627
5980007
5980447
5981350
5981655
5982277
5983361
5983882
5984679
5984745
5985537
5986404
5990426
5991145
5991298
5991549
5992161
5992629
5993135
5993425
5995946
5997992
5998105
5998270
5999478
6000716
6000769
6001837
6002966
6003299
6003564
6003760
6004889
6005961
6006113
6006640
6006947
6007973
6008299
6008988
6009941
6010052
6010679
6010733
6011257
6011976
6012539
6014768
6015372
6015993
6017038
6017137
6017558
6017763
6019841
6020300
6020724
6020762
6021504
6024436
6025423
6026559
6029150
6030251
6031066
6031804
6032831
6033057
6034267
6034267
6034839
6035560
6036571
6037195
6038265
6038674
6039194
6039682
6039797
6041137
6042253
6042831
6044251
6045352
6047160
6048026
6048056
6048168
6048603
6048839
6048848
6053073
6053074
6053960
6054044
6054382
6054972
6056826
6056990
6057146
6057156
6059178
6059588
6061223
6061272
6061868
6061904
6063020
6065152
6065551
6065775
6066260
6069027
6069573
6072019
6073259
6073639
6079836
6081382
6081580
6082378
6082831
6084307
6084592
6085652
6086293
6087781
6088269
6089151
6089573
6095230
6095444
6095710
6096403
6101555
6102219
6102785
6103322
6103471
6103483
6103661
6103990
6104768
6105403
6105731
6105899
6106760
6107629
6109096
6109731
6109752
6110258
6111669
6111832
6112524
6114961
6115243
6116250
6116664
6117449
6117507
6119779
6121787
6125485
6125532
6125670
6126513
6126730
6129056
6129753
6130440
6130890
6131268
6131767
6132419
6132721
6133452
6133554
6134149
6134752
6135930
6136942
6137818
6139873
6140887
6142320
6142444
6143570
6143581
6144751
6145481
6146328
6148194
6149442
6149728
6149759
6149814
6150062
6150638
6151338
6154241
6156981
6157196
6157516
6157647
6157737
6158962
6159281
6161896
6162358
6163081
6163467
6164588
6164625
6165545
6165834
6166035
6166084
6168485
6170061
6170215
6170701
6171816
6171851
6172048
6172633
6172977
6173331
6173758
6174582
6174643
6176190
6178756
6180627
6181420
6182015
6183347
6183415
6184449
6185307
6188198
6188777
6190881
6191265
6191363
6192076
6192577
6193008
6193107
6194533
6197424
6199634
6201132
6201140
6201228
6201564
6202051
6202105
6204635
6204978
6205242
6206617
6207027
6207065
6207355
6210438
6211212
6212789
6213062
6214404
6217068
6218015
6218212
6220495
6220719
6220891
6221208
6221237
6221543
6221812
6222491
6223607
6227896
6228792
6229373
6229560
6229599
6230169
6231023
6231723
6234698
6238349
6241856
6241961
6242373
6242618
6243804
6244063
6246919
6246960
6247742
6248111
6249426
6249817
6250327
6250644
6250670
6251807
6252893
6254532
6255166
6255358
6255824
6256093
6257719
6259313
6259366
6260551
6260871
6260889
6262534
6262790
6263986
6265543
6266697
6267312
6267597
6269248
6269479
6269746
6269859
6270442
6270632
6270783
6271842
6272383
6273031
6274081
6274116
6274622
6274692
6275084
6275769
6276506
6276924
6277115
6277741
6278568
6278979
6280742
6280871
6281213
6281746
6282534
6283057
6283073
6283106
6283371
6285426
6287379
6287863
6288521
6291238
6292689
6292730
6296714
6297382
6298343
6299215
6300040
6300238
6300710
6301726
6301838
6303413
6304265
6304378
6304776
6305061
6307793
6308415
6308993
6309379
6311887
6311904
6312099
6312379
6314350
6315312
6315821
6316065
6316193
6316996
6317277
6318114
6318176
6319000
6321655
6321745
6322467
6322470
6323445
6325008
6325140
6326058
6327465
6327702
6330961
6332427
6332556
6332599
6334296
6334878
6335615
6335932
6336161
6336283
6337997
6338900
6339336
6339555
6340419
6340888
6342190
6342591
6343127
6343368
6343690
6343731
6344736
6348031
6348824
6349649
6352883
6354251
6355232
6357819
6358124
6358363
6359286
6360111
6360802
6361331
6362452
6363218
6363300
6363940
6363977
6363978
6366290
6367783
6369512
6370408
6372450
6372876
6373031
6373476
6373540
6374206
6374716
6374849
6374868
6374983
6376481
6376617
6376801
6378386
6379255
6379303
6381779
6381833
6382168
6383811
6383830
6384371
6384654
6385649
6385704
6387625
6387759
6387845
6387957
6388015
6389028
6389870
6390367
6390991
6392669
6393065
6393556
6393658
6394506
6394798
6395102
6395840
6395841
6396879
6398338
6399567
6401796
6404069
6404738
6405327
6405693
6406210
6406288
6406461
6408315
6408982
6410173
6411817
6412034
6412441
6414944
6415377
6416893
6417095
6417471
6418128
6418272
6418385
6419902
6422592
6425524
6426362
6427411
6427899
6430238
6432861
6434468
6434564
6435502
6435546
6436615
6437286
6438795
6439082
6441670
6441683
6443425
6445524
6446721
6447365
6448636
6450717
6452946
6453907
6454617
6455544
6455581
6455957
6456148
6456535
6457549
6458127
6459687
6460184
6460652
6461242
6461745
6462576
6462837
6462886
6463190
6463634
6464035
6464537
6464738
6465020
6466295
6467522
6468398
6468625
6468993
6470610
6471205
6473107
6473683
6473766
6476500
6477209
6478945
6480474
6481579
6482005
6482097
6482104
6482367
6485032
6485202
6485227
6485430
6485504
6485619
6485822
6487158
6487320
6487404
6487728
6487734
6487779
6487939
6490374
6491933
6491934
6492308
6493415
6496208
6496485
6496607
6496942
6498172
6499288
6500221
6500564
6500642
6502815
6503406
6504529
6504559
6504837
6505982
6508460
6508753
6509080
6509822
6511992
6513769
6514336
6515974
6516335
6516352
6516628
6520079
6520279
6521282
6522324
6523939
6525596
6527282
6527964
6528366
6528383
6528507
6528788
6529664
6530073
6530605
6531830
6533717
6533828
6534791
6535638
6536980
6537317
6537654
6537914
6538038
6538076
6540297
6541416
6542129
6542567
6543581
6547793
6548297
6548885
6549348
6549724
6550016
6550075
6551067
6551110
6552717
6553976
6554137
6554371
6555775
6555799
6555873
6556042
6557102
6562422
6564174
6564853
6565067
6568099
6568684
6569886
6570188
6570570
6570939
6571500
6573653
6573908
6575090
6575430
6576538
6576539
6577047
6578112
6578273
6579432
6580127
6580179
6580789
6582077
6582478
6583787
6586108
6586279
6586495
6587387
6587461
6587718
6591068
6592536
6593477
6594146
6594208
6595234
6596728
6597189
6599978
6600940
6604476
6605197
6605623
6605648
6606058
6606391
6608109
6611712
6612682
6613696
6616171
6618000
6618372
6618610
6619667
6620296
6620545
6621163
6622540
6622545
6623899
6623939
6625399
6626364
6627862
6629048
6629699
6630084
6630094
6631202
6631379
6632049
6632164
6632582
6633452
6634327
6635083
6635517
6635707
6636773
6637827
6638815
6638982
6639046
6641304
6643500
6644060
6644237
6644558
6645053
6645449
6645478
6646586
6646899
6647162
6647299
6649200
6650008
6650946
6651087
6651612
6653701
6654449
6654474
6654729
6654823
6654909
6655371
6655435
6657550
6657768
6658074
6658675
6658836
6660312
6660613
6664261
6664858
6665011
6666374
6667049
6667330
6667470
6667584
6668359
6668944
6669378
6669605
6670525
6673098
6674256
6674948
6678108
6679886
6680160
6680750
6681069
6681072
6681778
6683941
6683988
6685996
6686917
6690908
6691183
6692104
6692114
6692201
6694383
6695020
6696423
6696628
6697241
6698017
6699364
6699583
6700568
6702185
6703113
6703908
6704604
6704742
6705264
6706211
6706701
6707033
6707184
6707529
6707803
6708891
6709321
6709723
6709799
6710275
6711375
6711387
6711537
6712275
6713352
6714029
6717859
6718588
6718777
6719738
6721021
6722066
6722185
6723817
6724346
6725140
6725717
6726778
6727712
6728261
6728918
6732076
6732392
6734205
6734415
6734487
6736736
6739078
6740908
6741781
6742086
6743337
6744511
6745341
6745399
6746976
6748584
6749273
6751208
6752704
6753210
6754201
6754535
6756635
6756787
6757570
6758009
6758685
6759755
6760815
6760963
6763485
6763648
6763732
6763938
6765052
6765055
6766097
6767789
6767838
6769237
6770186
6770603
6771661
6772053
6772528
6773367
6773601
6774295
6775410
6776289
6776380
6779832
6780034
6780654
6781892
6783781
6785620
6785774
6785869
6786574
6787094
6787273
6789297
6790424
6790511
6790648
6790850
6791078
6791762
6792249
6792791
6793405
6793654
6799091
6800156
6801617
6801759
6802602
6804458
6804644
6808277
6809025
6809248
6810128
6810823
6811566
6811721
6811953
6812021
6812890
6813717
6814190
6814298
6815713
6818500
6819704
6821718
6823395
6826147
6826426
6826852
6827285
6827582
6827637
6828082
6828235
6828735
6829434
6829486
6829614
6829650
6833003
6833399
6833440
6834633
6834859
6834981
6836136
6836981
6838232
6838556
6838613
6838865
6839456
6840629
6843274
6843751
6845374
6847019
6847313
6848315
6848784
6850009
6850516
6851258
6851629
6851757
6852476
6856180
6856542
6858494
6859305
6859827
6861100
6861693
6862162
6863934
6864521
6865210
6865952
6866288
6866418
6867026
6868362
6869258
6869536
6869596
6870700
6870713
6871106
6873835
6874817
6875058
6875287
6875641
6875692
6876572
6877272
6878041
6878428
6878701
6879528
6880374
6881516
6881619
6883374
6884952
6886078
6886190
6887709
6888499
6889131
6892347
6894012
6894232
6894682
6894801
6894974
6896020
6896769
6897453
6899423
6899836
6899997
6900447
6901831
6903214
6904279
6904544
6905711
6905824
6906184
6906398
6906933
6909732
6910606
6910990
6911606
6913830
6914320
6915001
6915667
6916028
6920907
6921987
6922040
6922659
6923118
6924438
6924961
6925309
6925468
6926073
6926102
6926828
6927386
6929293
6929495
6930264
6931310
6931735
6932001
6933652
6934854
6935217
6935611
6935948
6936123
6936238
6937017
6937440
6938403
6938657
6938789
6938805
6940356
6941196
6941906
6943169
6943378
6944225
6944747
6945210
6945829
6946944
6947734
6947837
6947843
6948251
6949421
6950402
6950457
6951018
6951314
6954231
6955028
6955625
6955713
6959118
6959283
6959492
6960945
6964541
6964840
6965740
6966310
6966817
6967092
6967277
6968926
6969488
6969996
6970320
6971421
6971958
6972715
6973403
6974424
6974858
6975917
6976342
6976469
6977747
6978448
6978487
6978766
6979138
6979716
6980011
6981740
6982439
6982440
6982606
6983911
6983987
6984536
6984562
6985501
6986526
6986912
6987056
6990797
6991193
6991532
6992168
6992182
6995778
6998236
6998757
6999818
7000604
7000616
7000984
7004577
7004712
7006543
7007022
7007217
7008178
7008227
7008790
7008896
7008917
7009743
7012810
7012845
7012974
7013571
7013698
7014952
7016704
7017180
7017267
7019199
7019270
7020411
7020522
7021691
7022073
7023038
7023890
7024993
7025667
7025832
7025938
7029181
7029225
7031565
7032065
7033657
7033773
7034073
7034501
7035108
7035248
7035285
7035390
7035442
7037972
7039298
7039415
7039660
7040182
7040657
7041485
7042931
7043564
7043676
7044342
7044834
7046156
7046385
7046413
7048076
7048565
7048930
7049518
7049595
7051864
7052719
7054167
7054941
7059483
7059597
7060610
7063310
7063578
7064451
7065500
7065692
7066460
7066938
7067218
7067720
7067943
7070610
7070827
7071775
7072056
7073079
7073431
7074733
7077784
7078706
7078747
7079973
7080176
7082423
7085344
7085904
7088613
7089795
7089951
7089958
7090461
7091141
7093094
7093380
7093673
7093891
7093936
7094521
7096463
7098281
7099363
7100516
7100759
7100958
7101171
7101400
7101446
7102057
7102210
7102395
7103748
7105401
7107247
7107381
7110315
7110647
7110900
7111397
7111886
7113653
7114129
7114985
7115889
7116269
7116388
7116661
7117398
7119313
7120255
7122807
7123616
7123808
7123893
7124951
7125104
7125111
7125642
7127938
7128039
7128123
7129032
7129185
7129552
7130571
7130637
7137890
7138213
7138235
7138310
7139456
7140666
7140798
7140888
7145053
7145729
7146129
7147022
7147772
7148236
7151114
7152022
7153189
7153668
7154227
7154691
7155279
7155483
7155808
7155989
7156694
7159404
7160013
7160997
7162771
7163140
7163448
7164782
7165922
7168102
7168141
7168217
7169384
7169694
7173702
7174186
7175320
7177726
7177734
7177801
7178464
7179151
7180115
7180362
7181834
7182390
7182743
7182975
7183135
7183177
7183658
7183853
7184054
7184658
7185516
7185850
7186757
7188270
7190484
7191816
7192140
7192332
7193226
7195219
7197139
7197686
7197947
7198599
7199410
7201572
7202048
7204542
7206251
7207191
7208126
7209609
7209686
7209905
7210125
7212083
7212834
7217744
7218480
7218888
7219113
7219524
7219671
7219806
7220271
7220633
7220775
7220809
7221534
7221848
7222645
7222815
7223615
7223862
7224691
7225256
7225262
7225811
7226576
7228474
7229716
7230582
7230865
7232271
7232999
7233082
7234263
7234606
7236519
7237331
7239075
7240389
7240581
7242332
7242687
7242707
7243511
7243890
7243919
7244592
7247347
7248911
7250153
7250433
7251073
7251096
7251351
7251508
7252073
7252321
7252356
7252959
7253924
7254126
7254354
7254372
7254827
7256454
7256933
7257086
7257346
7258859
7258873
7259033
7260883
7260890
7263074
7263306
7263659
7263942
7264103
7267156
7267825
7267931
7268800
7269552
7269886
7270313
7270679
7271842
7272928
7273415
7273875
7276265
7276597
7277745
7278027
7279442
7279513
7279941
7280355
7282029
7282326
7283590
7284804
7286386
7286799
7288925
7289563
7289690
7294382
7294450
7295547
7296782
7296796
7296939
7297340
7298232
7299461
7299890
7300379
7300424
7301296
7301620
7301939
7303062
7303925
7304833
7304850
7305079
7305909
7307108
7308692
7310480
7310785
7311619
7312038
7312774
7314322
7315425
7315541
7315642
7316059
7316403
7320007
7321877
7323037
7323828
7325673
7326496
7326832
7326881
7327248
7327849
7327895
7330687
7331084
7331741
7333438
7333955
7334588
7335322
7335616
7337653
7337721
7338126
7338483
7341462
7342430
7342527
7344473
7344863
7345052
7345103
7345148
7345666
7346071
7346775
7348740
7350582
7353918
7354839
7355245
7357415
7357886
7360261
7361045
7362799
7363606
7364498
7365249
7367006
7367121
7367529
7368231
7369773
7372902
7373633
7373826
7374059
7374820
7376408
7376901
7379624
7379923
7380165
7380249
7381018
7381179
7381317
7382836
7383088
7385500
7386103
7387101
7387961
7388077
7388425
7389316
7389802
7390599
7390752
7392478
7394159
7394441
7394789
7395323
7395778
7397241
7397361
7399393
7402853
7403808
7403960
7404213
7405228
7405813
7406700
7406823
7409313
7410338
7411233
7411368
7413574
7413699
7414058
7414427
7414501
7414732
7415016
7415922
7417287
7417463
7418619
7419105
7420054
7420254
7420594
7421145
7421162
7423164
7423815
7424832
7425184
7426418
7426618
7427080
7430614
7432768
7433344
7434228
7434228
7434639
7435510
7435526
7435693
7436636
7437030
7438274
7439028
7439198
7439221
7439880
7442657
7443245
7444221
7444936
7445609
7446182
7448326
7450384
7450415
7450746
7451614
7451875
7452169
7453929
7456156
7457401
7458039
7458298
7459054
7461433
7462445
7463920
7464399
7464907
7465523
7466580
7466918
7467425
7467934
7470116
7470320
7472983
7473033
7473976
7475352
7477220
7479028
7479069
7479549
7480859
7481036
7483947
7484193
7484661
7484980
7486506
7486602
7487992
7488664
7489730
7490972
7492238
7492258
7493690
7493759
7495566
7495811
7497188
7498028
7498583
7498797
7499589
7499612
7501640
7502374
7504383
7505040
7505349
7505633
7506617
7507040
7509343
7510946
7511328
7515066
7515689
7516149
7518509
7519809
7520728
7521352
7522144
7522242
7522612
7524215
7525975
7527365
7527830
7528237
7528884
7529127
7529333
7530209
7531738
7533255
7533948
7535479
7535692
7536281
7536323
7539299
7539365
7539790
7540325
7542465
7542590
7543662
7543849
7543948
7544256
7544344
7544729
7545563
7546946
7547238
7548192
7549280
7549888
7550184
7551025
7552275
7552330
7553841
7554321
7555275
7555832
7555994
7556016
7559217
7559907
7560021
7560313
7561339
7562354
7562636
7565476
7565762
7565980
7566582
7567054
7568307
7569581
7570391
7570741
7571340
7572420
7574500
7576667
7576763
7577687
7577723
7578474
7578949
7579021
7579607
7580919
7582424
7583890
7583930
7584738
7585837
7585954
7586987
7588025
7588371
7588955
7589597
7589728
7591403
7591448
7591845
7593799
7595822
7595826
7596659
7596839
7597047
7599138
7600587
7601316
7602369
7603843
7604684
7606345
7606982
7608323
7608978
7609019
7609161
7609299
7611387
7611407
7612672
7612750
7612862
7614322
7615709
7615787
7615799
7616288
7616524
7616674
7616781
7618213
7622747
7624204
7624413
7624870
7627831
7629251
7629344
7629649
7630560
7630603
7633290
7634724
7634784
7637969
7638125
7641419
7641458
7643770
7644383
7645044
7645096
7646443
7648141
7648804
7650703
7651609
7651760
7652503
7653210
7654071
7657708
7660250
7661295
7661893
7662855
7664104
7665293
7666275
7667953
7668974
7669205
7669345
7670455
7670694
7671668
7671729
7671794
7674624
7674836
7674838
7678371
7678454
7678646
7678927
7679293
7679579
7679908
7682475
7682979
7683756
7684227
7684293
7685066
7685294
7687478
7688466
7688994
7690219
7690416
7691064
7691460
7691642
7691744
7692436
7693448
7693703
7694141
7694848
7696833
7696906
7698911
7699563
7699971
7700965
7701674
7702058
7703010
7703547
7703914
7704565
7704640
7705797
7706809
7708201
7708948
7711229
7712215
7712837
7712984
7714356
7717702
7718851
7718853
7719608
7720079
7720198
7721020
7721080
7721793
7722878
7723419
7724112
7724511
7724634
7725107
7726015
7727064
7727649
7729964
7731500
7731913
7734253
7734267
7737375
7739216
7739597
7739827
7740692
7741267
7741724
7742783
7743192
7746860
7747221
7747523
7747577
7747865
7748751
7748999
7750802
7751324
7751353
7752905
7753242
7754664
7756452
7756465
7757740
7757943
7758588
7760756
7764768
7765176
7766190
7766953
7767114
7767415
7771094
7771200
7773345
7773589
7774043
7776692
7777992
7778215
7781041
7782180
7783791
7784951
7786126
7786859
7787286
7788981
7789880
7790299
7791181
7791341
7792015
7793323
7793557
7794026
7796077
7797861
7798405
7798744
7803434
7805127
7806381
7806724
7806748
7808052
7809468
7812445
7813603
7818411
7818450
7820765
7822321
7823485
7824527
7825242
7826125
7827034
7828094
7828571
7829479
7830079
7831031
7831753
7834624
7836110
7836373
7837826
7838234
7838727
7840339
7840361
7842217
7843356
7845035
7846448
7846956
7846979
7846996
7848946
7849445
7849487
7851277
7852211
7852580
7853773
7855127
7855317
7856445
7856896
7856995
7859737
7859797
7860276
7863130
7865321
7865686
7866289
7867302
7868391
7868495
7869047
7869583
7870003
7871252
7871339
7873251
7873630
7876439
7877210
7877526
7877555
7879414
7879519
7881287
7881289
7881843
7882938
7884806
7885245
7887012
7887931
7888969
7889148
7889747
7890106
7891270
7892100
7893373
7893645
7893877
7894804
7894839
7894853
7895629
7895975
7896568
7897204
7899120
7899897
7901025
7901695
7901901
7902287
7902602
7905203
7906405
7906485
7907820
7908852
7908947
7909732
7909841
7910727
7911356
7911552
7912357
7912360
7912457
7912997
7913025
7913045
7913474
7915559
7916263
7916458
7917023
7917227
7917758
7918023
7918419
7920938
7921779
7922857
7922906
7925148
7925520
7926702
7928987
7929993
7930134
7930408
7931259
7931294
7932009
7932953
7934151
7934499
7936298
7936382
7936895
7937874
7938176
7938445
7940989
7942929
7942979
7944920
7946123
7946187
7947218
7947889
7949364
7949837
7950308
7951020
7951507
7951933
7952211
7952771
7953615
7954752
7955384
7955694
7956119
7956382
7957218
7957286
7957705
7959778
7960628
7961197
7961907
7962175
7963667
7965499
7965556
7966584
7968927
7969290
7969959
7970788
7973056
7973300
7975840
7976087
7976683
7978372
7978443
7978748
7980798
7981207
7981847
7983218
7984778
7984867
7984881
7985064
7985103
7985958
7987501
7987795
7990004
7990158
7991857
7993054
7996335
7996855
7997038
7997281
7998199
7998579
7998949
7999151
7999605
8003409
8003754
8004045
8004863
8005516
8007646
8009656
8012939
8013342
8013788
8014161
8014494
8014607
8015737
8020493
8020694
8021286
8021365
8021469
8021622
8021774
8023500
8023588
8025877
8026273
8026299
8027148
8027361
8028752
8028853
8029835
8030040
8030620
8032739
8033062
8033897
8034713
8035179
8035340
8036600
8036984
8037035
8037270
8037902
8038012
8038350
8039163
8039309
8039378
8040424
8040582
8041314
8041584
8042750
8043325
8043329
8044339
8044502
8044699
8045188
8046363
8046393
8047581
8047831
8048655
8049206
8049843
8050679
8051053
8052082
8052357
8052771
8054369
8055423
8059286
8060114
8061633
8061941
8062041
8065903
8066536
8066815
8066996
8070739
8072343
8075160
8075266
8075955
8076533
8077009
8077380
8077515
8077559
8077627
8079246
8079560
8081065
8081202
8081794
8082000
8082142
8082311
8083552
8084084
8084385
8085998
8086117
8087230
8087292
8088273
8089296
8089536
8090037
8091034
8091056
8091299
8093450
8093500
8094017
8094234
8094513
8094983
8095174
8095942
8096109
8096522
8096600
8097835
8097836
8099881
8100858
8102375
8102750
8107266
8107741
8107829
8108305
8108412
8109845
8110535
8110766
8112147
8112421
8112524
8113056
8113389
8113693
8113870
8113978
8115056
8116554
8117467
8118434
8119228
8119650
8120425
8121278
8121972
8123463
8125487
8127045
8128161
8128245
8128953
8131682
8133397
8133698
8133901
8135136
8137706
8138425
8139666
8140531
8140923
8141672
8141763
8144331
8145370
8146453
8146458
8148412
8149014
8149483
8150178
8150202
8151185
8151722
8151836
8151885
8153027
8154552
8154813
8155728
8155983
8156333
8156943
8157289
8158058
8158103
8158746
8159386
8160512
8160678
8163612
8164704
8166449
8167790
8168064
8168792
8169415
8170480
8170483
8170708
8172880
8173756
8173782
8176070
8176701
8180168
8182349
8182467
8184155
8184865
8185287
8185528
8186667
8186968
8193653
8193665
8195024
8195368
8195977
8196878
8197171
8197259
8197498
8197545
8198496
8198573
8199341
8199636
8199655
8199991
8200484
8202011
8202176
8202811
8203439
8206283
8206613
8209263
8209602
8209623
8209853
8211735
8212206
8213545
8213549
8214223
8214767
8215598
8216361
8216778
8217015
8218369
8218706
8218992
8220063
8220733
8220959
8221910
8222186
8222647
8224886
8226994
8228030
8228409
8229298
8230428
8230611
8230665
8231998
8232575
8232834
8234586
8234785
8234969
8235255
8236469
8242719
8243924
8244763
8246220
8247065
8247099
8247784
8248290
8248521
8248637
8248975
8249158
8249916
8251047
8251917
8252912
8253327
8253999
8254204
8255396
8258269
8258879
8259082
8260158
8260199
8260462
8262139
8264714
8265370
8265632
8267509
8268924
8269002
8270536
8270607
8270715
8271943
8273282
8273666
8273723
8276545
8277486
8277704
8277960
8279498
8280206
8280527
8282557
8283063
8283338
8284284
8284463
8285784
8285883
8286425
8290197
8290506
8290733
8294639
8295527
8296855
8298682
8299730
8300714
8301384
8301387
8302120
8304004
8305556
8305635
8306039
8306339
8307761
8307855
8308524
8310940
8311850
8314272
8316581
8316854
8317903
8318043
8318201
8321592
8321818
8324149
8324450
8324767
8327317
8327513
8330040
8331805
8331895
8331943
8331957
8331970
8332379
8332866
8333765
8334329
8334718
8335190
8336396
8338381
8338424
8338514
8345666
8346075
8346693
8346970
8347402
8348510
8349116
8351040
8351091
8351569
8351816
8352641
8355066
8357070
8357241
8358111
8358737
8359121
8359141
8359697
8360143
8360187
8362725
8363802
8364141
8364557
8364745
8364947
8365334
8365404
8365910
8365938
8366340
8367980
8368441
8371176
8371398
8371444
8371952
8372094
8372722
8375159
8375580
8377740
8378085
8379653
8380570
8380762
8381065
8381370
8382046
8382261
8383297
8386007
8387021
8389499
8390693
8391194
8392427
8393033
8394947
8395061
8396192
8396670
8397096
8399025
8399187
8403209
8403672
8403940
8403986
8404662
8405028
8408221
8409307
8410734
8411001
8411040
8412277
8416971
8417164
8418552
8418590
8419643
8419801
8420347
8420832
8420964
8421455
8421902
8425298
8425493
8425614
8425675
8425970
8427906
8428124
8428207
8429094
8429619
8430427
8431079
8431476
8432799
8433260
8435549
8436670
8437730
8438189
8438771
8438860
8438885
8439535
8439778
8440223
8442735
8444742
8444881
8445093
8445512
8446489
8448097
8448106
8448632
8449389
8449615
8450373
8451798
8452111
8452135
8452284
8452766
8456448
8458922
8460427
8460737
8461339
8462033
8462115
8463276
8463368
8464273
8464853
8465239
8465762
8467083
8468184
8468957
8469631
8470114
8470463
8471007
8471908
8471986
8473837
8474313
8474445
8474781
8478031
8479573
8479842
8480405
8480690
8481500
8482326
8484004
8484913
8485034
8485252
8485464
8485904
8486529
8486977
8487764
8488392
8489796
8490453
8494304
8495089
8495197
8495552
8497338
8499177
8499520
8501863
8502478
8502617
8505659
8505702
8506061
8507349
8509292
8511059
8511726
8512482
8513259
8515485
8515859
8515935
8516807
8517073
8517751
8518718
8520888
8522149
8526937
8529632
8530047
8530618
8531461
8533887
8534453
8534541
8534831
8535397
8537395
8537474
8539585
8544798
8545813
8546318
8546556
8547089
8547346
8547848
8548348
8549855
8550293
8550296
8551225
8552210
8553271
8553714
8554963
8557334
8557830
8558424
8558565
8558674
8559274
8559621
8560000
8562255
8562376
8564214
8564512
8564865
8565898
8567209
8568392
8568401
8568444
8568713
8569529
8570286
8570301
8571411
8571886
8572411
8573044
8573174
8574410
8574992
8575370
8575801
8576782
8577675
8578626
8579224
8580158
8580296
8582371
8584433
8585075
8585262
8585289
8585752
8586807
8587785
8589350
8589831
8593373
8593377
8594968
8596094
8596527
8596927
8597870
8598401
8598604
8598804
8599019
8599019
8601130
8601409
8603589
8603688
8604154
8604163
8605887
8605946
8607173
8609416
8610642
8611316
8612877
8613253
8614523
8615294
8617233
8618538
8618923
8621483
8625219
8628667
8629851
8631982
8632789
8634618
8637212
8637909
8638237
8638643
8638944
8642429
8642684
8643764
8643907
8644369
8646045
8646257
8646490
8646833
8648935
8649821
8650277
8650500
8651410
8651880
8654540
8655140
8655205
8657132
8660216
8660606
8661484
8662946
8662996
8664965
8666074
8667257
8669822
8670161
8670847
8672276
8672720
8672836
8675319
8676375
8678067
8678422
8679410
8679960
8684768
8684834
8687025
8687648
8690608
8690969
8691098
8691144
8692407
8692567
8695298
8695733
8695809
8696423
8697186
8698550
8700054
8701757
8702077
8703039
8703239
8703494
8706404
8706606
8707727
8708477
8709072
8709111
8709441
8709601
8710869
8711194
8711460
8711661
8713332
8713685
8714480
8715429
8716797
8717076
8717716
8718668
8720879
8721238
8721248
8722209
8723714
8725301
8725620
8726192
8726201
8726994
8728732
8728812
8729413
8730351
8730355
8731941
8732288
8732638
8733735
8734279
8734918
8735131
8735616
8736346
8737291
8737780
8738113
8739091
8739176
8739491
8740104
8740923
8741513
8741519
8742060
8743439
8744688
8744841
8744918
8745664
8746223
8748380
8749582
8753068
8754567
8754611
8755293
8755609
8757413
8757888
8758219
8759501
8759802
8759854
8762532
8762634
8763213
8763640
8765555
8766051
8766222
8766340
8767686
8767754
8767951
8767978
8769333
8769609
8771382
8771392
8772384
8774244
8776397
8776923
8778548
8780431
8780807
8781638
8781759
8783215
8783910
8784109
8784333
8785583
8786397
8786668
8789020
8789294
8789349
8790778
8792163
8792885
8793262
8793696
8794744
8795064
8796564
8798054
8799184
8799515
8799569
8801355
8801770
8802544
8804741
8804942
8805800
8805831
8806334
8806438
8806452
8806789
8808080
8809610
8809985
8810428
8813592
8814400
8814564
8814984
8817940
8818076
8821904
8822750
8822943
8823144
8823701
8825251
8826817
8827216
8829243
8829341
8829560
8830854
8831889
8832016
8832138
8832858
8834071
8834134
8835289
8835577
8835654
8835770
8835932
8836757
8838031
8839277
8840968
8842195
8842579
8843540
8843807
8847923
8848672
8849023
8850593
8851824
8852385
8853154
8854324
8855132
8858409
8858421
8859324
8861014
8861548
8864720
8865343
8866057
8871260
8871427
8871646
8872383
8872552
8875569
8877187
8878647
8879858
8881132
8881415
8883995
8884147
8884177
8885002
8886032
8886935
8887409
8888084
8889162
8890326
8892170
8892444
8893564
8896297
8899985
8900566
8901008
8903471
8903806
8904874
8905432
8908162
8908265
8911315
8911859
8911922
8912226
8912686
8912829
8914018
8914817
8915462
8915659
8916274
8916685
8917290
8917625
8918060
8918061
8918482
8918514
8918752
8919079
8919174
8920594
8921544
8922604
8922837
8923870
8924301
8924728
8925236
8928415
8930233
8931322
8932709
8933353
8933896
8934311
8934383
8935067
8935932
8937009
8937012
8937777
8939852
8940386
8940881
8942202
8942359
8945196
8948713
8951470
8951619
8952274
8952601
8954676
8955396
8955739
8955955
8956786
8957130
8959862
8962982
8963502
8964616
8964695
8965037
8965277
8965539
8965987
8966049
8967354
8967515
8968149
8968896
8969248
8969536
8970336
8971587
8971844
8973775
8974089
8974168
8974488
8977697
8978107
8979669
8979694
8980166
8981221
8984158
8984432
8984997
8985354
8985846
8985990
8986925
8987896
8988170
8989770
8989822
8989968
8990071
8990583
8990687
8992167
8992206
8992897
8992959
8993854
8995768
8996387
8997643
8997650
8997791
8999627
9001041
9001304
9002211
9002598
9005137
9005411
9005760
9006764
9008151
9009421
9010030
9011074
9011100
9012752
9012788
9013452
9013580
9013925
9014914
9016112
9016172
9017855
9018159
9020664
9021014
9023215
9023260
9023272
9024895
9025736
9026587
9026592
9027217
9028319
9028337
9028491
9028695
9028814
9029117
9029777
9030516
9030772
9031252
9032100
9034168
9034291
9035673
9035723
9036137
9036387
9037301
9037995
9038172
9038369
9042498
9045272
9047405
9047508
9048152
9049396
9051116
9051543
9053385
9055531
9055787
9056596
9056684
9057028
9057588
9058881
9061647
9061655
9061903
9061952
9062411
9063382
9064215
9065706
9067302
9068802
9072739
9073220
9075307
9075308
9077559
9078081
9079385
9080459
9081719
9082005
9082139
9082443
9082852
9082999
9083389
9083719
9085420
9085752
9086483
9087468
9088413
9088948
9089098
9090330
9090616
9090890
9092714
9092970
9094845
9098078
9098773
9100174
9103411
9104725
9105726
9106285
9107973
9109672
9109784
9110618
9110990
9111272
9113422
9116297
9116938
9117399
9118049
9118545
9119066
9120293
9120433
9120526
9124607
9127127
9127280
9127964
9129554
9130255
9131097
9131388
9133264
9133628
9133978
9138340
9139838
9139892
9140638
9141244
9141285
9143213
9144341
9144703
9145497
9146059
9147127
9148033
9148607
9151759
9152088
9152160
9153540
9154053
9154333
9155191
9155818
9156017
9156298
9156773
9157271
9157323
9158080
9158347
9158375
9161372
9162634
9163071
9163169
9164688
9166136
9168296
9169535
9169557
9169639
9170766
9171411
9171495
9173017
9173214
9174635
9175319
9175503
9175550
9176874
9178273
9179141
9181212
9184121
9184460
9184734
9184804
9185029
9187807
9191198
9192546
9192552
9192554
9193668
9194990
9195423
9195533
9195685
9195906
9196098
9199473
9199491
9200041
9200166
9200242
9200289
9201634
9201804
9202658
9203145
9203546
9203627
9204446
9207232
9210029
9211066
9212453
9213370
9214644
9215058
9215844
9215999
9216079
9216158
9217565
9218962
9220429
9222402
9223280
9223637
9223712
9223796
9225453
9225738
9226007
9226753
9227205
9228299
9228541
9229954
9230954
9233770
9236259
9236413
9239437
9240271
9240357
9240910
9242182
9242945
9243255
9247173
9247282
9247451
9248760
9248999
9249799
9251234
9252186
9252300
9253353
9253413
9254654
9254801
9256188
9256498
9256727
9256730
9256802
9257943
9258419
9259048
9261209
9267293
9269175
9270683
9271283
9275084
9275164
9275707
9276141
9277368
9278671
9280829
9281272
9284281
9284742
9286845
9286856
9287573
9287779
9288467
9289601
9289804
9290036
9291238
9291743
9293716
9295732
9295906
9296158
9296268
9296834
9296913
9297558
9297654
9298039
9298885
9299297
9299330
9299444
9301902
9302493
9302774
9303165
9304109
9304368
9304533
9306126
9309336
9310629
9311257
9311773
9313773
9313910
9319634
9319674
9321392
9322368
9322822
9323569
9324114
9324420
9325571
9326053
9326387
9327119
9329628
9330544
9332262
9334693
9335395
9336039
9337270
9338032
9338618
9342780
9342853
9343821
9344359
9345755
9348329
9348453
9351029
9352219
9352774
9352793
9353578
9353669
9354995
9355790
9357532
9359527
9359883
9360583
9361255
9361928
9362406
9363806
9364116
9365718
9365873
9366406
9366971
9368041
9368662
9369338
9369538
9369626
9369872
9370841
9371832
9372434
9372454
9372486
9373663
9373794
9374167
9374505
9377519
9380314
9380357
9384415
9386245
9387509
9388631
9388797
9389668
9391018
9391139
9392032
9393029
9393149
9393974
9394186
9394261
9395611
9396996
9397021
9397125
9397460
9398505
9398851
9399623
9400861
9401945
9402159
9403367
9405041
9405346
9405674
9406427
9406492
9406831
9407331
9409798
9410463
9410810
9410959
9412336
9413829
9414699
9415827
9416664
9416665
9418622
9418637
9419231
9420345
9420595
9420882
9423676
9424643
9427195
9428407
9428823
9430211
9432881
9433090
9433416
9433595
9434095
9435976
9437576
9437780
9437922
9438656
9439718
9441745
9442115
9442280
9442323
9443382
9443676
9444374
9444415
9445523
9446069
9446784
9447846
9449230
9449733
9450934
9451060
9451799
9452000
9452754
9454992
9457611
9457769
9457830
9459439
9459477
9461519
9464097
9464501
9464643
9465120
9466235
9467239
9469250
9469677
9469864
9470146
9471778
9472948
9475750
9476219
9476865
9478088
9480351
9481092
9481168
9482568
9484969
9485055
9485592
9486625
9486782
9486905
9487419
9488682
9488696
9488763
9489065
9489758
9491647
9491799
9491939
9492238
9492320
9493146
9493732
9493927
9502655
9503511
9504098
9504281
9504748
9507153
9507184
9507801
9508135
9508744
9508826
9509503
9509556
9510347
9513292
9514799
9514830
9518159
9518262
9518674
9518783
9518949
9519096
9521061
9521140
9522685
9523231
9523371
9523539
9525405
9525845
9527461
9527540
9529953
9530011
9531570
9532667
9533782
9534152
9534955
9535502
9535751
9537743
9537823
9538049
9539139
9539959
9540294
9544165
9544301
9545044
9546260
9546759
9546874
9547988
9548462
9549275
9550908
9551921
9552370
9553919
9554042
9555482
9556855
9556973
9557912
9558950
9560359
9561128
9563204
9563400
9563833
9564026
9565650
9568556
9569535
9570156
9571029
9571060
9571108
9572067
9572820
9573228
9574317
9575445
9577543
9578442
9578725
9579362
9580453
9581887
9584790
9585089
9586021
9587088
9587725
9588767
9588980
9589255
9589683
9590454
9591822
9594836
9594901
9595376
9596098
9598806
9602511
9602787
9604390
9605298
9607278
9607395
9608640
9609137
9609579
9610632
9612682
9612982
9613600
9615090
9615222
9615651
9615803
9619343
9621224
9621842
9622091
9624115
9624408
9626798
9626936
9627641
9629620
9629754
9633287
9633352
9633595
9634555
9636240
9638403
9638631
9639540
9641732
9641998
9642290
9643700
9644452
9646118
9646989
9647711
9648554
9649138
9649361
9650596
9650688
9651219
9652471
9654112
9654317
9654455
9656631
9656856
9659792
9662760
9663222
9664340
9667437
9670018
9672311
9672563
9673596
9676619
9677382
9677609
9677693
9677799
9678955
9680248
9680250
9680835
9681970
9683914
9684119
9686551
9688352
9688763
9689205
9689431
9689564
9689663
9690117
9691610
9691706
9692814
9693288
9693461
9695057
9695635
9695784
9696036
9696481
9698474
9699066
9700001
9700286
9703456
9704200
9705577
9705758
9708008
9708942
9709930
9710155
9710745
9711671
9712053
9712332
9713574
9713624
9714599
9714742
9715178
9716262
9716695
9716738
9717715
9720109
9720380
9721228
9723958
9724250
9724962
9725401
9725657
9726162
9726735
9727304
9727361
9729477
9730396
9733570
9734288
9734344
9734359
9735678
9735768
9736458
9736556
9736595
9736606
9736706
9736840
9737635
9737831
9738126
9739229
9740059
9740754
9740755
9741315
9743416
9743802
9744245
9745070
9745459
9746498
9746569
9749421
9751070
9751276
9751657
9751680
9753178
9754651
9754746
9758784
9758895
9760057
9760206
9760326
9761141
9761265
9762237
9763213
9763522
9764935
9767656
9767854
9769675
9771585
9772526
9772693
9772915
9774004
9774723
9775912
9776014
9778492
9781609
9781702
9781833
9781990
9784001
9785893
9786149
9786393
9786528
9787451
9788610
9790376
9793505
9794410
9795245
9800375
9801740
9801778
9801911
9801962
9802313
9805853
9807164
9807779
9807919
9809035
9810516
9811799
9813251
9814312
9815064
9815118
9815263
9815671
9817785
9818326
9821833
9822217
9823130
9823773
9824556
9825002
9825893
9826647
9827195
9828235
9832403
9834127
9834429
9835680
9837648
9837859
9838998
9841019
9841602
9842716
9843118
9843795
9845953
9847414
9847539
9848107
9848473
9848634
9849050
9850866
9852505
9853269
9858781
9861589
9861613
9861988
9863813
9863826
9863970
9865037
9865612
9865696
9866594
9866693
9867088
9867844
9868174
9868465
9869456
9870578
9870754
9871904
9874078
9874447
9874563
9877624
9877789
9878107
9879301
9880037
9881038
9882035
9882916
9883555
9884154
9884382
9884819
9885716
9886327
9886353
9886388
9886429
9889780
9890468
9890481
9890958
9891061
9891480
9892390
9893984
9894487
9895747
9896233
9897672
9897716
9897881
9898271
9899368
9899605
9899640
9900692
9900732
9901086
9901318
9901343
9903159
9903973
9904110
9906783
9908716
9909385
9909699
9910844
9912241
9912304
9912980
9913452
9915189
9916102
9917006
9917529
9919232
9919500
9919576
9920217
9920245
9921628
9921848
9922857
9922876
9923396
9924067
9927728
9927959
9928357
9929072
9930146
9930863
9931190
9931624
9932592
9933188
9934816
9935825
9937599
9938070
9938734
9940043
9940423
9941131
9943347
9946003
9946237
9946923
9947001
9947496
9949702
9951223
9951581
9954564
9954963
9956698
9957143
9957639
9957662
9958228
9958899
9959450
9959953
9960510
9960682
9962662
9963062
9964012
9964493
9964628
9965124
9966424
9966478
9967037
9967102
9968390
9968865
9969740
9969839
9969849
9970026
9971027
9975470
9976605
9977200
9978815
9979029
9979085
9979618
9979703
9979986
9981468
9988891
9989437
9989636
9990386
9990476
9990976
9991682
9991789
9993090
9993191
9993502
9993574
9994086
9995694
9997426
9997532
9998219
9998959
