100
1393548
1401789
1483595
1556798
1616935
1648446
1869861
2038179
2323537
2376931
2423002
2557476
2623084
2734114
2745924
2842288
2900788
2976329
3037859
3270829
3389075
3421310
3422946
3541833
3580796
3624537
3651021
3718753
3832932
3930977
3944439
3999418
4142844
4193195
4200458
4224008
4343523
4758221
5007337
5040942
5199668
5416286
5423279
5600249
5602350
5687529
5741529
5815888
5836374
6253868
6314503
6316035
6430107
6609989
6648483
6655410
7009157
7118082
7195485
7272055
7287753
7322333
7350006
7426617
7511202
7512145
7573097
7596021
7600510
7639658
7644662
7894703
7900591
8052350
8182285
8434549
8437866
8467728
8622538
8664141
8667299
8692425
8756840
8875433
8890729
8941724
8945909
9030413
9154721
9281589
9281734
9488282
9636355
9646362
9655574
9657958
9673386
9813514
9881998
9986290
