1000
1003432
1023226
1028453
1028614
1028631
1040531
1074020
1080868
1088854
1099332
1102438
1117717
1128434
1136680
1153520
1155361
1166700
1166893
1179595
1179635
1182301
1200854
1205975
1230841
1245338
1253293
1256148
1256910
1261578
1262233
1264181
1271287
1292439
1296916
1300413
1302683
1313698
1318135
1323153
1330048
1334874
1335072
1337278
1340686
1351329
1356388
1361742
1366033
1369878
1382169
1382260
1400024
1402115
1403042
1408415
1409463
1429404
1449924
1455358
1464557
1469330
1470183
1476154
1479716
1486199
1487326
1501850
1502617
1527137
1527807
1542998
1555917
1556974
1575762
1578931
1594130
1641231
1651275
1665753
1670241
1672439
1679577
1679864
1686080
1689113
1699188
1705713
1710271
1712131
1716932
1717892
1723872
1737091
1738267
1741954
1748067
1756632
1759192
1761493
1768022
1789361
1789605
1799352
1804006
1821855
1823485
1828581
1834891
1860208
1865938
1876178
1877770
1882086
1885337
1885974
1897828
1912762
1946103
1948723
1974072
1975489
1979569
1984339
1989248
2005047
2011637
2027408
2042357
2044591
2060926
2063681
2074253
2075515
2088943
2111704
2115679
2115839
2135258
2146693
2152054
2168315
2208646
2221964
2222129
2223759
2235833
2237443
2237530
2245764
2248539
2253777
2263313
2284944
2309415
2314651
2317213
2323132
2334001
2335759
2338963
2356072
2363721
2392037
2392570
2396853
2413400
2426606
2430831
2443296
2464557
2474972
2484774
2492193
2495741
2502277
2503221
2516726
2531806
2542063
2556561
2558646
2576227
2578948
2591949
2601077
2604677
2608252
2654822
2659498
2668627
2677575
2680926
2690650
2697612
2706363
2726401
2744840
2745649
2745762
2765601
2766735
2779663
2790013
2798224
2815949
2821058
2824601
2825718
2829645
2829900
2832885
2837981
2840633
2847469
2855060
2860783
2862127
2864407
2866693
2873124
2876826
2882540
2910737
2923359
2924188
2937174
2943893
2947793
2954085
2962819
2971277
2973981
2974270
2993176
2993782
2994256
3000555
3005176
3006262
3011879
3018368
3022273
3028200
3038388
3040313
3040488
3044258
3048768
3052731
3065065
3074722
3075545
3076058
3087681
3094582
3103352
3118065
3125118
3129229
3146690
3152630
3157430
3162506
3178579
3192454
3196462
3199855
3212288
3239893
3257333
3267749
3273792
3283667
3287699
3293855
3296281
3303422
3307997
3317914
3318602
3318858
3323540
3350333
3352658
3363028
3363628
3372032
3381946
3383133
3387444
3390250
3424565
3427743
3447040
3449436
3456405
3467541
3471428
3474633
3487577
3487670
3490604
3498369
3540245
3543373
3550353
3552773
3569816
3595016
3604489
3629084
3636458
3640052
3651986
3668677
3669875
3670538
3681588
3686589
3686888
3692787
3700971
3707955
3713968
3714946
3717043
3722938
3757170
3759189
3759393
3760357
3763668
3792964
3807098
3808832
3811225
3812151
3855855
3860000
3872106
3883662
3885962
3901442
3905958
3928097
3935145
3938223
3955978
3985102
4002568
4007477
4011560
4028119
4028543
4043742
4063591
4073504
4093435
4098314
4112717
4117215
4119741
4123443
4136630
4158022
4160294
4161524
4171166
4175581
4185053
4187360
4189100
4218838
4237850
4241641
4257750
4264623
4271869
4283160
4289944
4292962
4310974
4360038
4364381
4370607
4379943
4386687
4405826
4414314
4415085
4423918
4446577
4455725
4472407
4474920
4476381
4481144
4486677
4487297
4493068
4503861
4506158
4508080
4509300
4510422
4525213
4525483
4537623
4538469
4540795
4559932
4561056
4567310
4567493
4573589
4577750
4580740
4580875
4584734
4594993
4602832
4610177
4611941
4615609
4617015
4621692
4634893
4636714
4637534
4641258
4642569
4649015
4652753
4669108
4676395
4676629
4684779
4687171
4692539
4697209
4705479
4708248
4712037
4722195
4738801
4755381
4763901
4767407
4769715
4784704
4785528
4793432
4798642
4805684
4808559
4809084
4814787
4816230
4818232
4828459
4835680
4870990
4878140
4890671
4927609
4933137
4954078
4969015
4979897
4982328
4982901
4990145
5008619
5018621
5018776
5019761
5027084
5029987
5030326
5031268
5032387
5038170
5042317
5048051
5067848
5072929
5074149
5078724
5082455
5088563
5095684
5097551
5105621
5122547
5152087
5153232
5168018
5168055
5171654
5195525
5209497
5216079
5227197
5247584
5269479
5271268
5278489
5289647
5307481
5317134
5318726
5346891
5349702
5356071
5372563
5373652
5380008
5390199
5393704
5416452
5423890
5425867
5428681
5433255
5450801
5452093
5489766
5489948
5490925
5502141
5520940
5522882
5529540
5529788
5535450
5556531
5580331
5580477
5585216
5596737
5598309
5599474
5599837
5604623
5610828
5625627
5627005
5628809
5640703
5651258
5668068
5694658
5700530
5713793
5719484
5727426
5754481
5759670
5778200
5786498
5795060
5808632
5814718
5819318
5823237
5840497
5850022
5850398
5869398
5878923
5899784
5925658
5934205
5937869
5941790
5946888
5958578
5958945
5970608
5977132
5986651
5987445
6000542
6017932
6018464
6021283
6025355
6053043
6075913
6126410
6145840
6149333
6161620
6164542
6175459
6177773
6184075
6187640
6193620
6203277
6203995
6213627
6234570
6240517
6240813
6245473
6251738
6262409
6264497
6270329
6285550
6303634
6313474
6320165
6321104
6334620
6348281
6369244
6389932
6394180
6432896
6443188
6466044
6492142
6504979
6505337
6511954
6515621
6515964
6546678
6551487
6556170
6561563
6578187
6592311
6593851
6611292
6615348
6616750
6633509
6641335
6647458
6675320
6675792
6675862
6684168
6684792
6690211
6695139
6695918
6697919
6705965
6710061
6731747
6760896
6764874
6771411
6774859
6791661
6807567
6843441
6843693
6864769
6895303
6898073
6902255
6922512
6929695
6935481
6940851
6943834
6962548
6972457
6981700
6990588
6993790
6998083
7041125
7063229
7074431
7081003
7088935
7089503
7090497
7099527
7100400
7100551
7105412
7111182
7111650
7124507
7134401
7136455
7152800
7154861
7171489
7182058
7182391
7211754
7216626
7216722
7221870
7236459
7249523
7250058
7260045
7262420
7270452
7272434
7279882
7285900
7287847
7290339
7292600
7319272
7325313
7355015
7380913
7384405
7400179
7402923
7410461
7412840
7418489
7424678
7441936
7460428
7461290
7472402
7472972
7478939
7489958
7493515
7504392
7526357
7529981
7532761
7532963
7549578
7569120
7569638
7572249
7585041
7598458
7629916
7631640
7648523
7653674
7671047
7678676
7686804
7694695
7697020
7714650
7744388
7758164
7760752
7766944
7771363
7773097
7773480
7783035
7815330
7826722
7843430
7855053
7858809
7883661
7890163
7893630
7896472
7902962
7903676
7909902
7927773
7951140
7972061
7978891
7991461
8003945
8007463
8012411
8040986
8048469
8056509
8072818
8084095
8093565
8093584
8093608
8094846
8118205
8127633
8137507
8141588
8142842
8154466
8154529
8161234
8171603
8172968
8174819
8184074
8185038
8187083
8196783
8196948
8199645
8214282
8224908
8225009
8230157
8233722
8249667
8251675
8260202
8271945
8274133
8286064
8296710
8312618
8313756
8318870
8327413
8365874
8367385
8371466
8385967
8388915
8405053
8415656
8419565
8421445
8440375
8455947
8462611
8483911
8490103
8503729
8505440
8507360
8508185
8514523
8538351
8543924
8554988
8578956
8584951
8615904
8626812
8629224
8635643
8646889
8647149
8653936
8658293
8662721
8665781
8683213
8690162
8716573
8718919
8721426
8729081
8736141
8754398
8754511
8791392
8791469
8811814
8815951
8817492
8829448
8829775
8862002
8862396
8883925
8892451
8896022
8897542
8905162
8908411
8926906
8927029
8936838
8957759
8965001
8973922
8984969
8994633
8998545
9019125
9024154
9038360
9050026
9053007
9055393
9058439
9063756
9085734
9106752
9134671
9147162
9159833
9161746
9162955
9189787
9202625
9204486
9208477
9241421
9243929
9244844
9245386
9253083
9262519
9264801
9281085
9290293
9292997
9295168
9314626
9327042
9330733
9331075
9331376
9333146
9333867
9336397
9337623
9340487
9343593
9364975
9365075
9377998
9386833
9395197
9396339
9398760
9423527
9432535
9439958
9464074
9475615
9477108
9487196
9492433
9501482
9508961
9512593
9522911
9549496
9582578
9593725
9594950
9597376
9608060
9611990
9635860
9643465
9643534
9666486
9681465
9695169
9701193
9703102
9704995
9705091
9705874
9708761
9715615
9718503
9739666
9740546
9742610
9758954
9760919
9768233
9775000
9779910
9790476
9796312
9811245
9817340
9826276
9830593
9832123
9836797
9849854
9857041
9887801
9895135
9911492
9913591
9913693
9928423
9947445
9953308
9971864
9979199
