100
9065257
7171548
5458643
7979415
6940282
3297625
5930277
8548137
2440727
8301009
8933914
3635972
7026420
3880246
4045510
9394483
3629230
9823680
5550914
6058936
9242918
1929429
9236200
2493765
8047859
2887744
9898303
2294900
8091568
9378925
6148417
3413859
2913693
8873874
8327618
9077264
8667880
1202711
5920691
9479708
2538646
7730041
1243335
5428741
1443558
6679395
8518324
3767028
6996727
5733351
6789270
9968953
3999683
9471548
7702256
2495035
3766771
6552113
3096139
6016061
6704155
9545833
2936099
4219197
6828728
6893327
5397456
9479711
7404761
3515301
4398042
1879227
7564523
1299343
3464904
7149002
3987265
1148637
9076929
7181863
7673531
3981914
5448268
2388011
4034061
1665655
6821428
1610377
8874627
1199275
5673927
7013725
7418835
2515263
5022841
1231623
8706626
6974789
5972516
6866524
