1000
3543081
4346328
2676410
6536547
2811322
5215132
9968755
6824413
3849116
2511628
1807171
5289998
8302389
7392508
5850275
6415819
6804449
6437667
8180098
2347012
5706472
9373000
9030663
9771772
4893424
4897921
1298172
5321018
8286055
3333075
7518468
2611822
2965540
6407742
1626872
9140750
7502511
4742120
7933871
1537571
5906757
6653525
4100220
3942015
8921761
6225917
8028221
2602825
3934664
7488878
1874914
5929692
8754116
1219210
4672306
9049459
5693436
2708514
2466485
6911225
8194818
6187612
2168013
8066992
3441893
7550779
9094934
1889984
1602520
6544438
8898785
6025802
2407955
2892572
2173852
9330476
4739577
1522189
8061244
1427270
5866890
6474523
8289237
9099437
4984018
5982418
8278609
3490888
7381657
4221580
4977512
8927401
4216101
2085410
3990672
7131518
6451349
9889143
1423997
9606584
8695335
5452326
2015474
9905530
8105798
1652607
3433721
9580037
9204604
5027525
2148248
8713186
3431366
7939387
4098789
2633265
2210305
9968287
8369443
2238274
5749055
5370191
1416845
5833569
8113127
4628866
1701627
2005143
3482412
2326466
1381867
9716318
2596228
1474336
9477243
6008995
6525132
7614631
2641892
2189090
6387131
4965365
8762697
8269958
1311933
6379414
4860232
6604463
5177089
5352795
1040240
6350185
4365197
9349042
9950020
5390954
6341176
1590535
1991320
2105427
9872489
3023307
4857530
6474994
4979383
7258867
8443114
5919630
7046480
4712108
9371605
1948996
2594358
3430532
2574007
2119089
6960726
5386780
4255800
7220592
5557395
9022692
4283688
5866310
4644252
1605831
2635446
8190587
6748674
9156208
6819749
5062051
5731980
3699387
7554073
9969389
2978966
4860329
4345673
8669146
9587656
5443894
3393437
8018386
2519468
4391860
3832690
8734971
4916482
2504053
6084971
4448411
3181999
5202811
3434732
4041991
2244915
2914876
4880937
1424700
3645794
8614756
6881868
4189117
7716959
3794122
4832759
9888246
9426828
6208440
8584991
9204448
5611773
5791308
4059674
4622628
3555861
6761491
6912514
3571349
8257073
2606960
6498563
4161184
5347124
1293528
6726874
6348623
4435555
7004194
9980183
5884261
5274395
4429364
4841492
5317012
3099791
4540624
1172726
2752117
2547567
5406464
1063467
8217487
8663614
9069063
3303710
5817827
9789618
2554114
9535736
3765086
1839130
8818462
8769799
4062448
4277979
8333763
2198339
5938787
5266299
5698496
3815582
3428279
2033083
7239992
3636621
8655541
6624447
5729397
3405053
3913219
2028463
6199515
5654991
4390407
1527491
2539103
8487880
8795054
5703571
9964497
9084402
7436398
7136421
2294911
6058311
7384401
2820915
6771516
1626679
6948885
1329644
6542888
6690872
5741193
3251610
4022448
2170350
3467634
1651189
1641640
3483924
5786343
9719782
1969480
3502706
2315168
6371318
8563228
1555623
6275189
4471999
2589184
7751121
9154389
4858780
6440355
3108371
6263589
2824573
9696330
4987935
2730436
3295918
6104936
8956196
7882716
6720017
5465780
6617497
4392570
9315185
2580019
6478699
7692945
8394465
5509790
2486316
4567851
3138837
4451238
3569789
9577777
6967863
9903566
2697222
5933516
6567868
8226770
7319659
7130452
2297505
6834062
8528169
3315848
6382048
4278369
7621642
4433063
4623488
6359419
6123437
1823214
6065132
8106052
2583610
9942753
5294211
1020190
6454781
2939423
2550624
6845325
8715401
8623169
4989107
7785045
7281591
2541122
9597720
6338291
4675727
2249773
2638246
1322344
5001775
5255882
1116027
4913611
2582633
9882186
7610726
2906038
3567802
7135620
1661094
5107260
7341833
7521768
2283625
6572504
9294085
8670204
8173088
8640608
2064355
7394917
8498658
4522099
4903606
1427136
4133429
7562520
5049071
2253464
3712548
4473120
6895327
6247185
9570678
2185014
3782771
6014237
7951116
7713389
7334016
1617895
5407198
3959554
3185880
4173957
6689838
2647332
7327236
5217635
6584772
8988440
2273187
4013077
6613124
3276753
3468969
7255908
6598926
9633215
2664059
1838781
1311845
1702950
4897499
7507757
7360194
5526858
3357831
8213945
8687721
7796536
3310992
5308796
8918173
6063544
1130975
2313257
4767120
6900817
4912266
2252043
7975982
5832261
5885608
8126210
7456330
6382343
6079106
8136072
4034201
9847065
5632700
1299413
2155550
9832097
5503218
3394951
8182830
9625582
8027693
5158933
4178894
7275087
8121200
9161437
8356346
8841996
4384679
9349107
3703263
2322953
1146232
7894572
9777923
2910511
4796973
2981611
7769316
9816748
7344232
1935220
2255150
9524917
2882408
7229551
3892298
7097211
6410131
7557774
7275675
5960323
3865413
1434401
5320131
2982193
7127601
3648049
3191342
2742143
8667262
5594987
7607740
8387506
5323980
5248791
7272333
9677558
8790271
1195545
5225337
3194930
2376587
9195758
7390198
4008621
4533240
8124891
8330399
6904714
3817752
3788050
2425649
6269145
5830687
5920982
4632911
9853856
9655715
1152984
1208920
1239609
9660101
4424577
3520239
9670557
1549079
2865851
5282316
3917393
2004903
3680546
4960098
4308623
6790202
8909448
8111601
4899111
2290197
8239865
2740685
2997575
8660312
9630260
8494039
2614040
4771852
9329346
8795930
5232314
4073319
9809715
4967369
9594482
6090213
8046526
2410895
3619730
8360194
4977792
5176808
2902009
7925141
2715889
1270286
4822108
8170599
7820706
3634750
9821325
3439845
8734642
6323365
5064073
1380299
4075002
3891197
2245696
9582650
1740368
8954333
6871424
6717211
8436065
1644112
4561242
8109324
9269521
7172597
3626960
5562939
5338238
8402343
4697022
5698201
8876347
6610502
8273281
8836857
5585066
1023334
8958589
8926466
7066126
5903703
2433570
5383761
2332463
6800541
3505960
4353234
5762421
4947248
7394818
4660449
8065978
3886639
6451064
7686732
5196986
9399144
9955497
4469260
7378470
8415756
9620280
1817172
1109898
5670866
9675045
9613544
6612882
3117873
2214927
2047210
5523259
8072338
7072200
4120770
6289712
5484620
5993609
1756629
4139387
9006250
9602671
7477415
8943054
5958035
4064589
4212444
3836546
2844089
8046363
5361587
9977351
6289245
5552255
4364012
8956557
7760177
6613850
3596021
8756930
9301253
1822061
3984407
4760419
7510430
7357644
6236654
8353711
9289517
5567115
6814265
9446649
3293364
6701472
8480679
3767710
6668686
3991313
6127339
5725632
2953664
7443199
8020146
9000634
7102843
2093114
6843163
4489308
5889683
1616454
5314438
8321568
1039429
5732565
9275488
9498485
9664589
6304430
6117765
6845003
3565214
6874110
5207752
2324792
7198829
9004790
7717440
3753250
2368112
6618500
6063171
6998341
9567316
5402117
2968952
2759958
3247413
8172491
9572095
2685872
7528385
1082234
9334668
9597278
2339183
5457553
8807061
1288610
4071332
8337862
7418248
8300253
3977455
5050690
7199568
5012439
9970102
6000199
3509082
3724096
8954896
2816270
3933403
4392343
2525477
2748613
9228740
2781011
8428651
5203176
6529298
9815472
3311963
9821270
8192679
7549427
4753900
3766991
7125373
8283680
7035238
1752788
5531733
6239243
3037121
3327574
4942603
5583182
2857623
4352891
7144548
8560794
7634223
5249206
7377603
7706976
5293261
2783190
6025576
6811905
4661855
3860354
6042826
9984836
1492312
7815258
5696392
8132736
1144795
1217544
6588850
6467785
8252489
2558135
4585645
4630415
6264924
1121716
4941616
4708581
6963743
2059300
2876040
9054471
5695805
5605822
6545211
1109383
6261761
6916666
6158243
9040873
9274383
1909208
4789913
6664660
6097777
7154437
5855053
6512043
7689149
9396571
6444019
1887821
1810557
4561376
8443969
2424257
5260407
8944458
2820542
1356237
5160567
1835704
2003085
7214680
9970025
6596556
5247147
8832909
1286291
4428167
7323621
1877498
5602195
1304548
8340198
3622145
6540222
6101129
8948400
9305543
8876377
2606826
1365816
4959347
8028827
9819527
3473639
6717912
3167178
7796609
2321727
5630949
8407414
7727161
1788163
6031555
8067563
7191009
7946667
8940401
2616075
7077598
6025774
9713948
9598852
5092876
1382193
1227227
5398118
3560892
2223959
7344081
8969192
8246291
4536122
5932499
6388435
9722684
5780689
3127412
7674215
7701137
9078386
1699557
6665749
3494573
9000082
5410586
6906397
5148244
7922667
4328211
3731625
2193478
5502862
6853816
1222209
3809625
3188586
1982344
9942761
5074671
8969516
8909323
8312137
5206343
3332919
2118845
7064428
7840719
3203102
6483373
2781555
3708937
5538143
4795102
7287091
7234853
3373371
5775149
6254404
8252487
2344755
9029659
6734596
2278337
5196302
1352045
