10000
6020138
8522108
6894408
4092679
7914363
7365872
5006466
4333457
3257506
5722247
4681196
7943025
9578126
9904538
7422272
3203155
9978436
2051886
1810282
8405321
1170258
8817570
9056893
7050779
1738988
8906098
3698272
7349367
8249774
8288457
9887519
2810553
1017619
2940843
2694358
7971236
7337141
8283762
7714051
9594434
8275100
5576010
7190874
2224521
8400964
5539438
8307118
1206622
9640601
1474404
5960326
9889199
2510550
1966871
1642357
7834652
7620102
6865148
2836830
6037158
2683249
4829392
1400160
2146019
9054058
9439463
5023413
2066256
4800512
9573808
4631528
3403376
7251155
3254800
8883799
1511949
3259121
9128740
7047559
4905677
3290017
1735132
9131207
6809095
4934206
1532181
1736022
4369398
8888920
7242885
3049328
8841078
9782367
2656556
9957502
3031413
3196072
4803497
8875478
3346643
3926644
4884267
5572403
3447797
9554071
3561626
4663836
8820071
9988677
8703157
7505042
9326432
7946979
6544438
2717557
3038043
6289260
3969243
9363856
4520771
7247282
1230846
6331670
7294703
2451384
8921927
5780612
9745399
8106708
9208153
8576537
3281253
5324130
4478531
2539642
4999384
4383054
9308480
3076625
2440437
8867065
9840001
8339480
2308872
4149127
1078137
2284482
9415026
8640328
3278562
8339987
6502394
1161229
5949710
1545000
8366329
6113444
6392617
4190945
8457513
4513591
7061854
8400653
2849503
2514145
2627055
7091070
6986465
3771514
7925337
1609118
8090625
1927604
9195415
5692177
1811155
6582998
3441798
3042165
5284123
8266144
4770313
1505774
7188531
6997304
8911446
7499078
3064276
6337276
2844337
6460652
8686004
4513776
9164008
6025667
5762831
8999217
8149663
2116510
7688240
6117130
7542853
9318579
4994466
9344430
5199607
2268365
3684314
8986935
8129900
7070637
3958904
5896334
8303433
7187970
1497854
6652787
7628702
7337439
1364889
9979495
6134096
8420350
8376990
1265591
6475704
5469196
5467166
4500067
2474245
9918180
3505853
8654318
1749902
2971583
3185584
4816640
8597922
2259507
9894022
1940250
3101140
9159403
4788424
6241873
1043993
1275255
6541676
5925999
7235037
3147165
1515070
4806069
1662733
2696047
2984696
4530100
7187014
4691238
2916764
7952926
5508750
2433223
1190320
2910463
7763801
2208251
3590858
4717841
6213000
8185157
4761893
3386992
6247197
2671351
5326067
7694090
7471130
5911773
1016251
1377923
5798067
2121182
2732980
1803087
7372225
4630679
9693827
4363336
8884225
6827497
8029370
3972986
2769501
3781246
3382066
4780220
7495625
4845015
1945962
2407833
8647312
6518633
9958416
2028480
8613968
1445145
9860473
8863968
4379580
3265292
6739404
2703583
2611785
9931427
5967500
4169524
5520076
5128110
8967421
2725602
2613306
4349831
9999982
8159255
2322648
4178250
7842385
2993214
2091356
2035851
9954823
4159769
9042467
1826416
2580184
2011466
3712029
8425456
9487306
1339075
6335142
8528043
5877671
2664508
4595703
5050147
7909372
4320940
3209157
5349667
2695696
4103939
1048208
7905567
3753930
1098862
9006407
2792163
9912750
8108339
4549730
3176047
7826161
9532152
9392832
6630610
8771036
6239511
1448171
2427341
9966254
4394868
3219217
5683955
1486229
7388424
1366012
4660440
8053294
7122784
9017173
4012071
1116507
3586121
2323332
9783416
3955028
4284054
3511595
8888376
3826042
6518461
3567932
8701434
1504721
9232838
7695680
8544550
7100611
4215141
2420171
4747633
5330261
4054385
9990804
6972348
6975356
5298566
5235121
5586640
8791521
8189623
1902427
1791738
3054117
5630430
9039062
4215331
2238118
2198736
3531628
8216443
4472243
7214948
5070594
6291925
9669733
8944108
2568347
3905270
8950263
4044623
4158252
2482170
6113831
3021557
6153968
6122006
2407046
7650203
5444653
5757701
4324564
1513145
3065520
8221012
9758664
9986114
6652229
2769576
9272063
2536859
6611753
6785842
1016051
5021134
3381563
8960209
6736990
3574289
5099232
5074656
4129215
2661186
9116855
9206640
8358188
3447965
6220605
2725105
3894393
7606273
3623681
5579813
4587729
6143854
2321419
8790933
3291459
9238691
8617113
9190030
8932519
5209567
1071283
8396750
9820496
9827629
2211904
6670283
3393308
4242133
8991336
2969365
7262331
1603872
1447635
5600813
4534885
3237243
5087978
6557053
3741903
4316519
5637261
9030784
1716807
5039215
1728925
1546164
7141222
9107651
5016211
7628047
1127398
5810052
3543361
7639967
5828788
2887545
5271128
1715230
3528992
2515744
3494258
1000677
4628419
3702920
9463161
2752463
6923960
2974446
3890647
6722881
9299255
4604885
9509128
1797200
6656918
1608971
4956669
7793138
9076777
8841753
9623003
2340825
4203867
6682163
1738268
2596061
6870542
3522424
4898500
3105137
3070904
5410043
2398662
6133800
7323623
8157538
5171288
1391680
7004247
3227446
7612541
6812318
8344464
5055356
3657771
5903955
4013902
1010523
4918348
9091375
5593124
6823190
7679880
5063877
5775424
9850867
4610811
5905455
9132014
2883852
9660427
6719939
1914166
9695909
8808582
7594637
9635263
4000207
7973786
3187630
3297600
9244540
5782884
2211556
2237028
5388579
1496589
5086491
2974159
5087157
1910562
2096395
3699671
5734961
2816523
4099491
3732516
6321716
1493167
5696039
8149099
6258916
2749606
1844117
5692688
7817271
7372576
1326789
7901835
3097678
7499636
2150489
1987365
1256071
1937803
3095179
9225010
8156779
8065503
7417790
4384345
5660748
6700902
4649110
4595466
3622034
1362756
1698803
6393688
9784687
1964112
7120627
2346103
9929137
1589877
9642927
6773872
3440175
2050108
4904017
3344707
1141903
9542040
1463819
7065980
8944575
1994955
1361466
4140954
4975610
8101576
4912685
3901372
6468517
8440865
2916128
9064197
9830113
9804617
4747189
8886434
8678803
7679949
8657196
5034737
4614610
3227063
6680473
7796676
4678327
3113707
7090238
8844119
5431571
2286414
9717883
7259071
6971173
8116827
7999859
2238204
4060002
3036625
5995015
5380480
8765114
7521010
6322216
4010961
5070407
5327901
5005640
1003347
1357512
1373118
7739186
3341817
2793095
6945973
3470634
2601318
8392783
1378429
6203607
8098256
6324873
1915389
4378328
6265357
9450568
5310044
7955260
6824352
7460386
6693681
2426470
6181629
1255002
9416498
3084839
2457724
7887091
3044078
4410693
2113739
3922615
1560893
7358196
3051104
8547392
8181094
3092604
4836269
8361181
4206769
2819899
8689940
9783273
1236046
6853347
2284814
8172120
5359758
8731966
5857326
4054395
7130225
5445744
7401340
8323533
3909784
5136389
8550167
1425614
8761069
5305124
3247483
8695495
7294607
1298220
9301764
3092502
3536899
3106117
9814329
2110587
5035447
3306585
5322869
1598204
5755913
1654372
5252905
6450078
8360256
9625737
8418463
3091932
5025185
6860382
5407851
8105948
2328461
7280954
4784539
7355391
4678545
4674629
7013169
6140960
8712967
4063016
7346070
4171232
7073539
2408758
2886018
4850113
6617625
7824370
9819145
9161065
7902269
3701219
6607656
5508505
4953891
8651492
7705273
2346405
2291472
6423704
5999268
8648534
3545417
3499245
7543798
8254110
2693627
7605840
1916719
7776634
9726971
6485433
3563702
7129822
2250919
7839351
6909880
5003061
9714988
5485046
1590818
7161528
8806074
5322479
1759346
4553353
3394846
2155849
1273373
7732423
4232447
8294342
7554109
2753539
8279907
7336744
9332010
4762427
4164114
6898772
6803539
6268030
8096987
4884319
6678285
2909785
9985622
4341568
5170787
2745321
8932291
8498405
1467502
9190770
2755737
1253522
8155279
5010694
1642138
2968814
6791324
2457865
7848685
3506239
8343760
4435259
3260251
6361017
5006182
7814735
1076791
1457218
5418599
1496779
8357448
7372146
3077009
2288600
4127449
7035624
2765563
9629365
9424956
5325399
3096295
3599165
6732418
9102330
1675320
1982721
8043382
5945860
7053556
5864347
9299211
5729885
4982323
2623647
5526603
4701865
4773425
7250929
3877657
6130050
4314121
1091634
7358154
6318617
6728316
5873788
4916416
8682280
3990360
6031319
4118631
6919907
4015628
1645132
2883956
3885128
1240051
8326977
9715795
3504619
9202911
8594989
6208032
5348078
2984696
6764239
1198248
7668016
6498029
1207409
8943929
5869380
5010819
7365466
5492432
1880829
8949212
2337531
1824754
9216144
2414586
4166433
6790405
5793970
8879341
2343516
5278408
9026987
9737849
4809663
1323120
3780187
3038867
6118648
1360373
9548931
2436030
2451689
5939469
3438358
8627921
1885312
5810503
9802704
1762500
6079499
6693515
8476806
4718115
5256591
2947912
1679064
8804906
1307306
9760126
9481093
4465217
7382743
4222813
2357757
6559114
2720793
4379006
7237819
7945314
4045147
7467602
8991332
5090805
4332079
2959216
6907474
9499437
4619741
1709026
5930526
4099156
6977309
9745162
2312036
8363151
1197159
6844017
3285736
1969774
1405659
5123009
3009705
5668146
3978900
6107124
8815364
7832807
6026273
6635629
5059165
3660779
3742583
6401142
9215248
4507453
1662536
5008505
4763877
8567017
6810072
8570059
3427661
2747643
9250897
9210270
9854399
7330250
6632700
1540182
8660400
1683440
7093330
1057639
7959865
9968423
3178347
6093813
5278050
1654838
5376895
8690068
7990103
6111429
5482018
3034561
3395961
3445734
6218845
7687417
4950007
1873581
1689649
7943913
1111238
9709537
9843078
2958030
5588471
3653587
6866181
1147734
6763839
8460870
2987282
9048359
4941396
9501984
9166949
9731031
1268293
7929217
7706802
3457163
5031442
7504610
6833790
3325180
6347525
7171128
4223372
9604864
3972464
7112617
7321089
8613117
1668929
7486670
2844556
8638003
7564523
3555674
2731002
2777450
3801918
2316362
1454824
6361650
7050977
2756710
2656305
8734378
9175726
8991902
7327722
8856892
2740613
4705305
3962971
2235231
2830077
6218443
3118143
2447125
7821544
5333789
6369975
6291110
8732718
5016970
6324388
4514045
8549988
1309663
2731140
7470322
7552045
3769698
4006158
1339591
7710985
2340047
9493983
6278440
1569452
7914951
1304807
7423293
4630818
5697370
9869831
3116466
7942297
5556743
1558534
4216312
7282007
9702705
4330396
3083853
9805668
3042317
5875517
8090147
2871226
8306418
5896001
3657557
5199404
1309688
2140835
7872791
1296260
7982692
6592824
5699246
3656425
2578139
6452794
5702774
9310575
9585837
6923452
7016547
5722409
7192580
4880272
4918603
1161468
1741310
4532175
9555218
9801085
6276151
5698239
5718597
6114525
2362371
5093732
8236812
7638258
3159699
1336527
6158530
7514802
6760141
7158403
5029047
3054371
4293033
5196537
4316272
7874710
7592378
1252346
9143125
4082716
3870834
6172973
1946004
5523544
7090954
9134872
6204060
2503887
8167168
3049739
9525517
7118869
8109434
5320282
6029726
8333953
2816354
6753027
6942311
3091770
2876603
1074032
7692305
8482867
6645227
2783015
7667858
9444365
2758305
3655063
8168062
9878067
7071874
7433373
9164659
1225475
2043934
1129551
2918452
7639771
8666857
8327784
6720160
6819401
5068855
7337269
6485620
1924839
6511999
2304246
6280079
1243022
4418924
9978528
8343700
2140497
5185336
4838089
3001669
1394916
7315106
6461357
6925670
7534086
4242858
7183793
8052473
6378733
6714883
5108781
7817913
8041977
1694728
7917030
8055081
6337730
3342290
1578116
8819797
1995349
3212841
5045216
5772073
5978108
8824826
7646674
7799593
7028925
4738232
2737441
5575441
4198669
7312142
1598252
8404711
3955245
3103204
3623208
9866485
1885413
6103375
9264329
7181180
4485360
7441783
5186254
6826894
1120088
1227340
8232679
1873010
9699227
3855040
7319322
7329830
3097973
9656203
1151758
3036328
8394126
5327115
7303174
8493741
2742623
2452411
2593506
6830694
5147560
5879118
2401178
8405336
4676845
8328628
6084004
9449204
8083250
8069812
9183582
4641119
4872707
5300939
7398855
2413994
6898224
7649084
4614835
2177789
6654257
4826825
2165805
9726464
4054622
3016137
6345977
5634202
8548401
6255858
4806385
4282814
1295591
9993066
9381919
6319962
7934515
9399729
5425580
1990386
3659821
8009169
5171033
8187805
9553675
7792200
9929275
8904398
1329710
1305413
7171611
1850687
2194063
3900634
9727877
4469777
3768707
2837778
6582889
9424823
9319860
4898764
4662352
2842476
7920441
1909534
5409464
8262130
9866304
1372941
9207803
4172109
3909330
7894693
5399204
3162600
1452543
6592180
4588539
3506390
3905827
4504332
2678162
1661859
6126121
3032216
4174705
8792957
5936526
3327007
1255142
9133669
7319016
5444119
5953144
1980307
3020295
5524572
9552037
3203745
4706092
1261938
4717225
3683670
7169505
7395479
7795121
2340519
4575329
6634733
9197984
5771817
5872032
8893095
5038353
2002706
3272621
8493794
9673822
6152977
5830535
2221814
2515480
9810636
7372812
3237253
1766767
8098377
7700881
4541179
4784372
1189774
9245151
2132495
3771828
2979653
3183226
9384953
2502623
5578339
4492903
9512197
9644985
6947976
5424557
6928751
6372400
1040996
1321684
2676000
1761966
1701960
7667429
2832752
7499608
6047987
5254890
4350205
8326663
5058742
5473471
8864219
8065935
2582714
8763912
1936332
9090870
1907785
1336612
7006490
4649670
7972275
5489138
4169779
1186118
8977146
6927482
3497141
8479637
4025328
3914358
6092106
7038376
4983776
9765522
3366629
6558277
1515282
5069280
2134118
7152544
7116139
9722417
1902740
7108237
4980501
2564504
1746273
4922574
3476779
7418864
7372562
7043111
7233536
2184297
4206326
1143232
5966824
9319662
3761127
7144058
4515599
1786083
2141024
2703796
5774977
8621668
1841742
3494895
6432450
6177479
7365778
1133625
3458056
6542846
5797118
8769910
4368062
3209519
1753854
4650437
6694562
4630727
7866361
2245913
5850233
3215342
2270096
1666374
6946186
9015267
4383062
9135238
1847840
9624298
3807842
9020707
5241868
1372500
8241713
9552759
3556251
9194911
8636680
2453090
5498660
7367735
6200985
9423243
8738229
3584941
8269715
7955690
2425279
7813255
4840639
1726397
8624007
3944623
5665984
7508864
4645158
3534007
7227091
9131873
2437380
5678068
2195288
5622092
1250665
4561730
5284656
7734444
6728740
4296928
7961888
2895627
9510568
1804532
3492533
5359107
2394131
4066914
4190368
7885533
6997753
3678816
8383636
5711233
7665866
8058725
9352062
3020294
5951351
6806443
9430149
8564012
4477914
7987153
8296194
2205135
2823567
4371381
8964706
5720255
9332110
7148042
7175410
7379661
9996147
8101837
4563138
1617495
3952728
2055582
9605037
4551439
7666561
4112556
4622152
6336519
5093185
6501624
3338506
3619921
9215819
2166375
7863427
4547590
6006203
3311241
5687873
9296293
3913759
2628255
8240558
8173542
7528384
5204460
9763662
8819887
9621214
8914258
8268808
3915517
9571347
7976944
8113819
8897846
2847959
7645465
1350475
1024398
2414100
3473760
5519668
5553808
4415139
1822218
1902143
7944432
9074375
2970716
7367971
8024525
2703104
2563230
7809630
1670011
3323883
4945551
3799932
5564433
9744264
4539178
1199503
4960175
8724149
5275465
6274680
8468700
4189186
9980544
7165454
3343671
6371885
7198965
9447076
8669988
3757030
8390398
6891536
8530176
5575085
1076890
8920313
3581527
2003915
6047731
8870897
5539557
6503527
3108915
5242148
2961236
2887546
5680599
1757208
7134821
1964590
7426305
9465765
8640681
8428162
3925873
5637191
1847025
1555641
6228766
8491826
8647996
6610733
9662417
2447870
4066352
1414894
2461466
7746596
8294732
7315023
2362726
4127359
3091125
3930371
9987776
3173182
8487431
6496988
4681527
8005233
9574389
5080261
1691016
5717627
9388740
9836561
8231844
8838047
9533196
1567075
7067388
7906495
9232336
3501399
4071324
5386201
9528144
3574121
3517613
3974922
5251539
2072405
7195263
3253504
7782314
7245232
1368054
8790778
9457658
9716269
9294051
5279612
9095009
2483282
8824613
4878688
5753261
9540732
1988393
2038175
2388113
3087417
9547215
1068761
4304784
2424397
1151479
4562305
1339550
1121759
2660659
7243341
4445620
7402789
3874933
2190148
7589308
2168829
8058364
4879553
4781293
2619214
7143802
4420399
1730089
4355446
5136506
8685782
2839436
8366478
7227999
8319517
2610519
6874803
2220559
8474713
7270317
2529847
1383553
3033054
7907460
8125559
1562164
9617467
2932152
4593118
9599106
2317827
3400948
4194410
6657484
2112297
4667985
1437166
8261726
9235980
7726995
3962537
7426565
8529148
7421658
8832117
6388224
1961739
7311046
2466898
4198428
8739616
9443718
5665548
3887996
5894040
6089113
3508410
1687776
4280398
5831277
4861249
4514764
1583637
8622424
2901593
8788116
7815212
9925813
2866150
4622541
9804689
7316609
1574242
1288823
1386665
5499822
9619881
4552402
5746832
7356446
8941270
4386989
2063068
6895203
4072516
7424566
4673647
8421406
5428264
1756678
7001565
5631110
5885789
9635132
4374698
8576514
1175824
1101428
8598136
1728666
8993941
8308817
1176960
2643538
9312314
8105776
9817855
8746560
1103219
8901718
2428043
5825592
5692246
9406108
3071615
8833493
7222216
5392872
3707515
4190282
3429672
2511375
5436576
3115336
5970563
5619282
5577850
4797418
6913151
6499214
3029551
2782399
8603460
6037664
3902176
5604903
9072800
8749544
4805413
6130009
7587795
8564595
4799878
5245939
8959291
6444807
5202207
7529579
3979096
7137530
6763845
1901645
3065482
5258139
6359678
8972541
2884842
4528061
8584030
7806919
2859919
2142497
1722575
1695068
2176147
7939970
8038281
2775783
1597653
7884942
1686907
5986040
8305256
3077307
7849864
6824600
6222700
8938575
3016670
1856421
2134283
5337700
7882091
3737679
1199679
4251634
9668529
8650348
2091347
5603167
3292660
1339921
3300840
9286460
4719506
6603537
3352121
1316705
7073011
1483306
7872888
1430019
4380313
2179029
1647163
3849436
5844857
1292805
2040066
9890291
4498467
5518716
7712426
1618157
1838966
4099993
4006311
8844684
7842192
5964653
2215782
2421534
6028190
4275448
9838457
9139680
5107511
1009639
4699486
4114379
7837822
6201256
2730818
7635447
3232247
8708320
8470059
3926111
5247897
9054372
3055884
1018533
9679006
4050430
7825317
4475687
6681975
5370546
3207257
2875112
3250835
4330017
4272530
4036715
8464090
5550645
8615146
5470501
8167934
9249941
4480260
8380818
8293498
2456770
7313891
3699826
4401733
7406762
3022241
7766004
6563120
2737237
9681411
2836571
6247798
9589502
8353731
8812384
1891876
3615883
6066766
4210832
9914571
1997039
5277727
6074038
3401090
9013007
4552117
4533355
1994759
3492979
3120744
3105156
5742079
4385103
1541618
5383220
9936203
7400707
2247148
1999331
8262918
7643990
8879807
5415071
8243533
1566833
2800428
7940889
8754991
8882971
2694846
2736754
4677382
6509591
4639190
9869374
2214244
2192918
9953408
9913137
8572074
8970330
9739389
7155074
1922861
5411632
6416344
4469853
8004961
3723473
3552741
9131387
3323171
7596041
6457527
3779159
9593002
6550137
2133617
2813921
5224127
2666362
5981944
6365183
3496429
5313210
5694719
8863677
1479330
2134883
3826427
4682977
4238447
3282305
1617625
4337027
7072164
6639851
6944012
6998876
7893720
2167654
2971124
8073782
5687088
7333222
9230627
6816891
3812709
1404325
9482186
5022514
2828883
6448728
3357732
1569119
8221512
2386007
9474793
3903673
6045915
8336989
3330111
1169321
5214014
1861648
6730868
1563857
8936868
5620610
5519399
1571370
8011366
4427809
7998920
3840666
6572595
5574947
3864229
7597485
7297030
6129278
9901774
3567938
8295349
2155094
8567323
1772489
8819536
5304758
4402645
1781707
7727591
9974980
5866299
9028154
5078855
3202680
8749447
2385106
7227574
9659877
5003344
5506879
2583660
9496234
6290201
1698968
7929949
1254218
1029818
2293315
9570446
5485682
9375470
5088619
5088708
7628907
7435357
7958151
6610347
7010048
2135651
1857827
2845973
1207953
6147360
6637084
8526458
1170920
5740442
6299703
5928208
3740506
3644056
1453571
1792003
8429498
1966489
6942696
2678127
9990226
6478949
7789759
1502915
5903659
2351809
9634683
6175328
6762895
9561305
6671119
6267203
3976660
7722242
2202233
3687703
2643354
1963262
1163647
1373415
9692856
8461380
7906352
4991187
7294707
4396575
6547309
1102201
5187904
6772749
9348937
3244663
6149212
9043772
3766815
2621734
2576369
1671312
7427642
7029441
4598747
1857008
4175642
4885230
6579650
9905226
5762132
2582676
5875522
5650108
8333842
7323263
7529017
2369237
5980069
8641952
1506808
3130236
2947191
8402240
2025725
9914704
3332021
8322119
2012839
4564271
9464411
4504144
2831170
7869947
7260786
4320231
9624429
8778369
4758360
5608966
1723043
4356932
6888510
5057349
7943142
8090763
5829062
9128408
3041665
8311975
4938877
2069734
5239487
1189512
7607167
8931439
2032735
7066752
7646658
5808309
6379587
8192495
1307941
3150719
4061929
6642897
9405178
4762674
4615872
4861125
1269072
9237818
6911598
7677832
1573733
5145664
6334792
6473226
2658395
7501667
4651499
7369000
4605954
1435788
1574082
2230938
3734422
4513829
5128448
3754509
9290801
3871307
5729592
4696628
2352188
6911980
2257779
5150026
3007497
9035538
3492513
7186612
1578044
7691905
2016347
9162453
6215410
4381126
4521399
8305794
4084857
9201729
2919556
1013704
2443410
3708092
4807744
3525651
1328532
5396316
5832416
1970808
7065482
2646744
7222111
6549381
8837167
8260624
9476057
7945719
1080664
8322616
3390754
6377765
1510466
9242917
4205058
9733932
3855229
7269959
4423244
7632667
7395160
3644225
1935774
8645624
8790278
8287485
5681282
1586082
8413769
3645211
1496853
4172697
9481045
6773275
3539447
6605835
3099751
2020914
5374372
6275504
1818447
7543954
2430810
6370048
5522691
9050253
4015468
5308461
2941421
7585715
2409261
8814804
6903175
1831426
7384128
6591583
7924062
7612759
3692623
7004800
2501868
2980930
2073785
4439671
5923609
6396814
4272633
6728669
2427812
4903825
1206068
6851428
7819158
6354857
5179786
5412831
3252535
3860953
4046584
1432606
6562532
6842667
9599972
5757301
5176704
9649710
1093330
4411086
2999345
3556265
3017511
8916668
1896422
9471601
8579435
2546442
1184144
2628528
6764979
5400860
2436846
1974975
8524455
8242988
9789420
4916958
7190137
6528775
8902437
6303161
4729382
5880458
5676648
7519181
8024785
1676319
2110473
7106396
5644597
7755085
8341025
1798845
2512882
4771687
6462255
9544224
2861532
8734940
8694624
6084145
9808687
5571751
6229580
2416619
6018119
4016592
2375634
6356375
6694439
7358147
1695071
5132197
2096575
8822783
2725938
6600579
4700226
5098618
1553675
5330676
4989344
2805515
8616308
5986666
8552721
6327617
3783887
4510439
5136307
2867771
6063874
1653417
7107845
3042751
4240368
6533885
2437379
3133167
3865281
5842486
3140388
8782041
6878267
2450325
1012914
9352102
7947114
9574739
5629641
1328253
8449126
3802917
6217796
1835761
9967179
3968617
7426667
6656121
1003694
3801526
4684496
9040831
5001493
4886816
2422891
7693868
9084792
7981077
8832292
5481089
7186382
7975225
3192569
6760153
4725786
7249609
4941352
5263078
8296896
6896567
9720798
6286417
3926641
3889361
4640607
1579422
5874470
4401376
3941481
2840928
5523819
4434709
9848268
2743625
3398163
9679142
1121619
4412709
2241597
7841675
9921649
8411415
9140044
8394554
2497149
6563476
2995316
3641362
4642575
3043128
2362155
6062222
6872583
2363133
8977126
1776423
9777707
3470547
2993253
7372416
4282505
4573597
8997264
6848549
1108365
1158712
4781570
8824452
5627245
1167178
5910687
4472495
4416746
9669953
8238378
8707152
9384416
5009370
6544473
2555230
7012313
7804651
4611700
1769887
6962470
3337722
5544251
2838623
9909760
8867400
5620983
6545697
9689741
8561521
4411259
2532316
4241197
4398798
6853252
7922592
6509263
9469549
9317661
1659297
2934383
6925190
2560575
6794795
9628315
7224794
8180569
4342270
9243957
6889960
9682259
4447308
3553051
8222640
9669081
2499426
4915396
8524996
1227589
5481740
6545541
3586923
5467197
8396620
7391212
7503568
3656287
1772131
2550131
7143155
1245049
9073713
7155329
2084831
9666908
6968979
4526373
7881004
6271075
2706715
6894244
2804350
9855800
8803180
8419804
4883870
9342072
2607166
4508057
4655727
4622383
7779319
8450375
3977396
8431862
3706779
3997593
9441696
2709299
9214966
9287353
4325703
8735073
5666319
5822855
2905331
8221657
8581760
4517470
6964626
9441160
7472667
9589805
6979334
1282835
4274063
5320563
5728533
2117447
2595588
7767614
3637042
5557917
9776467
6758301
4373060
5053805
5310451
8868492
9876766
8100226
1057247
1935551
5159959
9313118
4350027
5816202
1382523
3527182
2487682
8562143
7000345
8874920
1047640
7785080
2543872
5059956
5270469
2697279
4941580
7569288
5014076
8837444
4310533
6192591
2078777
3730799
7960706
4879668
7478234
5876101
3631114
3861082
6308152
9927543
9173523
4068496
4854926
8544648
9665295
4297155
8744081
3533279
2367452
3474843
3263784
7538710
1784907
8154834
3470702
1206025
6322259
4529369
3304191
2926426
5674007
9328349
3727096
2385163
1232118
5476089
2068370
1260045
5459522
9432893
9783111
4910656
8902596
1880446
4793278
2551675
2603678
3419791
1911317
3285118
7679065
1474417
8001661
7735606
3917295
6711150
7523858
3718760
3142188
9391163
2490595
6609408
1120025
7867910
3802295
2416347
1998218
9204333
3056970
5324219
2808993
9125993
5499350
2981411
9660674
8350906
6135453
8444035
6204688
8654852
5588542
7122021
6169904
6824753
2100238
7097416
6624182
4210896
2347290
5858492
6058581
6266070
9483898
2527046
8274827
3427075
7120504
4506422
3610523
9910128
6768321
4437791
4286205
6660567
6511116
7220678
4373156
6404738
4969225
3896678
3172559
1400408
5272396
8102003
3309986
8037660
1912587
1943756
9439086
7075144
1064372
8625189
4734950
3058882
3315578
5455893
8686868
2726724
8696642
2781509
3964852
2004361
9422353
5335362
1197358
3630574
4539913
6386915
7746739
5691735
9502316
4947366
3371968
2467844
9802543
2190896
9418463
8882874
3981492
4658515
3435047
9907509
8834273
3540868
9146408
8999390
2139757
1162308
8533052
3662745
3586652
1585687
5803386
3613386
3353633
8353571
6540798
3337520
4880804
5992002
6027950
5420849
8830013
2236290
1592582
3069855
8683208
4573188
7130782
8918059
6436841
5226316
9004786
2640385
3784650
3107200
6350435
4273011
9690962
9855388
9991036
5769106
9583272
9712852
3113608
2193945
6018905
7124026
8941386
9422451
9492343
7461866
6775918
7821728
1866083
2931147
6092742
6832683
4225869
7417952
4619992
2960575
6292930
6230751
5305774
6155778
5010485
8205441
8177806
9856090
7360896
4735963
2627388
7225318
5214957
2935252
8724132
2457479
9456785
5111072
1254901
9470032
8914873
5202627
2632834
1384715
2713632
8337672
4287779
1251342
5174496
3106915
4070740
7850709
3918463
3550685
6124628
3437705
2648715
6002736
5005897
8748201
9894369
1673836
7707659
8613438
4975723
2712560
4781639
2371356
1363297
3683091
7495868
5167167
1343994
5374453
7244491
9388780
3523707
2822265
1753467
3462465
8314151
8705622
1819739
9451375
2801784
4435717
5939252
7180726
6035605
3580348
9056918
8510776
5155132
4071308
4885618
1157138
5402610
6251031
7972640
9696104
2787105
9199902
4610266
3147840
5021330
8514937
5340049
3601657
7336460
3354135
8530566
1777924
7627852
2262271
4906300
1186251
8781877
5965184
3927693
7186481
2545674
1536661
9331907
5188249
7359273
1926725
4282248
2488794
4464451
6440505
2992479
4216482
2129282
2692822
9238749
6377347
4155066
7446486
6727963
2350171
8313987
8731689
1817749
1915207
3371942
7272184
9754568
5433642
1354902
4283156
5424984
1894689
5989465
2617412
4141272
7087442
1378592
7072094
2714446
4880934
5936028
5614247
2923334
3972876
7444770
6954213
7410725
3072295
2225104
4905932
4223753
1989378
9269256
4820375
2744440
4470810
9537484
6216033
5028519
5895548
8601891
3902211
8462140
7919311
1212316
6548688
4344718
8840340
2901761
7709231
5389395
5244557
7794990
7629872
9851746
4562132
9604226
3680634
6623283
6482301
9680677
9611924
4723845
1357261
9301875
3083073
1365278
4673308
2854104
8485840
3009960
5300896
2489053
4398660
6465626
3519923
8032282
7044001
2106548
1797159
5503324
6564384
1442192
2436049
5751937
4486581
6177326
7308491
1138643
2863613
8069263
6102829
8703506
3733996
9666188
5854966
6464628
5352704
9433584
4933054
7321217
3224519
8214068
9096007
3570698
6946552
6088353
9589109
4536747
5263680
6908667
8104275
5417538
7502610
3243381
8649800
4790030
6705228
4845744
1856193
2693187
1326255
9796184
4764887
3983565
8423575
5573105
7136099
8630940
9757387
6627662
1296248
2602959
4792870
3782546
1595970
6821316
6554974
6380682
2201301
5013351
7813940
2542043
4463456
5689761
5219165
5014025
3249747
2632451
6949791
2646040
4576565
9733668
7262559
7619015
1708795
5942159
3281898
1972746
9652893
7023105
4255282
1021262
5451866
8706026
5998507
9856003
5525959
7265801
7295910
3085725
4531939
1254990
7520349
3808475
1532701
4490226
8706039
2980333
3781905
4963642
5403061
7614855
8163937
7915532
4158334
8980707
1118416
4278081
5585863
1006327
7568044
6292364
9177518
9685123
5494196
8071370
7098472
7659574
7479150
3350691
4377689
3107041
3931310
5323120
1189131
1354132
3294172
1873646
7323266
3988264
4893836
4745065
9930023
2627357
4800563
7710405
1639586
1013197
3746159
5887146
7138485
2061665
3149944
1900294
1912190
9548659
2162069
3108735
1563853
9728996
3767577
1109161
5767070
1581639
9393479
5484453
5542559
2907245
4989187
4016531
5263541
2352459
4642410
9905978
3379940
7110081
9697556
5710550
9857365
7783565
4824512
9167961
4650133
6367176
1147144
5199949
8687434
8770503
5365399
7798121
1849160
2375372
7494039
2693794
9106549
2269974
3085054
8274189
4051328
2668647
8881531
7446643
7318137
8542077
2258813
5644660
3277036
7799700
7085564
4396334
5331687
2050642
4688739
5024624
3817293
9701107
7571357
7662955
6092355
7903502
6352104
9791321
3094027
4224871
7557191
8910816
4561662
8857255
7280259
4732856
9404255
6453466
1025147
2579076
6343524
1495423
7847771
5361879
7137584
8742109
6756322
5367607
3181534
7198012
8314952
7865790
5553576
3151003
4987759
7112646
5247792
3963256
4084720
5006381
8183669
3747725
7570154
4153858
1133914
4266369
8424557
3331471
8967739
1390965
7967909
5415568
9259145
8771553
5919788
6728962
6919742
2994413
3990032
3039784
6824164
6610637
9855270
8531371
3215939
7581543
8453454
5029232
4945089
8125743
3392793
4867142
9151655
6887765
5247976
3396192
1958776
7808421
2606494
5349608
2095068
7615472
4274383
2075030
4889245
8394202
8628986
5922263
4566561
5229940
3323356
4252993
4044800
7063994
2101895
5205303
2614232
4702472
8815938
4710792
6202327
4494225
1747178
8767165
3548743
6974960
7250864
9810498
5235760
3723731
6323156
8036333
2818114
1343148
5843298
2103549
8586506
7316858
2533723
3318621
9471670
6125457
2851351
4967466
6456707
3029245
8486569
4199546
4539422
4236133
5715171
7570581
8473089
1870646
4799810
9369872
6374976
1110037
1573492
6608096
8460811
7946066
8709712
5608964
2689942
8871985
6288078
2089783
2302879
1184691
8601977
6564668
9705823
2443724
1926233
2191843
8509580
2140534
6848349
3401852
7001829
3749167
7048808
9217033
1511159
1213399
1835170
1537873
8078583
9175093
5927922
8432946
9498680
9574946
4542874
2319919
3403895
6736342
4018539
5515635
5820284
3272314
6674730
2044596
1093427
5487406
4693450
9893172
4483155
2724221
8437603
2900229
8686126
2818350
2198362
7771683
5363129
1179860
4247514
9176870
6092614
7899823
5119915
8505184
8581320
9400805
1004130
9627564
4408973
9855876
7697497
4748809
9292682
9850866
6999047
1647318
4906474
5872231
3550841
7088678
4721137
9268577
9603242
5287173
3034640
4635521
5876113
1545475
5982792
9583852
9370178
2389289
6759004
6785220
1679695
9171819
6468417
2141288
7689047
6492829
9602833
2391842
9550391
3277721
8168464
1583856
7232535
2996536
9633077
1528990
1922944
9448919
9471964
3726162
7412956
3427044
4398051
8631120
3052733
9434761
1616675
5938415
7718578
6552345
7944041
5416180
1390342
6127265
1056701
2448798
2060506
5144665
6095178
5351097
1287590
8405427
8493062
8294855
4437116
7683979
9209699
7157844
2258221
9229632
6974351
5440913
6263815
3614386
2650392
7088117
3717286
6223533
9344579
5453038
2370369
4010046
1190902
4921358
2132936
3492347
9769331
5128412
3525932
8249280
3215600
1750561
6646926
6860855
9918645
5273037
4782484
9805167
5788228
4544785
9028297
6576730
1142207
2219054
2500364
8187304
3805582
7828149
6351067
1278192
8382271
2957961
6119824
6377887
5490114
3204547
5737948
8203762
6934508
6220893
8595058
9278906
2971348
4221753
6689159
6954109
1152580
1502403
9379952
6729109
5735601
5017868
8730260
6752995
5182718
6263952
3107227
1679692
7400893
8220155
6530301
1626776
9939023
3517336
6627223
5240926
4587093
8249370
9597547
2314148
3639631
8389287
8192399
8136566
8123252
8636026
8434673
8888934
2510507
3822560
2748072
1792371
8636177
6447749
4651357
9141085
1135571
1003496
3708875
6436168
5650485
6712365
5783372
3640734
5663611
9124298
5967694
9684474
2906840
8119980
5129293
2003483
6645908
3995554
2643314
8766542
1878499
8715331
1456851
6213712
7134338
1841636
4978476
5296011
7523132
2324917
8566766
8712134
5873654
8729253
3799022
9233442
9988335
8760915
8196592
3050154
5961012
5161199
6851141
1535099
2086010
8656968
1003978
3101686
8240212
1094104
1916938
3848138
8892926
9489916
3586702
2601004
1232186
1023977
6403875
5355875
7875299
4838460
1045589
5856080
5634128
8495240
6588226
1350948
9061610
8667006
7882201
3471533
4378241
3709072
8400779
1352162
8985843
2474919
6916554
5257084
2543454
2902326
9155720
9262448
6039959
1000167
2218466
2845475
2150898
1063068
5696991
6744605
5693861
4566297
2447859
2781570
5957656
9446225
3387824
6339140
4734527
3050134
1977134
1639237
1522514
1312701
2140369
7431813
3904699
4806785
5356900
7774111
9043514
7098598
4609420
4929825
8404909
6134762
9463775
3856963
1525363
3819456
9706622
7280560
2353122
6860645
2620072
7583891
7512102
2494887
1148232
8953036
5783725
2534698
7106257
1875812
4295088
9906549
6704751
4109693
6133827
1892885
5836057
4772374
4059544
3987440
2700342
8736645
5526209
4556749
4761957
2666718
3599900
4073059
6151881
6282196
1750507
6384623
5204115
8479973
1500603
4406658
8999410
8216371
9039428
2821859
8219592
7386441
6044186
8587065
4669541
2921234
4408827
8819067
9354297
4564889
3208665
8337660
7493334
8075076
9923873
6010473
6272500
1892859
3444637
6770085
4929192
7270688
9228790
7577880
7863806
4036615
4488798
1416419
3709629
2654977
4943980
9927448
4990860
6268947
6567000
6450912
6250203
4140893
4913185
3917316
9240748
7741544
3242500
7844209
7461323
1307543
5331343
7016414
7484587
9573913
5964134
3086119
3574218
9037238
6348406
4497431
5517655
3711329
3877527
9682498
6684938
3229638
2222078
1414290
3417476
4202332
8873995
7216667
5302441
7308380
6814975
3128680
6540538
6087635
7976409
7132559
7946550
8831724
8399107
9941347
6605331
1333586
6661224
5820033
2264777
1342605
4118832
6438357
7646871
2311963
8666671
6061438
3509234
9708698
5285841
1152880
7990250
9754467
9961369
2533657
8323806
2939969
4498388
8941270
3864418
2970866
9058721
4520095
5005263
6247861
1527075
5162648
5171540
1149917
6106474
3238610
8582155
2217269
5761742
9777106
9986286
9764309
2152308
3801768
8873186
9060757
2987205
1326243
8452684
3615632
8968829
1513427
4984163
2049418
5259272
6852103
2307374
9879581
9969571
7722185
8495558
8660680
6562513
4367295
5438182
5651426
1465724
8762619
5752257
5662806
8718391
1202189
1761732
4886263
5766793
3614928
7639781
5523975
9937227
6896771
8874211
8054979
6861276
1428969
1061152
3388513
6914060
6973187
5293780
6421532
5557760
3144644
5519307
8909239
8337269
7092558
8455384
2826201
2507479
6281275
9406995
5950744
5108387
2480183
8292896
3310898
2469211
1371645
3310546
5076000
3655082
6902919
8818959
6001372
9441424
3477722
3274725
2214364
9190071
3191201
6966941
8557343
1733894
3659041
1748461
3338313
8595613
2881077
6828740
9239042
2063586
8307011
5816593
6552172
8572227
8853567
1081468
3859460
8125620
5105255
4800088
5660504
5644602
6160743
1867216
3735243
4803648
3789342
2982913
7519269
2335442
4940353
1029624
6133583
1706015
6994855
7568518
5796470
7601403
7357093
1119000
8116853
9798789
8352243
9662122
8212432
3662526
2943814
5498526
3638766
7893347
7849919
4428792
7725184
5624436
1101133
7629966
7657504
3716901
8189239
3652526
2261851
7511499
1962220
7676991
9119154
7356738
3647783
8466284
7330301
7530847
8922141
5750381
3800482
3743409
4015298
7264895
5643429
9913484
5919067
4629847
7941881
6998225
7721405
1618122
3222294
5765887
2398806
1504352
4749403
6940565
3890730
8225450
3442526
8323388
1082210
5658896
2067441
7322808
3968504
7106344
4260656
8543039
4054126
2331723
5220113
5459197
8433024
5350840
2596556
6077726
7957767
3820599
8650435
4799516
3609768
8505318
4607811
6984075
5803317
5148215
4189596
4138762
3111354
4446582
9493430
7902141
3899794
6984125
6951397
8612080
4774915
9024129
2410942
9016965
7778016
5796097
3958875
8177409
8831414
1520893
6256227
2820691
9080186
3509413
1997238
7721294
2259977
7563700
5769272
4580544
2612584
3473323
9201683
1039420
9155861
3307666
2423027
1286140
4327045
6916156
8797916
5067306
3809592
8932081
8341823
3004192
3198610
7339201
9952302
5122574
4895980
9550070
4845652
1091475
2090427
4322851
9868272
1251831
9877983
1439899
5171467
1903191
3969055
8720604
3664601
2434898
8093755
1368989
8134501
7499659
1588634
8047629
4053768
2127279
5977326
9414486
5044219
5315177
3193845
3943729
8722035
3422187
9777145
9856931
6789293
4989991
9633963
5746167
4505627
3014669
4368187
8957324
7709982
8449496
9258083
5079450
8274460
1716060
8854685
9366153
6109596
6782321
5684298
1921346
4749664
6295526
6414662
6230641
1856610
3207959
3189184
5311002
6210659
6268712
5023854
8031347
5552640
5592342
9366329
8221242
3731566
5161322
7796740
7046696
5784656
9699593
9710548
7839644
3687550
4412274
3598051
9211532
7257080
4287871
5229373
6411337
7807420
7676311
2111287
7780458
7544197
9613466
9456692
9245036
6946860
1916421
1335194
4233503
3564740
8732912
1025894
4978188
7027224
2982038
6617172
6040044
5299584
4117204
2334929
9009668
2072261
2043645
8645700
2689351
9764977
8453404
9311026
3875796
6498259
1437402
4294410
4336857
1844274
8224282
8275033
9032543
2810272
6992787
7650774
6872591
5227360
4618277
7890857
4811508
9760451
1058103
9055064
2452715
4894960
9078472
6986075
8387464
7788163
8033012
8243697
5222842
8549568
7865672
5404257
6235537
4215815
1115536
6113686
6115070
6300322
5174272
3774702
2216626
7104629
4949249
2064882
9690187
7212062
1514830
3320787
8231940
4578894
3343239
4189914
5898596
3945391
2942589
3530897
7567833
8547695
8637487
5567321
3412085
8268459
5626011
8986900
2897913
4469359
9310720
7112452
7435408
1657686
3047259
7088027
2133855
9182845
1310288
2065253
8609339
4696965
5059618
8917547
8310842
5858681
9853206
7797666
2707118
9333349
5055404
5909140
2859343
7877240
3407382
1722301
5729935
3850748
6985646
4083384
9831595
5660571
5221931
9301027
6793424
4162660
9644883
5203169
4143956
7819007
9961118
5373376
6652710
9054909
3645274
1663370
8609039
3254812
8203962
9349247
4773794
8673794
2207884
3381611
8673649
7499520
9033282
6508580
6055562
2654553
9942384
9333976
3723025
3004771
4112415
4615948
7326822
4799870
3749905
6877888
5631122
8376771
5086157
4867650
7554741
1702526
5650085
8551552
7014747
3313695
6842509
2246802
1706680
9086710
8870581
9976255
4368408
6717966
5728738
4653319
5909676
3080020
5480458
2617002
1591497
8142919
4848622
6149199
2576010
4057658
3825204
2951007
2771168
5332505
8006093
7356996
8157184
4256240
3359155
3885220
2902182
6232842
6050046
1047922
1984376
3659105
4501704
9039312
4399669
8185114
5615575
9277894
6987070
6033315
9727147
1894926
1938308
2529920
4893272
5696747
3961780
9391698
6553780
1809951
9460376
1055985
6569884
6577477
2708103
7605963
3047244
2048871
3905647
7797710
9938278
3010416
5497793
1984011
3539812
5761389
5176942
3449676
2340584
3731360
2857080
6848400
7333387
2438741
3828146
7046244
8542051
8976241
2840699
2529148
9596754
6611743
7923720
8498323
7990924
4423910
5631106
1604936
1200465
7666296
3216216
5911393
6450411
6317540
5004157
5157484
8105585
5808158
5666131
2172236
5151061
2760758
5263585
4669722
7391002
1063806
4045859
8619844
2388689
2637544
3908881
1168962
9067365
9596472
9870570
5035575
3854645
3793094
2454344
1614349
1522049
4745656
7049583
9598396
3667392
6081533
9977234
4011837
1535056
2995124
1629838
4603786
3433806
1573111
9285779
7841288
5680401
3898315
3933758
9370009
5391114
8254505
9575980
2275579
3757973
3086058
6575756
7324205
7504445
4670974
2881283
5265491
5398116
1302174
9342373
4003096
6661898
5574084
3455105
8577708
5380376
2609391
1545589
4644494
1562052
7999356
8251164
9210364
4725343
1383289
8628085
9467969
8878756
4565420
6352501
7018999
4979523
9407020
4028734
4981549
8421462
6037246
7256233
2623371
9196603
1433443
3357442
7621507
7943883
7300096
2192394
2463690
3641353
4787127
3990842
6553632
3585374
6873180
6521789
4363469
2969012
8966354
1986238
6732829
4937017
2768800
5927723
6605014
8957614
6736479
3551730
7669583
6684103
8503821
9331747
7024787
6499869
2242583
2384501
9836359
9786730
6387922
3043804
1710704
3301612
6209635
5724747
7706417
2615477
8650720
8471014
5153683
1138409
6479198
1423546
2879102
3561104
2992837
4860240
3677368
3898966
5489850
8950055
7940228
3670745
9676060
9731456
1074565
5340858
4680617
3198496
2385714
9062863
4426897
4040817
8093157
2793663
4866747
5604617
5829399
4291407
8481559
5277742
1406342
2336420
6225341
5611801
7668939
3806890
5524708
3887186
2449901
8227115
3465917
3827252
8002738
3123267
7020538
1022538
8583551
2734635
5012097
9134297
6891046
3009443
8170038
2855223
5428016
5533909
3296896
5740691
1309612
8926646
7983730
8828191
7913806
4188056
8125438
6782954
5049667
7023518
4814341
2384010
8034173
7047790
6474530
2037794
6112082
8082517
6462048
5877783
6095619
5610383
4510944
8250937
8330002
5934365
3299344
5568127
6732739
3080563
6577650
1733907
2343654
1127178
7396785
7114887
4507692
5998674
2875673
5889119
3792720
2237172
7308807
2831704
9350072
7215766
2634903
8996081
7949333
7724615
3860829
6377689
4960664
4415406
2062678
5697376
3031102
8971261
2957264
9132177
8292805
7282499
8638568
5280127
4788071
2799489
5656187
3073903
5986174
9053756
2483831
2674102
5552705
4463700
2312163
3957340
5056439
6266476
6378316
8072904
1545970
6752418
2764570
8544134
8428837
4510896
9796347
5347269
8209273
2857500
7680230
8905101
7596253
5668708
3415650
4259376
8853813
3517037
2162385
4511623
9888917
9322437
2501296
7443408
2106638
5854759
6592680
5288302
6773208
7953703
3914882
6497057
6517880
1543517
4887710
2972774
4322620
9239862
5688901
5864434
3200853
3391489
4931353
4192170
3173613
4214302
7156658
2648374
4098706
2387318
5476738
4110975
5253610
4524902
1560283
4986933
2581407
2162436
7613615
3529213
5631804
5011351
5065545
9455186
4136593
1696241
5101139
5964811
8899676
1161967
8257823
3168149
8460817
8974068
7639730
8634666
7518204
4111210
6956486
6909769
5737981
6342258
2548663
5028430
5855267
3292526
9837841
4353805
5993308
6202860
9462368
5329314
4261908
5857212
6897848
9690404
7794812
6252421
5509654
7695523
1454765
9285996
7568727
4739087
6030013
8837350
5892672
2277251
8631370
9536783
8153790
9532136
3572509
7920059
7563183
6227078
8744857
1010733
9284617
8919775
8943813
3854125
7461394
4438389
1263758
9123663
7552167
6202287
2467577
8778393
4841345
6519968
4251671
1602316
6765294
6545384
1605001
8581181
8706404
3115830
4480711
9113726
1929667
2796749
7290804
9025424
8865843
3378477
3632677
2741603
6933324
2011061
4685730
1135601
5856525
3018766
9510084
1192967
9255480
3783267
4020639
9676693
2287212
5123280
6058130
2017719
2536267
7347568
6234910
4333148
2257669
1242386
7538851
1913093
1781973
6004270
9164089
2088026
6726635
5025804
1573742
8301337
9896505
4823037
7597579
6589088
6288347
2867317
2073940
5593508
2238824
1714776
1204624
4711130
7968470
2675908
6612742
3953277
6576990
5927862
1315346
3590104
7953660
7164217
5548974
6224830
8213931
4182060
2889388
1678808
8113766
6888242
4521395
8187486
4292073
1730544
6103752
7663424
9861889
7195761
4296104
2605255
3813842
2601869
1588795
4485015
9164320
7911539
5152828
7515023
7735945
8326420
1139254
8448107
6825249
9024929
5455985
1551001
7576597
6217175
3977205
2891914
3619893
9559593
5004470
8343722
7323004
4436813
2586282
5566955
9839402
1617060
1027375
2493599
3603468
6773067
5395824
8894628
4619642
2047015
3423730
2487804
4563601
6377856
9111754
5298716
8138291
4909140
1705346
4382484
3768092
6181366
6060148
8494528
4604655
9270127
9748590
7464838
2731105
7669774
3478375
3410993
3181348
5620788
4083881
8664980
5777310
1887050
8201792
2969754
7468531
8635646
6903585
3940356
1229105
6934411
5993607
3901532
5780859
6013312
9252546
6116353
7459904
7242243
2195233
1247267
9516141
8197502
5451403
2927745
3573784
6877513
3099345
9602816
1777639
5870530
9784702
1279030
9048969
4549194
1702417
3039143
3312067
6635361
7810786
6858232
6445127
8111789
3664747
7848049
2103472
2167221
6784330
9138495
6938585
1288412
8717653
7048322
3803118
1852148
9848045
8324707
3449283
5604351
5426446
9150978
1905172
4670717
2184246
7482198
7974181
2697803
2483060
2568358
6375547
8183328
5864283
2674175
2699475
2811853
7124448
6564109
8154867
1147653
4491464
2815919
1733518
1767874
7387702
6390781
7073107
9459505
3412212
9462645
4038904
7114232
6250040
1127302
8078290
6964791
9077409
2328284
6587513
7522108
7711489
9547852
9649411
5287099
5519750
1804513
4094718
6193933
4262692
2536984
9607995
5833238
1767510
9196288
2220455
2384093
3851853
1836309
5093843
4346399
5813392
7597526
5798087
8463796
2483197
3741277
2200019
9104038
3758647
9858278
6073134
3008502
4674113
3336427
6214154
1364697
1201417
1879927
4975864
3211747
1781337
6389448
4364257
5281154
2044282
8312082
9782213
7097924
7807451
1007769
2328975
3250661
4766025
1738278
1263801
3732611
9925327
7495966
4406900
4082523
3027904
9327222
3854739
5394842
4317514
9128778
5382417
6004764
9142774
5980983
6766912
2072944
6809646
8042783
3490036
8187119
1720390
3108437
4188440
2427689
8375782
1898761
9170439
7081434
9180647
6805110
5746381
7791708
4497013
3726865
2690392
7299390
1885916
2440043
3668929
6178373
8167614
3947410
8392056
6136946
8468332
8403604
8203999
3008404
5290755
7249237
2977397
4887398
4701161
8816842
3679615
9151098
4257008
3099390
9939546
7089407
8777282
8933653
8639764
9001513
2471478
4369742
7274932
6793791
1371675
1884789
2097600
2647810
1336579
4648562
6645446
3633508
8885162
2891595
3566324
8811862
5593975
4127328
4744388
7894334
6858786
6579904
5341586
5067328
1047927
7730263
1114361
4000348
1940747
8011123
8109414
3747376
8237356
6193334
2543411
6245726
8494734
4028629
5197015
7881024
6897611
3688674
5237571
1005722
7064826
5172118
8447456
9993056
3133260
3862546
1409504
1822585
1104643
1990584
3806731
5001715
2689749
6048724
6409931
8880569
5325344
9606856
1174466
4971346
8077686
9566648
8577699
2279506
4996131
2455850
4178966
8216582
2201157
5122226
3192240
2406403
2646371
3191452
5749259
8858344
4519201
6238883
3978458
9464581
4550203
6624728
6020328
4799523
8013321
8141086
9926217
3199693
1629938
6735845
9624817
3875398
1086612
4687429
6615116
3088452
2895699
4502093
4487382
9244445
4024001
8535667
6694869
3163217
3542709
3804230
7153196
5270319
4406566
9334065
9692945
6789067
1044658
4042306
8237953
8335480
5205667
5160700
4698930
9607353
2211650
7398665
3028730
3914438
8553222
5052387
6595431
3342733
5407759
9649116
4651791
8350805
4959102
5647180
2622929
5476602
9400704
3618970
3187331
4813429
4874227
9367326
2183574
6099867
2475992
3483870
3722015
4736937
6800915
3858118
4685463
7623566
2703390
5810245
8338302
3103528
5812245
1062740
6843628
2819290
5018725
3895569
6743248
9708246
3253062
3241989
2553269
6416543
5068012
6458315
7619561
6863122
3587001
1617633
8011704
6644813
6929213
9636394
1355522
7689711
9991136
6818629
3543192
3175817
7778560
1635399
4746460
3180965
9090047
1645208
4688674
4702150
6186967
7921452
9379178
2215279
1274888
5701215
3223024
1769872
2971081
8595022
4601846
6589005
2330806
4963691
2199376
8543585
7000122
1173904
7024313
4372314
3321508
7457559
8855940
7599981
3771119
5986833
8755733
7208901
6264637
8328013
5314218
1814879
9407412
5622115
5254604
9863650
6974460
3013089
4296707
3190429
7196847
8750437
7524745
6413848
7774507
1581939
4165614
9859638
5784773
6981080
1465060
3752650
8150918
5791439
7366516
3871169
2290283
4959835
3950481
8739488
7264431
9008813
8137891
8157823
7375244
5111568
6610615
2597957
2194602
4686739
2596885
8439901
7872807
5859791
2861419
2017345
1408840
5784089
6787425
7994509
9344711
1164488
3421036
2821550
5798823
9899066
5284639
5839572
8984523
1865811
6691127
1349269
2441254
3877840
6965774
7834172
4524206
4715403
5229131
7919265
5661242
8139566
3947503
7756985
1325711
4841204
5164860
5407425
1678950
4948821
6338961
3523510
2248576
6740282
9717345
7827080
7634621
5229442
8209782
5063695
9932873
3697059
8418464
7174718
3267568
1494988
3837930
3893663
1557996
6443330
4976439
1359102
7920717
7313241
9260257
9717225
6693337
3065613
2225355
9313639
5546851
2280552
5785128
9198033
4568729
5242965
1257155
7578926
1681889
7526374
1437864
8439354
4950388
6430227
6347579
6838233
2263479
5715963
2650568
8254576
8915405
5055183
9259123
2236851
8169537
7291404
9448826
8075941
8776483
9346145
8220328
2021237
3396505
7821969
5794043
8107782
3113088
7121466
4185001
1370473
8780539
5134334
7960790
1039141
2662844
2489081
8542465
5757679
9140497
6533900
5300952
8477734
9005713
9758681
4262137
1821898
8731087
4215664
2815035
5452765
8412207
6717208
7564268
5541393
5498974
8211960
8187045
9818700
2658295
6342528
6493483
6523801
3193660
8532603
8161375
3575960
6357345
4282743
9842105
7836080
7962544
1468976
3307489
7066810
9275224
9209129
5017726
4252249
3507160
1061899
4129227
1417873
3179123
8425402
3754263
5976981
7174268
3152454
7486380
9235884
1019316
1788783
1253034
3918918
9770514
6193660
7657421
4936794
6130251
8664989
3864388
1305851
8610410
5943102
7654572
3861485
4837034
8279486
9563045
2616145
7059418
7870264
2781195
1643288
5389105
4703912
6599696
8150031
9167498
6487578
9369584
6670902
7213609
9553983
2008686
9153223
2015471
1260489
5688477
6344405
1046946
5172945
5608034
7885642
8155297
2143390
6255040
6646749
9380496
3057296
3325004
3561450
6298239
4586572
8165178
5976275
6856279
3694274
9448856
9910272
2342184
6582732
5444570
6843170
5758189
5718001
4455070
6157349
2478305
7406347
1958473
8505863
4367839
5093557
1778826
7321027
5485812
1155992
8948718
6845442
5791984
1078223
2431651
8759260
9720333
7912449
2527633
9905482
3366335
9295910
1968790
4434823
9378021
7406053
2785538
9115416
2681792
3042292
1530114
3579321
3137970
4671689
2098393
2457553
5935824
5932960
6230148
2379207
4376739
2364029
9966109
7522646
4462667
7631820
9393099
7138062
9245822
1689718
3116464
6791261
9974680
1082366
2366451
1617806
2379347
5294644
5855367
4788375
6971250
3269201
8481116
9393856
3320056
9158475
8902364
7418170
9254662
2872875
8059681
4389382
7957430
2522356
9541470
6382287
6754434
3148990
2963292
9418042
3378769
6053243
5572326
1705116
5705818
4382305
7161318
4380427
1266601
3879881
1813850
2735865
1894578
3361726
4635202
7297605
6473261
2340170
7856731
8242188
3866530
6314372
5442777
3397144
6475717
5908870
1529736
9303607
4298035
7580757
8276541
7807310
6743341
6042321
9694787
4054790
7318973
2435976
8418008
1201431
5381703
7160109
6748834
6541548
4449658
9723686
4866564
6546911
3398992
3984973
3145590
4427157
4053930
1641182
6100779
4013244
3067536
2706897
8713293
5039852
7695408
2327266
3942454
2841675
3082348
5691055
7748401
4424108
8845393
9467281
9281433
1049882
3887373
8202943
4676312
2660561
3837321
9214782
6820763
8419741
4782761
6227052
3577948
8644174
1295928
3686846
8062168
7332435
2220231
4397807
7110274
7980118
9815815
7702244
4183009
3544569
9261541
1934982
6924933
2038974
8054118
5683478
8670872
9684612
6829580
5668967
7308491
5958656
2065960
1440072
9762423
4454296
1434256
9036383
8192333
4437879
5878771
9961334
3675024
7009558
1542554
9293400
9361497
8232279
2268778
2305611
5232243
3965191
3495776
7540908
8343602
7528532
4682212
8206943
6585902
6890844
4377858
3287269
9750564
9169128
6109989
7153499
2195999
6210704
7977805
2444607
4957650
3990760
6292802
4497197
3058954
6726219
5993130
2073282
6568762
2466054
9861839
1647336
9168799
3942831
4657085
4572147
8285606
1166774
8736763
2906171
7801466
8708964
4050688
7387674
1568171
2743050
4145081
2394359
6705547
7271253
8227608
6082403
3233091
8199313
2529623
2239107
6178470
7650882
6422525
6714263
9995548
8297170
8443800
9457042
2849379
7804007
3202908
2231210
4725825
3400003
2193116
3103242
5175109
5968586
5024423
9895741
1259167
7695343
8390932
5115068
2955724
7013927
9816809
7415420
5612295
4760345
3315321
8882089
5780613
4509245
3796180
4328423
7836320
5983668
1829788
1679705
3441287
7440168
1706789
6012650
1569124
7782301
7531637
9566660
3107670
5760951
2292357
2572535
8479624
3753933
7795799
7251163
7384482
2068101
1497656
6507345
2542815
2849513
1116312
6035822
7152559
2519394
7667408
2554040
1745758
2419668
2107883
1472886
2425196
5760690
3865216
2244986
5879815
9272594
2968487
3047514
7309590
7730762
4501123
1473622
6580063
3749597
7048656
1419300
8977373
3092384
2445341
1253530
3239954
9514945
1667268
5057570
9662011
5456882
6244463
1168204
5771989
6909066
6798493
2212104
3825306
5398108
4728782
2390242
1952657
8006051
1224619
8745243
3037909
2248653
7883530
2791772
7074452
8459654
9574273
3986253
8566316
4533544
2348929
8846135
6775001
7443921
4905581
4757486
9989578
7584421
3086475
2243666
1890589
9397837
3996514
5724623
2977184
9081656
3766789
7211643
9708162
9992455
1753935
3309711
6858498
8009414
8327561
8781793
1168279
1763202
2300976
2233920
7990527
8559509
6623122
2381521
9453388
4965193
1805507
1391073
5823395
4496651
5873210
8219219
2542119
9003734
1696402
6280203
8761231
5024492
6499110
6299220
3763524
9415600
5749437
6370062
5886294
7428535
6072071
4300459
2999406
3717647
9122583
1728012
4171591
1203903
7965033
4251319
8202298
1582360
6311254
5198723
7698735
1966140
9638150
1599158
4327355
9951358
2231333
4903117
9136446
3701705
5104098
3613205
4429149
7561124
3140612
2777401
5543832
8483198
7942790
4499516
4399220
7249014
7977164
3646202
9571388
4679277
3263183
5679665
1950899
6439568
2567590
3867644
4927630
2403151
9532574
7256979
1004520
6409315
6603579
9298292
2071126
9143543
2108439
3641334
4945661
1431677
8124971
5289879
6566248
4173212
5418157
9436516
1592551
7463031
9232353
8451440
2735165
4764881
1451962
3722128
9249272
3321271
8294539
2301237
5438551
5400878
4363474
4589450
6566287
3881293
1315365
7616545
8150703
8638486
9927999
6545080
8944901
9594521
4871820
4955073
1002512
2754384
2099948
2924441
8266216
6871809
4527037
6056104
9983002
6027121
7123708
1572315
8346481
9650237
8643917
1853718
6862962
6107903
8987249
5135308
2861543
8352526
1911473
5762043
6197136
5498637
4562281
4242418
9290388
8097160
8284718
2199606
4677654
7506148
1937114
6917549
5268174
6090006
1775896
9821922
5179813
4290566
6990628
5180570
3419805
9028244
7038029
2090189
5217465
2470042
7453405
1262328
1737929
6372556
2136480
9088306
8652289
4291333
8900196
2791293
3239395
9323180
7540017
1732526
6725538
1501398
8236785
2431064
3375905
5910516
7318098
5321973
9034340
4635015
8349801
5402973
3106205
2158683
1104505
3797340
4061489
8919273
5624621
2633719
2666229
6975241
4469683
5857974
8962555
2145767
4949298
7774919
5511874
9602243
3782557
7179001
5595933
3299191
1189424
7849248
3292339
3533388
9543371
1813457
3806391
3701662
7919253
9392341
8904161
2223721
4272699
9741282
2963533
3912731
3253217
3048959
5351746
2759979
8662936
8389576
5656462
6444129
9838546
9679482
2449760
2365791
9890970
3147248
7815599
7789511
7875208
8852031
3952850
7797142
9567931
9072694
2757679
5615393
1468879
6899762
3309064
7209303
8174521
6835943
8107458
4464247
6443922
1372034
9658465
3270715
4436121
4613759
2575297
1061771
6277540
2291438
7398670
2219806
6016448
1925442
7921431
6577038
7191647
7720684
2382798
9416914
2712322
5555661
6000443
9067257
3957215
9742522
2209522
5043989
3411373
3047140
8453427
8079118
1186334
9301896
3841817
5458472
8782372
7745755
5564789
3730207
7405288
3226441
6326739
3182353
4513903
3552808
9529158
4832379
5919966
8564608
7605224
9276848
3337040
5166381
1959757
1464230
4624741
2871183
6187128
4829115
3390214
8952576
1736734
5052728
4058998
7362999
2621986
8381052
3892619
7912685
9322657
1604643
5171670
7699189
1897248
2141807
8540807
9517224
8566107
3978304
2733261
2096546
4804151
8675167
3538909
9792302
5065826
7542520
2672041
3766040
2756154
2543793
7951259
4183772
9541971
2705997
5060330
4684305
2181838
8038333
6231813
5995020
6856758
9932216
7417742
1527578
3239229
4160554
6922121
4988924
7737903
5696043
3425733
3629442
8324052
6548640
9612009
3770457
9368620
5293959
1346107
2276358
6588623
7265982
5975750
9747902
1765564
7613468
7007619
5227742
7563219
7300508
5998394
7554888
6181780
9448758
1334200
4821006
2335393
8175592
7521595
5652492
6826305
6992453
6602060
5003440
5973383
5703347
7662677
7651764
1922779
3197306
2784339
3849439
3819472
7323419
2541718
2941264
7542070
1144847
8835095
5782972
3269889
9681777
2897362
5364001
5162242
7450725
5539380
7830147
1171204
6530930
9171774
5341398
6929602
1596389
8528259
5193261
6719279
5123912
5993575
5204498
9864471
9830554
2241778
1228789
8977388
4845920
7001915
6204738
3392579
2922300
7137864
5973701
2269897
8404420
4832741
7185424
7207728
9952573
1926795
6097873
7889807
8978656
7744691
8640004
7150218
2027333
9587523
1240288
6225861
8434039
2643321
5876048
2106230
2488320
5861870
5525416
5053740
3671077
7675189
7729858
7845779
1132692
5320436
5025832
6385435
9493564
8748811
8458645
6268424
6068381
8817059
1767326
8794562
8909402
1542936
9117718
8208640
7828459
2284451
3552713
5781696
7899207
9926089
4636928
4408123
9491681
3373704
8918830
5433648
7514562
9156340
7924746
4739726
6908279
3216733
4994006
5441678
5684579
6324644
1839966
7608879
7093463
4884733
9048620
2118044
7356111
8143591
5484906
8833188
7569641
7705746
6063929
4441801
6959209
1354081
6595769
2537884
9184880
1392009
5181513
3731375
5724590
2003264
2876177
1227539
1251244
4474546
4767902
3423018
4121911
6441032
7967813
9037944
9419753
1685250
6051138
5556278
8760505
2859295
9203218
4831551
2841677
9597290
6616831
3118712
4692917
8245519
3386324
8110778
5469852
1118919
2922985
5956473
7598922
2281577
1657744
8005170
2114237
5861842
1297400
5705065
8052553
3018631
4163265
8441297
5694420
6366448
7881465
2965272
4735150
4504175
6957957
8555945
5028759
5285138
3809819
2956340
6283211
9353653
7321696
7752668
3739692
7176748
8582196
5044408
3769630
2788920
6021462
3313404
3239064
2569463
4903884
1129872
5134344
7943049
9498986
9485986
2053255
9191809
2313223
6362480
1235159
2632153
7872316
2668722
2234545
3755218
8915494
4722117
6628819
2933754
4159877
3933250
4179961
3005142
9200372
9626625
6043866
6062491
4237163
5007857
4931462
2607424
3738707
7461714
9965134
9376687
7189761
7913892
9962284
8078451
3652238
3993577
6154652
7994172
1292838
4612528
1891386
1806329
9965263
2650925
7727245
3514582
2645211
3901054
8459843
3933463
1650241
7496487
5406558
8911747
9492567
7414280
7215327
7101613
4786028
3397309
1250314
3910967
1508261
5245191
1373921
7533672
4801374
5962681
9030132
9919432
4011651
2441918
7687257
7895217
9128198
9666857
1757304
4591993
9738163
3986974
6581754
5409942
7865497
5140639
4713178
4342401
6416515
7712186
6674787
7302326
2094440
1563129
1102891
8176106
6334743
5080194
4492047
8411407
3497926
1375897
2805577
8166693
8802539
3220202
9566599
9365498
5635716
9859692
5532125
8628027
5079316
7290202
8032269
8000683
5383110
9743644
2459045
1635187
5161734
8155990
9147361
5343035
8846805
6510791
2503882
6542577
7835349
9331509
2624702
4225232
8611230
4727240
9297345
5999203
3123639
5789292
4264548
6840194
5783360
9477955
3742148
7897588
3059374
8998531
7323661
5858733
6340479
4881276
3550720
5806171
3560769
5240637
1500498
6714316
2755189
4717431
6919847
8113874
4629345
9918114
4257086
2838595
7776590
2209015
5729805
2186002
9182206
3140006
7541400
6672738
8003250
2232857
9017589
8103532
2751394
2070584
3992827
4328014
8703581
4825295
8529147
3607599
1125587
7310206
5620343
7022921
3901464
5361632
4612193
7496751
5473347
4609046
4975863
2234424
1992815
6406669
6733869
2464154
2867617
8969381
9182610
5494666
3792706
5995588
9863511
7221043
5210551
6314355
7134661
1264853
1737823
3777374
2116278
2527585
7119204
1255074
4955197
4227243
5963932
2010427
2560874
8267519
6954857
2716948
2083624
1982447
3626216
2902635
6581529
8072979
2049366
1819900
8225099
2593226
3478321
6336788
9191220
1964025
9174677
5546361
3797683
9485218
7842117
3399937
6903840
8326192
8023596
1273985
9905831
7178312
4150939
6696295
1610848
8507746
2261501
2095290
2443354
8072104
1575305
6136328
3721320
2523822
7512071
6547568
3736716
4610539
9452654
2213314
3785402
3778175
9360421
6429260
3125647
6388486
2249879
5212623
5122947
5962812
3228020
3877746
8197404
7074569
8342029
5610701
5786692
6798255
4341718
9681608
4945501
9314707
2102635
7014077
1705859
1527585
5793932
2321764
9105699
6839595
4243770
2819470
1604218
9849515
8938318
9636772
8982695
1959671
4486262
9736753
2949181
2437556
7647387
9587997
3818539
5772631
7178784
2410092
7216990
1695200
9888373
2187807
4195209
8940744
2072725
6902962
8493538
3302661
7412803
5317390
1910520
1394795
5674699
5738775
3018212
9633254
9060024
3919217
4792669
3605430
5219153
6883398
1432511
3182098
9103729
5307748
7773485
7174448
9666222
1374829
4971174
4019684
2974681
4637623
5667246
7229807
1413063
9257510
8989293
1568467
9800894
8559254
3821277
2275252
5170515
9249502
1266935
2552929
8325315
4342977
2003567
2318363
7405945
4260775
5723377
4438133
3941199
1644068
7863258
7842918
8647398
9015488
6229451
6564371
1960978
9367855
8016843
8117433
2116945
2071466
2433140
9779209
7606533
7382229
9000296
5600877
1218490
2562298
2996253
7536098
5014320
8281271
7783086
3211407
8607764
9637388
3455834
2644381
4881531
6360096
6608194
2991575
7793337
6005396
3110575
6625717
4118185
1024672
9457929
5428028
2077100
3192021
4242407
1897353
3229398
3364483
6398067
9843293
3211167
6043100
9496572
1481579
1927054
3120681
4397617
8283672
9214244
9244652
4594484
2744051
8930888
4221334
2624165
3118365
5143334
4175562
5836376
6467898
7703876
3034537
2768824
2803410
6953527
3164816
3238197
4082154
7982827
1463087
8223468
5131998
9532290
9525292
5230381
3785979
1543118
7858624
4059178
6350448
9221217
2706199
8053701
7418909
7008243
1540886
8248666
6910103
2266653
7823441
1576999
7160187
4420982
4667515
9676544
8305033
1304963
4994010
6887695
5764123
7928739
7648410
4475379
2177431
9239875
3232169
6535712
3890625
3022767
9504811
4850783
3653125
7218321
8343647
8849942
6851980
9789694
6709385
1838354
6639013
1097526
1635242
3370364
3674806
7188316
7204038
8005801
8046763
4449111
6315908
4291861
4649566
9044175
5198651
4641074
2812600
5145210
2619779
8153909
6900943
7046609
1378090
8267841
8783273
9325630
4170057
3172975
5194080
5622760
5664367
7084117
5466495
7941226
6532852
2898702
1321540
5912512
8005601
3531467
7331102
9613715
6223566
2964503
2872274
8826294
4707611
2771216
9988225
2972016
7768155
4469323
3957844
7972604
2648607
3668920
2916330
5031255
3597944
5856344
4639282
5078242
8884895
3624235
7366285
3862992
5058376
9249559
7307198
6408625
1741764
9126341
1511964
9083487
1742719
1824437
2610599
5449144
2077690
6705236
9778666
8968285
8221473
9276691
2175264
1610601
3953872
3135820
6885682
9192509
6494034
4140672
2811448
6939899
7930402
6428452
2507599
8059569
6220902
5917789
1651842
2011295
7630688
2614920
6130900
3212108
8824855
8433558
6006917
8538589
5990815
2233655
2604923
3748511
8683660
6772758
7937931
3520567
7087461
3539732
7641048
1959975
4894039
4903129
4373164
6437771
6138151
3182904
3105989
7332667
1188429
5808793
2334098
1202051
8430133
7147860
5012870
1720529
4348375
7222307
5940092
6700686
2971818
9476761
2548868
1529160
4786629
9031042
2596293
8174054
7312783
1775778
7720860
5085205
7525120
5667425
2957876
7557322
1924239
1672422
3801183
6546504
8824709
6928515
3845076
7980004
6214690
3365513
8174705
5390206
4355199
3799204
1564548
4992770
5559828
4810930
3274317
7823431
4394204
6299679
1006126
1027271
5741845
3765772
6546654
6385024
5042116
2359353
4700986
4195137
2248593
8401767
3050549
9629336
4921943
5463978
7409914
5025922
9366784
4469158
7215415
2606796
8117391
8179545
5999197
4917370
1369573
4403537
4565958
4741565
6458192
8930351
9994230
8519777
6029257
6452459
1896374
7044990
6495389
5083249
3473684
1230615
2381742
4897627
4965095
6108313
6431547
3771752
8218770
6235158
8582670
7145237
7856415
1585226
2762533
3020938
6868279
8500596
2560612
8680119
1093119
1763001
7699617
5755976
8421893
8771484
7146688
6036511
1201140
8078866
6930440
9279224
3884420
7758812
2141510
4480386
2776237
5648165
1770384
4550179
6502366
8720719
8333437
2875884
3168226
2607928
6186124
8849302
8764754
4908682
3374106
6087373
8114073
5898683
9694952
9405859
5353964
7119961
2603876
1277527
8710176
8566449
3252063
8331008
1046737
8325673
9118392
9494355
9533568
1673820
2513303
8207220
5463909
1040197
9941005
3161932
4879078
2088535
4372410
5370103
5317375
7294980
3825279
5330457
1773426
9058523
2016885
7226080
5589009
9114591
5223461
9655037
7558882
2188277
2829426
4263567
8806595
7921189
5289109
8539472
7940014
1742708
5398600
6254075
8268631
4508537
4732429
1765373
8069772
7970950
1538087
6928115
1361916
3026192
5241953
5439155
9333732
8914474
3868319
8969263
7737694
2525414
8375843
8746495
3769066
3457621
8493985
2507718
1748818
4290544
6869052
1239439
4355217
4711999
1855250
5379792
4358788
5579106
9347525
3005126
6403588
5568813
1826533
9041427
1464179
3687680
7032019
4168021
2410181
4811455
9913607
6722344
8302401
8567591
7507556
8310286
9719409
4485721
3931106
6367821
3960950
7857739
1388910
6546585
8652151
2573364
3781749
4142962
7908428
2231856
1274247
6923273
9432142
3792501
8309641
1566902
6232754
7542619
1613731
6060693
9509839
3084122
1974852
9285570
4131540
3905096
8842203
5971722
6137997
2447090
1065376
8556779
8035095
2261429
2684738
4596166
4431274
9384980
2464274
4511723
2598855
4117859
1008608
2118124
3364995
2618660
2986454
9071486
4475723
1374842
1479410
6682277
6485712
3742868
8804303
5562967
2968077
2722100
6918982
8305578
2638559
7120743
2973361
1960810
9764077
4360086
7679121
4854901
3338609
5495454
9351449
3630289
4076165
5111772
7127227
7982384
9224577
5087141
7019529
1229201
7273188
4112532
4439975
8628107
6314914
7553356
2851960
1633405
9366238
4347816
6349926
9449024
8190768
1111128
8200078
1572672
2980816
4455607
8067778
9806904
2679355
9163970
1124881
6515885
8263710
1301442
8749550
4626453
8923962
9375061
9262109
5886545
8904583
5436225
1845179
1513607
4861732
7188218
8723038
4218533
2076502
4092886
9992130
6561154
7882630
8861270
9914990
8329206
1481952
2836471
3088031
8965981
6573890
4939376
8853627
8822583
9510867
2223998
9539857
8724891
8725396
4953510
5269648
9532164
3922059
9241882
2361837
8977435
8036094
5616591
8492201
4678078
7658372
7252765
3855290
8059761
4689331
8410856
4978545
8269796
5037918
4239278
7064957
4564637
5565461
8208329
8307727
5616998
4746034
8164526
4241261
4971953
6783001
1662847
5982818
3293946
4150792
2335510
3194902
8916174
6482568
5404578
8853562
8547778
2568914
9804565
2650472
7381565
3939462
2861614
1490641
8842370
3456400
7847748
7626310
7697536
9782956
7722452
7182131
4135292
6097636
6556397
6142474
9551825
7600072
1406632
2809972
3707861
3077750
3047005
8865085
5786103
3348898
6953555
3504985
9466215
8839447
4707751
2472034
3529446
4545254
3919241
5400388
3439167
5281880
3597722
9413602
9414502
8472671
7528570
9102546
9724703
7661890
2120400
6844039
6744617
1568777
7151466
8320750
1717651
6766693
3385919
9207771
9299127
6212932
9726635
7995245
2020750
9702779
5370674
1427936
6221516
2610581
5119472
4125346
8787741
5256628
4569391
6682016
4322590
6539078
1274313
1618890
2136480
6806498
6952681
9953332
4247370
4432459
7772148
5777399
4138678
7945869
7572621
7826872
5656382
3001462
6556665
6879871
8895591
7894278
7648734
6929203
7739742
9518722
1366939
2777060
4560418
7397406
7362372
4697729
3516249
7936753
4977515
4443764
5297719
6634494
3435503
4462795
7154051
3287336
5899519
9606456
4196540
4918550
3049134
3178667
3151396
6764152
5874997
3563303
6957954
7886104
3382292
7475994
1386093
8613597
9323386
4859522
7301607
4224996
1024559
3033589
8654623
7038448
9949512
1521751
9009059
9523092
7866714
2603001
3210326
4117031
5069617
2925904
9522918
5654800
3703066
6729965
8033928
3667306
4641183
8457499
8477366
8654137
1628523
1337999
5186161
3520302
9559686
4341171
4730027
8226976
7053274
5116203
3647016
3806556
8333142
6420116
9247686
2280142
7524819
8688057
7792249
8026576
9345988
2015408
3156803
4392707
7639914
5789245
9111595
2000172
6953816
5359102
3366437
5910818
9121723
2098039
4027234
6518037
5705054
2581431
4671944
3395713
9158189
2608315
3199660
6086875
7642983
7940642
7090094
8986443
6138441
5340201
1458342
4471643
6159912
3619383
2010733
7413383
5945525
7448516
8215014
5403335
5969223
3766198
3410549
1335841
5581309
7424236
1749063
7544178
1226603
2172176
4124164
3457526
8270862
2254734
9734019
6080078
5220579
7737258
8796092
1992819
8651556
6961505
4866051
6795544
2009939
3107158
2172322
3891197
2620404
8104617
1202191
1635321
9682701
2566628
7568935
4648463
9946816
7217078
5984794
2813741
5186020
2098491
6497809
6646833
1762439
5646636
8540180
5644246
4474744
3234643
4796264
5082654
8992492
9797570
4390984
8927000
2525823
6845813
9834195
3812539
1184101
7469525
6417062
5344300
7451816
1111375
1208067
2537893
5829900
7766349
3156497
2733919
6712193
2503915
4838309
9929305
1229184
7848724
2089160
7681401
8644800
4480694
9858042
5081820
8001466
8873900
2736447
5449137
8099355
7594875
1132056
7664595
6071362
4801512
6531029
1530078
7165107
5449480
2802264
3659201
9833338
9599735
6177709
8064006
3533746
2530966
3835640
4243870
4245015
7308607
6413207
9518905
3339498
5451987
8694633
2547981
2269813
9988062
1558670
3764956
3028760
7506321
4075921
1133571
6694746
8899913
7703114
5545873
8615843
3787590
4766160
7709645
1540257
5860687
9519358
3151707
9208808
7949844
8585860
1563480
1298670
1713652
6336193
6070293
1231399
4819081
7656791
1011593
2836222
3328921
5842815
3461634
2672301
2501110
4845117
6413933
1920702
7178968
3887807
4630003
5890570
9726874
8156161
3583575
1446673
4932019
7910300
1225671
6898010
7686270
2054800
3833879
1397541
2368132
8939454
7134740
2591262
5952216
9504114
8502600
9192268
5315012
8827968
4182217
2686978
8355419
2499750
4432167
9595029
8759447
2290290
8145038
6909567
9098483
1900988
9682833
6800186
5048916
2103622
7638880
4058952
5438340
4923835
5733836
9230370
5817383
6556485
3632600
4756119
4609154
3102443
9558738
4806111
2687864
6777378
7222699
7630527
9539335
3502234
6156555
3015183
8914483
5144139
2568577
7425082
8895714
1334441
4677514
3762053
6985321
9872805
2631496
1281507
7989669
4441190
5912837
2164023
3220804
6084711
5836328
4661970
3783797
9491002
6450999
2601567
8258909
3980524
6461406
9594653
5990467
7956298
6219632
7925669
1155279
5473396
3197700
4326868
7805615
3739096
3208274
2011881
8829850
4019722
2259085
1223514
8586090
4566097
7593235
9088715
9745395
5908020
5904324
4843552
5322569
8653022
9186168
7943805
1620642
3516744
8203612
7031099
2036103
1375750
4828726
4052949
2073865
1557260
5287591
9027947
7675449
2961072
8884792
6907630
3444649
2366010
8234625
8603549
8175346
5132636
5128335
6569551
3639758
9202692
2814324
7134640
9306807
3141513
8511051
1952576
9447855
3185372
6801228
7000810
7933978
6677637
4856653
7574002
2574409
5468090
8375378
4313778
9514161
2329339
6584238
3028149
8776460
7763168
4389195
4509461
2858702
8610662
5982999
6392985
6695322
7400703
8733544
3733211
8743598
3220097
1440481
5661057
2722013
7883905
1031805
6083000
9400813
8424393
7214789
3112529
6336840
2534479
5652293
5799854
7330446
4740407
3692339
9396637
9079627
7080387
3139051
8631064
9436565
7647344
4746580
7789364
7785586
3261956
3878304
7672975
3800943
3488943
7189779
6854006
5668340
3458231
1483537
7000088
2551311
1047688
2550534
4277748
4120758
9339411
8430976
9398409
6219913
6568797
8560311
1251183
8386791
9215322
9788856
6414449
9101632
1997163
3588991
2975381
6789643
5496517
6119796
5816918
9111362
2027459
9479360
1226073
1662659
6086702
6175023
9304295
1960320
9922275
4480776
8890298
8997754
5796797
6373475
1926410
5045921
2527876
2045930
6818225
8809495
6319022
1760148
3749133
3276743
4123141
7645399
3614086
8667192
3379912
8450156
1861992
6930286
5251437
3069823
2762722
1552931
3200366
3938039
3611279
8596210
8529450
3661195
5458707
6817325
9303247
9034246
1494794
2528047
7271326
5970229
7000325
2004813
7104231
7368638
1514446
7779489
7057614
6020763
7587182
1691223
4205598
4215392
3102419
1978132
4986444
8919634
1821839
3265875
1254894
1261697
1904967
9891795
5291357
9180031
1467552
6506030
5517527
4316617
8046536
3851779
5794833
2431494
2686395
9939414
9002621
6739678
1493915
1120142
8079232
8089533
6222725
9444632
6294655
4877689
2900625
7670531
2463593
7190440
5516666
3579116
7193191
1983589
1696023
4437571
2738379
6934476
8853600
7770030
6655639
3243093
1127812
2663588
5799703
6261342
4212233
1357804
9541024
1890492
8999341
9508960
6269649
2197948
9830588
1287077
9454930
7020101
1983074
2816564
3322308
4385984
5174562
1508574
8058089
5296875
3402615
5521787
9342517
3481051
8537667
7391780
8187668
5192048
6881070
5700699
1630246
6027574
9897761
4851623
6201735
4723249
2248722
7007412
5651906
2959040
5172602
5892579
1589129
9580093
7606660
7686759
1842325
1672268
2340472
1149000
5840044
6512659
7735112
1593139
9677012
1959530
1119762
8466641
3611473
6194268
3979727
5234479
1735854
9802620
7974250
9557503
6790211
2497987
6983868
9217421
2425515
7959329
8456647
9243532
1787650
1150770
2697857
9945395
8177924
7723011
1238995
8678514
3090744
4600686
2238690
9027002
2496949
1168947
2182940
9866964
7445301
7097711
4998702
5624817
7506697
3856329
7658093
2619746
8604604
8585387
8548251
1593353
8127372
7285895
2105492
1403856
1000358
1905410
4177032
7489432
2422929
8483797
8843083
6279070
1154804
9111106
2592187
1664273
2191731
5482660
6527145
1777543
4235559
8174675
7577419
7232512
4207022
2271414
5918801
8565955
3963458
3485306
1889150
2289560
8238613
5994074
9527024
3678607
7365509
9373399
9870362
3838279
5545011
5095162
8275809
3984145
7095001
8949176
9237021
2735991
8562533
9175983
8865978
7693159
9548888
4280934
1421271
1808349
3510388
6327074
6634006
5395560
7747781
4276470
9780045
6383611
2644453
3181458
7579483
5754135
4880054
5507064
6663758
6976864
4923851
8512434
1712595
3832894
5536040
4443633
6748039
7170717
6282842
1095322
6429854
1191502
8976553
7855602
7834153
5265095
5263132
1038996
3901460
5492594
2557740
4462016
9829688
4420754
6571422
5143431
3565765
8792163
8498875
9073837
6277332
7046490
2570209
9349734
4703524
4480995
8127318
4200011
1302594
4823690
7197227
7288271
1898077
3087324
7135279
5300198
8951465
9515431
6650670
1694430
7799036
1713688
4319969
4364721
4477800
4568220
4953358
8678401
1772583
6336705
4964546
9962093
1031004
4889750
6143389
4494436
7555257
2592728
1771166
6788328
1602308
6480367
7797264
6540053
4633072
2581441
3897725
4526650
6277576
4093789
6799193
6550415
2089421
8298770
6451490
9725536
4763371
6458690
8600110
2093569
5169305
2169682
1812268
5483082
7542895
4273147
1474006
8107941
1018348
1144206
1164839
1592471
9489008
6851651
5976145
2906308
3978381
9344035
1462705
4405062
4611357
2697280
3479975
2135479
8283264
4495370
6391024
5569052
5024828
8652827
7958373
1657853
3475649
6925005
1604241
4230691
3330092
3894170
7036222
5317442
1828164
4424909
7258752
1347199
9866019
7344199
1736302
4411540
9260134
2434357
7982733
5089874
2586184
1021001
5096598
3176174
5804259
3863150
7373450
9649967
7500400
7868976
3421157
9916502
6323457
8778027
6386288
9986984
3674492
6376523
5171507
9987617
3402265
3263844
6029018
6213450
2238943
2529579
2788014
9350973
2952883
6145021
9169247
8923238
1969170
6154495
2236423
8673611
9829224
2276766
9883114
9227688
2958057
8291464
6948476
9381253
6097920
9449091
8536467
4120897
9758421
1270589
7401414
7717940
9140028
2575155
2014445
4935567
2172347
8900110
7947338
1451855
5813763
1622171
6759616
9834410
3289626
2344523
6585890
3594393
5214399
1148547
3435518
7762727
1767198
8265068
3210963
5068632
2628118
6202446
1381456
2119542
1063249
6290504
6884735
3148673
2889716
9814052
1467233
1839998
7605767
7883025
9207178
8018226
8516262
1785857
3512367
3103054
5745440
1535828
2009215
9948141
3565302
7976116
9100096
4523772
4662032
1293780
2289490
2730193
9196252
8381403
5344400
8823136
6901544
9610086
3422878
7583338
8946945
6213572
2205045
1680903
2769548
8364075
6431678
9020918
2948524
8633884
9213262
6665010
5066164
6134299
5778462
9174272
4405647
7264931
2670205
3208383
9908734
7345807
8600777
7621743
3066873
9641571
6571371
3728605
1183144
9335596
4757026
8134478
5358220
9851126
9532707
8559778
4495697
6392925
9891366
4464715
9214278
1712735
2900683
7040222
7812391
7407112
1038934
7985458
5236498
8131813
2729904
9328296
2905216
1315574
3503088
8736650
6950654
8415462
6765369
4147214
7422627
7729589
8203676
1882892
5854396
1818648
2849969
9934063
7984030
3406223
9035241
5095265
4169139
6340415
2638479
6868579
5678680
5384354
5340320
5364931
4547733
4939116
9652408
1516887
4884126
5724184
1998998
8032233
5007385
6448115
8886322
2815404
7194305
4983222
3015636
4409942
3377449
3816210
6970048
1380302
5731564
9080832
8415921
7855937
8047075
1454767
7052890
5678071
7889864
1954097
6644548
1727876
9737658
7894096
3074628
4058404
6605385
7092726
5725860
6511678
2382212
9794706
7918317
9052789
2674456
7986178
8393490
6502475
5320476
4790717
3577784
3593751
3833818
4244064
5991564
2266121
2365175
2998765
5252388
5117868
2036205
1700863
6317626
2762339
8191696
4749537
9648638
1828039
8502880
9099503
1500106
6372888
7435935
9821709
8869907
9531322
5102170
6555351
1337670
1750899
2059924
9532369
4605248
4390003
4986816
8659448
4667107
9744002
9557414
3227913
8376605
4649544
6312010
3672385
6833642
2894322
5276088
3568357
6823204
1818088
7764004
9584036
1244480
4320791
1437936
9675193
6772036
9579668
3087966
7664085
4559384
7947110
5417897
3378501
7709906
8474824
8949318
6013728
4452798
6279021
7807352
7943084
4351564
4931549
1204084
4076618
1839923
4818615
8809729
8958007
5535790
6907024
5489883
3085524
2819502
5330339
8180721
9346833
5681880
6108594
7533869
7753406
5179151
4620564
2203083
5208514
2643916
7598391
4314821
2690327
2224732
4297409
7210438
9560982
4129522
7666738
9569205
1050728
7160414
8430804
1517635
9073837
1280486
3559725
6533615
8296152
5194539
8578276
2137681
9603363
9677239
5687043
8711174
9656855
5421036
4570437
9904523
4213871
5110135
1472521
7042324
3233190
5344246
1726885
2383239
2199142
8917895
1214374
2094116
6120563
5722835
6898727
8417406
5143728
7043379
7894177
8424104
2378552
1282201
4744370
6996793
7758119
6864608
9699065
6494145
9899890
1685415
7331233
2225680
5130173
9910043
8626900
2389796
3348405
1509293
3532267
6086443
3132701
7717259
5056595
2764369
6582956
1630450
3359250
6437299
2945695
9134180
6617074
1449916
7651107
1097478
2013646
8660688
5203270
1603948
1952187
3281014
2708951
8011976
2641945
9085835
2543547
2331120
5940162
8746708
7737579
9589831
3117554
8598322
5871858
4016654
4790480
8467181
1822955
2860139
5453028
7488921
2031282
3818298
8319682
7264661
8594578
3601835
7304382
7250582
5874048
9580379
2302737
5841822
6465694
5616719
8044123
1389154
2044490
5917237
6180041
8266804
8961000
7562132
8384074
2879037
6007646
6862511
2835213
1618574
4454055
1564486
5322205
5163233
6337171
2920837
5944744
4126451
9153548
1088351
9273187
7565579
7250820
1437645
8798291
3310040
6483222
5050419
6515040
4952159
6537098
5004428
7004219
6540028
2812405
5883318
4278178
7106403
5446465
9559496
3028154
9002543
6024737
2535226
1080253
3805850
5503336
2055061
9324339
9123828
1198442
5336652
1849158
3158368
5893483
9372026
4535225
7119413
2001319
6578933
4070297
5343258
1237530
9952723
8419247
1385829
5473282
9575747
3174708
5671517
1634546
3971663
5563535
6466045
7234160
8203336
5342596
2439436
1784889
8094929
4644261
4870146
4994507
9456136
3391413
2260060
3905068
2379121
1034627
5300651
2725826
5337893
4693980
6578978
3673547
3145243
6250317
1289158
2826030
4840397
3952063
3413202
7796649
1915229
6983764
3227082
6485701
5410640
2229754
4072847
6749471
9167563
4440869
3424956
8269600
3967284
9067098
7088352
4934672
7169068
4166993
8950508
5749423
9101779
6105203
6888431
7918204
1759108
3280029
9035703
8677570
3053482
8764668
4157026
9772207
4301873
8721889
6565085
3336719
7634738
5596967
1393524
4974625
9961777
7134235
3064083
5678633
1799120
7478380
2538291
3942222
4782321
8387923
3533168
9098613
4056847
4529637
7954385
9353694
2691597
2341391
3007657
8763965
3462835
1499665
4406285
4177412
7762973
3559598
6823295
1045023
2765773
2267499
4842026
8883889
7884316
2040303
4511318
2039661
3055748
2031450
2257813
8432479
7745873
3809425
9576085
3260277
1025664
3693673
2671961
2141040
1163151
7922051
1654411
4516800
8723295
8244295
1649092
4405359
2491295
2171988
3481151
9794869
2330739
3338942
9538265
9443236
8439083
7285425
8477189
5862725
6943280
3566062
8574742
4987803
8380804
6897916
5208221
9115278
6775343
9293033
6152861
9057563
6888907
6325297
5024397
6760338
4364552
5896286
4358142
2926905
4166536
2045793
4316597
4696496
5265402
3874377
4049041
6400404
2084448
7653593
5345496
1356312
2311675
1196151
3800951
6736385
6030193
9234986
5389504
5238233
8644541
2298156
1724984
3884951
6371927
3048593
8764016
7550292
9857068
3013623
1380323
8293578
7797856
8859158
4704313
7791824
4377075
9978370
1464275
6576497
3834938
3281207
6027776
5353663
3719670
7768285
9160503
5351250
8295513
4756333
