1000
6999001
6999002
6999003
6999004
6999005
6999006
6999007
6999008
6999009
6999010
6999011
6999012
6999013
6999014
6999015
6999016
6999017
6999018
6999019
6999020
6999021
6999022
6999023
6999024
6999025
6999026
6999027
6999028
6999029
6999030
6999031
6999032
6999033
6999034
6999035
6999036
6999037
6999038
6999039
6999040
6999041
6999042
6999043
6999044
6999045
6999046
6999047
6999048
6999049
6999050
6999051
6999052
6999053
6999054
6999055
6999056
6999057
6999058
6999059
6999060
6999061
6999062
6999063
6999064
6999065
6999066
6999067
6999068
6999069
6999070
6999071
6999072
6999073
6999074
6999075
6999076
6999077
6999078
6999079
6999080
6999081
6999082
6999083
6999084
6999085
6999086
6999087
6999088
6999089
6999090
6999091
6999092
6999093
6999094
6999095
6999096
6999097
6999098
6999099
6999100
6999101
6999102
6999103
6999104
6999105
6999106
6999107
6999108
6999109
6999110
6999111
6999112
6999113
6999114
6999115
6999116
6999117
6999118
6999119
6999120
6999121
6999122
6999123
6999124
6999125
6999126
6999127
6999128
6999129
6999130
6999131
6999132
6999133
6999134
6999135
6999136
6999137
6999138
6999139
6999140
6999141
6999142
6999143
6999144
6999145
6999146
6999147
6999148
6999149
6999150
6999151
6999152
6999153
6999154
6999155
6999156
6999157
6999158
6999159
6999160
6999161
6999162
6999163
6999164
6999165
6999166
6999167
6999168
6999169
6999170
6999171
6999172
6999173
6999174
6999175
6999176
6999177
6999178
6999179
6999180
6999181
6999182
6999183
6999184
6999185
6999186
6999187
6999188
6999189
6999190
6999191
6999192
6999193
6999194
6999195
6999196
6999197
6999198
6999199
6999200
6999201
6999202
6999203
6999204
6999205
6999206
6999207
6999208
6999209
6999210
6999211
6999212
6999213
6999214
6999215
6999216
6999217
6999218
6999219
6999220
6999221
6999222
6999223
6999224
6999225
6999226
6999227
6999228
6999229
6999230
6999231
6999232
6999233
6999234
6999235
6999236
6999237
6999238
6999239
6999240
6999241
6999242
6999243
6999244
6999245
6999246
6999247
6999248
6999249
6999250
6999251
6999252
6999253
6999254
6999255
6999256
6999257
6999258
6999259
6999260
6999261
6999262
6999263
6999264
6999265
6999266
6999267
6999268
6999269
6999270
6999271
6999272
6999273
6999274
6999275
6999276
6999277
6999278
6999279
6999280
6999281
6999282
6999283
6999284
6999285
6999286
6999287
6999288
6999289
6999290
6999291
6999292
6999293
6999294
6999295
6999296
6999297
6999298
6999299
6999300
6999301
6999302
6999303
6999304
6999305
6999306
6999307
6999308
6999309
6999310
6999311
6999312
6999313
6999314
6999315
6999316
6999317
6999318
6999319
6999320
6999321
6999322
6999323
6999324
6999325
6999326
6999327
6999328
6999329
6999330
6999331
6999332
6999333
6999334
6999335
6999336
6999337
6999338
6999339
6999340
6999341
6999342
6999343
6999344
6999345
6999346
6999347
6999348
6999349
6999350
6999351
6999352
6999353
6999354
6999355
6999356
6999357
6999358
6999359
6999360
6999361
6999362
6999363
6999364
6999365
6999366
6999367
6999368
6999369
6999370
6999371
6999372
6999373
6999374
6999375
6999376
6999377
6999378
6999379
6999380
6999381
6999382
6999383
6999384
6999385
6999386
6999387
6999388
6999389
6999390
6999391
6999392
6999393
6999394
6999395
6999396
6999397
6999398
6999399
6999400
6999401
6999402
6999403
6999404
6999405
6999406
6999407
6999408
6999409
6999410
6999411
6999412
6999413
6999414
6999415
6999416
6999417
6999418
6999419
6999420
6999421
6999422
6999423
6999424
6999425
6999426
6999427
6999428
6999429
6999430
6999431
6999432
6999433
6999434
6999435
6999436
6999437
6999438
6999439
6999440
6999441
6999442
6999443
6999444
6999445
6999446
6999447
6999448
6999449
6999450
6999451
6999452
6999453
6999454
6999455
6999456
6999457
6999458
6999459
6999460
6999461
6999462
6999463
6999464
6999465
6999466
6999467
6999468
6999469
6999470
6999471
6999472
6999473
6999474
6999475
6999476
6999477
6999478
6999479
6999480
6999481
6999482
6999483
6999484
6999485
6999486
6999487
6999488
6999489
6999490
6999491
6999492
6999493
6999494
6999495
6999496
6999497
6999498
6999499
6999500
6999501
6999502
6999503
6999504
6999505
6999506
6999507
6999508
6999509
6999510
6999511
699