100
2254707
5618361
2344450
7824969
5678806
8295077
9558940
5928151
1754178
3661428
7765367
8027860
6837448
5108302
6947378
3981146
3424583
9627236
7051631
7862710
3211671
1567511
4183170
2507441
3784482
9412869
4913976
5050670
2514552
3427185
4403556
4736158
2318490
6806138
5164710
2590384
9063513
2871454
8574613
4241043
6607008
9200512
5837799
4633520
3316807
3815743
9090239
1309475
3809754
9257463
6944983
5525026
4886322
5913189
6462998
4736721
5282386
1720902
5182820
5720476
3575325
8055177
7644140
4627757
9326830
9971174
3185833
3859887
9419001
8337949
1378724
5752564
9324561
6195379
8732677
4109732
6541081
5514634
1178672
2329134
6511046
1268944
9042243
2127795
4922341
3784211
3172157
9944888
2847298
1976290
5012713
3895596
8442425
1814263
5737396
5294874
9367737
5930827
5942395
6576832
