10000
6957684
4284080
2621727
4789278
2198079
7413981
2622545
7727485
9629498
5076051
9882348
8065589
7069733
5302759
9771217
8720185
3575939
7470925
4521393
1408377
7038273
1091586
3858529
1645046
8500722
1922181
1026900
6601586
5558921
3244923
9188265
8687660
5206775
2539219
5785534
1529107
6345751
5544386
4449700
5119313
2289344
4943743
9225556
9112057
9587434
6191882
3972897
8925156
9099196
9172025
8733664
5099929
2727821
6247988
5468629
1081556
4034761
6496482
5455703
8962217
4562717
6553738
7108558
7836688
5756061
4814127
9556771
5273291
4215749
4971735
4289047
7557470
9214902
5757579
6131656
7865991
8499707
2029588
5912305
6135263
4448908
7954931
5363761
5630688
7703370
1911914
4728222
1408080
7030524
2180026
8157642
5873764
6763200
4967349
5714102
3906552
8207245
2885141
7484749
4534407
6624592
7365124
6246156
2163638
3927421
7078062
3986928
4965742
9676831
4418508
8359567
6887562
8638067
9826891
1204883
8882590
8312001
4794645
3252804
4458233
9576091
3079542
1370804
3263093
6946363
7048185
7208336
4761236
4990840
5298116
7834325
5095517
4909456
9176946
5912289
5944832
3546347
8554145
4117803
5091150
9278207
6572107
6178508
6907589
9052399
5026296
7454775
8702363
7808145
8386756
9914566
4416273
1594279
8225741
7208359
8027554
3111245
4130977
2044934
8921756
8369324
5684053
5743363
9636711
3550102
9162729
7440335
8029780
5255866
9600299
3491722
6123615
8915586
9484681
9951576
5974984
5371138
5187059
3187261
6211455
3199658
7485888
1841397
7354327
5833407
9346784
6958785
3029061
8705079
5398355
6240726
4491376
7745915
8674704
1217343
8182403
3546641
9932528
2236645
3897314
9375666
1257605
6414669
4677561
7640376
4226125
3591987
3749027
7875483
8868003
7649173
1264178
2942213
4436585
9720882
9158467
9112532
5098511
2316875
3406012
7160680
7507479
7531705
4694697
3278333
4061500
8978521
7188195
2578841
8334536
2965269
9380210
4290937
2262198
7437708
8410132
4728801
9413936
6730580
1322175
7443675
9095937
1194190
5453260
8476137
1894150
5961227
8374637
4613445
4528513
8082197
6565137
4358448
6035646
5981327
9875725
7799496
8029626
8081464
8614013
6541055
7832008
6084877
5735348
5679073
7044127
3680447
6177337
5129742
5207137
5793125
3292754
6787384
6050885
5653770
1338293
6386574
8829791
5067104
6433189
1352978
3917599
6000398
1578115
9856207
8260679
7142208
6264413
6133902
7530945
6525054
1925579
2780290
9129801
2071607
4032552
7127274
8198655
8975573
6571598
1083662
7310657
3994852
5219269
2916557
4078086
8658679
6288358
7544861
6520245
6494651
3816115
7642859
6706488
2686904
7558721
6969134
8311772
2358659
8679282
8776711
6835306
5184945
1320332
5158370
7315067
5432057
3233982
3745170
6011263
1722016
6222204
7975681
4275951
3807386
3480865
7742639
6219461
5320534
2102789
5733613
3254384
5258090
3961047
9931161
3260653
5396985
7887453
8454988
8628714
8229154
4592330
7751353
7986237
7337874
1735272
3916544
4948093
5925683
2418742
2014667
1162647
4569086
3964932
9173272
9430612
9958047
4106556
6704048
8209681
4857423
2084715
1490638
7936376
2167183
8822561
1498387
6110781
4330922
4616598
6290417
5195363
7147859
2289894
3682998
5645481
8136120
8842655
7814643
4205232
1872175
2250576
9245172
1564950
8964336
3133580
7492490
1647296
8737850
9177304
1843471
1944331
8892049
2043289
4262329
5478756
4749544
1311570
3152546
8247473
1792075
3598236
9899958
5540175
7528103
3484255
7562085
2941534
4445045
9586761
7059851
3038667
9543148
4049637
2815526
4521301
7836933
6567206
4965815
9877722
2687205
9734171
7567564
6247746
8689894
5290454
1482196
5639356
8861486
3154928
4372380
4822848
8494115
1659935
9921497
3502670
7044910
9473564
6911255
6929805
4696015
7646430
4540008
4942414
1844377
2255715
4468144
8033507
1447519
1076656
2375544
1617978
7607750
7096399
3578952
4871711
1920516
4105873
7566106
1189377
7845016
7970365
2167907
2916707
7557260
5126055
6981277
7002735
1159463
3902612
6384651
1059454
9801247
7903454
8664539
7263091
2094567
2893475
6779874
1027129
3006884
7740572
2883628
4139985
9627750
8775635
4183066
7032457
3433020
2505772
3609576
6974619
8070072
3724783
3376111
6073066
6507268
5296981
7615423
8968554
4826180
1077369
9470689
5241784
2008733
7507721
8752755
7119912
5941350
1642526
6389836
4361870
6362294
1837849
3704371
3099495
4826165
6100631
9284538
1570969
2181054
4545166
1923944
5155177
2697980
4737192
8976710
4693388
6978212
3967351
5110417
3176680
2323099
9885442
8184985
6085156
8742777
7885608
4339321
1407621
7825821
6998347
1769119
5817723
6465627
5457638
9431197
6857324
8844418
9518314
9850737
4557375
8522578
1945558
6269969
1436515
6908069
3522310
7470930
6943354
8312244
9677134
5203858
9410729
4652189
6871079
8215660
2821073
3297763
7890745
5946556
2639867
2906238
7114057
6760314
5108359
3981003
5351117
6176883
3157654
6113327
7133790
4680302
4456090
8225095
7002246
8927227
2065395
3145523
8103427
1732731
9849395
4191524
4002251
4845235
3069684
2371650
2162936
1011105
8914256
6914082
9420093
8540828
3102594
7136015
7261954
2265518
7874132
4677928
1312789
5730324
1518736
7553402
2633266
6711073
6428907
3699191
7211781
7320183
3601943
2638990
4462310
3463343
1665856
5237059
6180948
2205619
9562594
6066306
7238541
5923913
2219177
1706975
7570333
8306929
8862577
4027265
7063973
9789562
5450143
8496376
7635110
5638305
1237416
7876084
2827126
9638163
7329673
9294992
1036507
6089956
1686887
5109581
2633830
7201432
6808528
1716635
7493194
4363738
2609338
3576212
6004134
6831946
6058451
5423458
7244935
8876004
8597728
4579028
4264922
7899246
6566178
6024709
1816096
3819729
4226375
3818973
5642626
6062186
9407613
9164171
2749024
4394947
5966020
3605498
9303501
8082469
2086492
7995114
5725286
5686136
7474629
1996282
2178755
4216038
5141214
6995859
5779397
1097548
4228721
7816272
3729784
9765642
2948773
7716525
8623787
6018084
9637124
2372133
4127431
4878497
6606702
2475943
7287492
7306746
3938198
6893475
2281010
4305359
9307204
5922369
1090775
6686014
3037778
5984194
1138692
5926293
2413052
2452818
2246005
1802945
6523361
7555661
2673185
1384559
9181143
2972273
8561247
4586746
1469775
4320787
6216379
1815877
1566133
7197374
2393559
2345299
2874644
8303105
9958685
2903813
6670639
7681119
5382468
5396691
5649698
7219253
1076569
6872013
6442226
8772286
3525305
7502700
1794059
5098018
8201156
2126308
9313721
9296408
3869797
1396444
2268738
5239857
9664183
9969456
3086546
4241302
3780130
9784134
6357182
1186676
9382726
7044207
1536686
6864398
4057199
9760071
1280829
1869690
2607187
8263312
2492755
8802993
4928328
3158900
1896517
3310864
5536369
3119633
5552155
2136004
1524547
2768561
4888554
5426885
6876963
3267025
4895796
6926113
4126203
1343433
4053165
6382939
7185045
3655725
6497984
6239012
1609359
7705715
4904282
2662435
4931984
7979966
7290333
5797513
5272202
1249289
7766271
3080111
6254137
7162623
6337772
2812139
9004634
5237065
1962834
4735184
5614712
3934649
4185188
4446501
5153963
5189966
5632849
5291272
2888122
8568520
2537390
9678083
5272828
6608766
8578929
1814110
9368042
8427557
1958408
1423663
5877543
8168195
9349994
9014903
1283946
5584492
5965420
7516974
9063683
5787045
2202016
9280922
2293364
5561126
8540009
8168010
7549691
7939924
6847018
4801513
4130150
4145479
9568903
2229273
2245510
2829256
5438012
5101732
3127847
8847103
2542573
2215874
6565455
6291603
3203886
5586544
8208389
5313803
5964628
2152213
3117644
3619940
7632372
2732730
8377961
6341762
9471228
1564658
6968385
2728780
6762591
4128199
2904191
6647994
4198580
7116326
2233333
8175338
9627601
8555781
8999529
4080427
5787939
1117356
8130138
6673313
1896282
2451729
5964234
8644777
1022604
6960336
3156959
7381614
5051543
9250402
4987485
9761829
9188796
4050843
1340375
8837197
9753784
9209490
2320950
9869426
6194852
1899532
7210785
5134747
9603368
5232897
5664390
6566554
9133068
5249395
1099744
4123547
4310583
4361387
9071658
4633448
4755075
5125438
4606858
9472748
6340697
5020960
4130026
7910869
6593650
8682975
3097475
1297423
5203414
4538777
6612540
4432174
3789904
5083490
4355842
3715643
7900050
1445648
9922608
6808243
8411197
6835288
4272521
9896115
9403252
8019375
1242475
6777279
6475682
8469625
3163063
1205140
3155905
6249517
8398847
6243628
4983869
1388772
8637759
3589594
1345129
3332614
2132247
2867070
6607904
9042575
2113504
7606003
9367214
2064297
4158998
1911526
7151089
2044179
9186901
3929176
4913890
7459170
3236143
1564775
7653817
2689079
7257853
6644481
6000768
6705721
9503852
7514658
6118054
1272035
2330858
2409431
5724176
1904479
6350465
8460755
5736931
5330244
9134563
4942690
6092565
4450270
8948551
7042403
8807877
6146988
4344180
7909546
3654625
5968255
7933524
8849639
6458551
6890761
6058531
6532040
6155253
6876539
8046352
2840941
7149485
3311571
1351427
7132541
9890635
2052781
7860992
2867300
1655050
2369497
4873300
4844688
4546567
4524685
5146133
8506379
4532756
7590715
2755607
1973626
9450952
8626733
9638124
7625615
3218172
6350711
1237659
2829283
3444161
5810709
8210765
3871735
7694193
9423038
6077844
4655653
4475420
2834624
8838038
4345049
6310772
2761414
5218553
8647333
9443819
6460823
2034783
7367461
6406060
9232135
9161756
4704703
8743967
1233171
7470086
7875647
3725185
5455280
6203820
6712185
4770356
7579125
8836986
3927264
8295355
8633634
6619348
8785613
9193505
5096272
9882986
5214083
5571362
6744082
3330187
5600850
6109754
9924427
4243181
2360858
5132109
2033873
6348692
7903186
2748831
9917066
6437730
1256184
4395310
8300598
2867622
8341683
7582837
2975308
2347247
9087022
9889898
8374336
5361363
8315855
8530002
8480917
5642556
5393217
8935995
8664438
3104323
1471046
2881635
1907635
7758879
8981584
1184440
9663562
4764272
8354833
2456536
1063306
8900015
4952177
1875714
9549103
8341465
5555759
7640132
4654546
1055420
7800475
9644735
8484968
2888641
6716235
4519552
8113214
1725180
2867539
4666064
7576195
5172335
7707154
6407559
7656277
4681606
4095321
3656269
9132911
3663374
2520294
8476673
8077011
4338775
3282082
8742550
3345548
8777005
9411824
2248370
5456215
3392090
1114358
9120921
1213898
7822190
6981423
9272931
2914444
4252393
8987106
3884481
7408142
8439929
7972220
4647685
8677882
5775728
9934557
6805331
8623179
7271368
3082033
1192667
3624692
4887785
1326556
2196649
4402997
6064154
8180867
5254815
9318458
9375175
2140608
2572801
3912502
5989043
5246749
7445210
3061119
2766141
8402708
3172765
3728618
6008760
1147182
6872542
8265370
3613790
6489978
9655275
7727164
1780181
1703704
1995773
8928327
6731157
1606758
1437828
9143826
7057152
1583234
9585490
7894277
7675772
9822432
7186631
8644771
5485254
4166357
7006597
2289911
7699775
1128876
2811261
4512502
3487580
4328328
4667258
1740125
9429672
3425546
8550964
2678284
2652533
6496013
1663848
3702514
4479715
7863888
1057350
4864418
6349960
5092692
8714324
6634902
9317385
2705774
8072882
4579242
5909136
6077581
1466829
5590651
8067288
3780407
5705920
5144217
2989860
1058832
5624256
8678458
4806199
6166957
7834479
1347657
7089863
5252088
3978812
5448854
5090155
3284579
8808696
5269006
5570096
6090057
2657541
7776726
3443623
4933082
2503242
5292227
9293561
5765039
4650242
9444869
9239846
3502839
7990983
1880036
1129634
7330224
9183793
6447075
2912601
8271873
9778883
4014556
8794405
3284639
2037416
1928571
8877814
8810734
7673562
5934366
1322570
2946570
4510428
5818300
5551804
8945773
8982849
9767350
7709426
2995538
7926308
5427555
7238722
4575675
5194369
5152007
8723421
9887920
6096260
1671142
2108216
3364464
9047921
9367261
4440950
3584732
1248780
8693352
6038434
9756993
5029859
6612818
8405180
9475054
2913945
6510874
7025354
7550998
3871356
3860547
7734577
7986471
7742026
7067558
5673596
5343923
1077447
2264490
4627301
8154918
1891346
1766756
5801322
8670169
8769321
7966827
9202010
3823854
5331858
9086279
8128168
3264733
9716180
1461762
8425752
3246453
6281277
3934390
7367103
6620949
5296798
3371065
3143728
5935581
1554996
7452958
4038093
7517864
7022568
4696621
9898842
1771108
9407338
8173941
3287305
4245629
7232490
7779927
8992657
3426542
1014895
9405662
1048041
9078832
9430100
9514142
7960900
6970367
2879048
2353722
3667525
3625251
7475725
7204465
4216077
2493268
2434419
4927531
1719939
8338209
5878302
2569383
8631404
9593266
7029589
3586648
1751259
3208755
8419589
9950010
6994219
7800523
4640510
1809438
6128483
3239909
8402180
6444677
1554962
8880445
1516409
8663132
4668267
3640335
7622369
3439083
6506314
8986284
5693327
6394676
7916504
2413710
8653894
3641306
5355139
6693982
6221587
5726991
1728850
9280427
8476689
4727066
1825817
3498573
1330149
8178007
3511104
2155313
4186891
4865168
6789368
1887527
5773577
8943349
8699617
6031065
7345179
6796335
5531454
7495966
4260583
2246490
6715330
2719856
3283578
1314460
6636920
1822738
5759579
6106544
3106453
4548797
6241383
1534399
1140057
7823124
9748860
6648465
8461614
1065670
9868690
7730495
3683272
4120499
1317671
6603260
4975734
4303810
2950355
9636413
9550001
3315305
2839115
4132302
2094371
7760102
9399034
4162462
9012713
9485669
8427485
7492276
3661084
5629218
8483174
3203395
8099108
4528961
2638988
2451531
4130671
5810803
7625017
6472778
5291849
6691675
2123108
9770219
1600188
4255977
8900240
8725588
5088019
6654414
7678757
9794293
1613681
6407176
6563157
5403007
2291439
1865728
4856754
9446619
2058863
9275313
4130783
9671444
4063395
5349755
3288245
6003159
1791034
7526040
2865223
8322753
1406835
6855182
4942135
7669968
7727722
9288406
4122931
4472678
5107059
5474755
4568331
3930114
8718262
7365543
9261828
7355337
7711347
5131753
8455434
5014933
2008854
3533211
6806681
4584788
2895364
1701762
4529942
2816691
1300406
7715982
4155412
4759931
8019454
6924573
5607601
3242948
5466952
7865210
3705739
3694577
9374699
4180147
1919565
1027108
5747217
3169634
5142607
7820002
6090171
4666707
2945636
6574969
4416761
4819238
1830254
5928441
8964257
1984127
7275919
7890936
8167829
3716196
4529138
2833137
8698722
2356214
2262186
6226759
1444902
5587236
8665657
7381190
5394306
3167291
5145252
7132778
1083362
4188385
9318269
3933331
6908441
4767667
3891377
6453944
4233160
6382532
1683867
9629731
9372032
6279113
3444154
6249862
3490822
1927219
1873398
3535739
4907679
8820131
1059633
3613233
7010005
4117836
6177428
5095501
5102505
6737013
5439784
3247789
7303849
2157004
5061806
3238732
8451708
5250299
9336201
6842003
7371571
6534125
8006106
7721068
5729747
5418336
3805684
8710364
8252241
3117625
4844947
6729417
9919621
8743932
4998823
3955057
4798795
9416330
6883941
8874805
6474478
1946488
8376616
9235037
7334006
2341132
6802427
3455925
2673779
9610922
8703715
2119448
3254619
8186391
6669003
2947867
2610944
5680069
2437920
5343268
6326118
1885960
2954679
3223163
9741404
4459112
5622931
4525921
7095521
6580311
1349140
5864711
5990130
9531780
9774036
1144042
8152801
1371216
4438788
3408406
4102256
2560976
4423199
3987047
9731334
8083140
6168805
5386391
5864657
9026631
3430564
2245092
6631357
4128503
9178242
2393280
3582837
1288287
8788966
4153903
6309536
6768570
9304576
9616836
6099693
1748537
6528701
5118020
4461610
1248673
2793528
8633518
8464994
7027486
1473694
6406194
7537693
6801684
5233977
3064913
6538781
2936534
7718920
8537285
2279038
1109807
4190269
8863082
4920590
9767657
7128303
2465244
6201366
1741940
2172857
8858410
6984352
5228064
8077331
9021418
5246449
3732118
8851968
3002614
4457409
9620131
5445840
5360279
8224009
9283069
4214663
7108321
1720628
7265339
6014125
9129687
6966881
2693623
1820072
9057495
7741056
9880847
7354383
7803183
6650644
7090219
6537504
8654674
3333153
7124017
2174478
5509773
9378510
6254975
4524411
9795358
6584637
7234407
6939644
4857319
7233768
7769849
9696526
3590511
4467606
8925029
2110915
6191369
4741015
4807975
3061642
1879456
2765884
7594296
3490478
1841050
3656715
1472945
2911717
7780947
6339098
2803402
8883293
6798389
9385322
7007868
7420610
3236262
7782374
1374467
8098179
7697026
9123100
3100079
2887910
3454690
4569147
7741940
9574857
3914565
5539438
5212856
4601259
9569980
3910816
9790332
2335459
1970171
3340258
5142158
4037984
8884327
5161745
8546117
8043760
5056426
8612123
9318926
5074301
1422846
6490572
6832582
2148580
9401040
3342307
1948016
3995072
4052379
2325403
9217760
1286352
5513665
5184327
5268529
5592349
2080629
2906782
4867403
1771031
7141036
3941664
3725632
8516935
4022756
4463912
1617641
3112928
6548276
9058026
5348012
4951131
3551709
9188975
6847376
7623120
7583465
3155567
7584955
2852324
1608643
6764854
3376530
1973863
5230758
6549731
8166994
8810086
8698273
9449805
6906078
6220729
3332059
3819663
1604649
8180957
8354955
7414437
2031879
1016981
4488490
9308784
5552262
1675268
8304997
8020351
3340825
2836135
5580260
3481463
5345160
9753121
8058392
9424468
9691713
7604991
8096628
1465872
8930219
6726326
4888098
1433396
2202276
7651689
6774817
4919158
8605225
9021112
2752956
2149186
9948317
8300630
5421550
6832323
6755013
9334561
9698628
3939724
6214562
6411256
8521155
4360451
6934399
1619904
2906010
8808006
3313590
3227864
1863451
9044848
8418445
3045910
1523294
6564093
8732806
7111345
7723349
9840461
8773342
5191217
9960334
2308582
5281029
8052723
1916862
7456677
3381872
3407074
6923906
5864374
4590571
5819251
6556732
9184930
6352641
7370560
9601035
6692250
1379560
5738745
4379634
1591698
7083879
1559893
2346437
6745455
7760291
1194263
2995089
2534291
5830026
5841999
4595979
1268001
2158279
1136638
8027763
6659589
1149415
7608550
2581609
2451910
1035186
7774722
2095807
4698174
7967661
3086194
3997473
2589009
1473447
6737194
5212210
7457029
2216234
7060244
2276345
5385602
2925315
9034307
7358699
7841474
8024733
2212938
2983857
4675147
6618378
6495653
4604052
3738370
9147490
2271254
4607360
7093658
9566865
4834330
4104822
2301094
8210436
5471894
5824950
3210580
7930355
1743908
1490908
1650699
8167956
5500451
5875912
5627606
2388742
8312478
8676468
3418009
6506493
6777196
4022177
7380980
5990294
7619344
2518155
2644814
7529146
7429130
9184326
8453276
2950951
5336110
9809448
5978778
5881444
4996659
6216328
1307353
5998581
6749111
6061918
7067363
7656767
4990449
4110812
3119635
4220325
6556536
7534148
7576305
4189236
4933915
7086299
3500252
1977347
7074888
9896190
8913048
4812239
6578569
6066988
6931370
7636140
9696619
7921284
1600187
3077903
1991010
9487856
6137906
3142004
6596394
8102824
2650925
1236819
7107855
6052331
4245345
3014239
6070144
4842419
1516408
6353697
6011919
4889519
7125435
1804978
8205756
3196510
1970376
1815287
5838715
8180602
7360878
8288249
2874556
2480555
9391687
6494765
9246378
8283021
4387677
1810624
1897182
3043908
4306089
7755302
8587268
5719766
2894648
3041941
4470799
5465120
6484239
5645581
1266553
3549053
5614097
8911514
5900326
8057323
6125278
2720620
5792857
8862040
9915759
3017445
2141215
5781485
4463055
4427020
8250947
4198625
6785060
2665794
8351498
7573608
9216271
3196146
1326273
8766956
2921016
2254309
4147756
2363789
7690430
1241327
1345304
6132588
6527294
6881867
5894267
4983069
4741802
6007997
9721803
1088414
2668228
3688785
4546652
2610922
1513707
6005326
5114815
9463082
4796238
5284753
4197663
9941829
4990759
3608015
5452598
8489591
9687178
2125345
7110712
8217120
6854182
8454415
4897413
3805661
9465338
7587070
1701317
7966580
6135244
4061987
8297808
7474915
3268759
7844443
3986597
4846177
4892700
7420379
2952060
1717513
2851955
7763861
8218365
6881867
4819017
7638307
2484258
4824133
5286884
5037633
7607890
7265274
2655405
4124989
4426568
6376584
8995334
5580809
9143348
5486383
8909468
9026356
6120577
2044280
7026615
4478949
3363303
8321492
1536264
1463377
4498514
8474190
2654443
2877830
6511123
5155482
1784381
7231160
3872413
9651359
8088143
2126875
3734347
5005570
3821116
1762002
4204672
4596749
3422408
1861591
9821528
6583703
3086515
5181378
6022797
8462093
5294620
8565951
6429396
5659497
1502737
2526490
3954154
9421393
4645190
4850261
3252289
5081594
3315596
7466750
6758744
5419589
1661292
6441433
4363739
5188490
7504276
9873605
7590078
2323092
1552714
4645573
8951159
7089925
5042599
4638293
2458069
3800946
3928782
4298983
4482332
5813057
4501397
7834389
3910708
6118177
2233780
1659338
1625817
4469050
3734044
7720683
1447611
3054455
5843385
5550251
1213321
3357744
7441716
9865222
4178353
9356860
5931426
1133269
3989308
9556126
7506273
6807611
7582513
7539743
7985741
3317399
7592631
6917428
2061398
5675947
4422583
4069216
8329981
4728899
6893952
2918396
5713518
8969073
1707821
4589900
7212272
2933391
1246645
2618670
6486907
5440014
7718050
3600078
6839746
6204542
7006941
1865781
4861570
6462350
5240160
1029699
7024321
2477974
7912644
1436329
9135299
1936843
7708939
8346956
2118889
5392138
7634313
7284334
4274219
1556071
6697167
4465182
1312824
3284039
2268400
1026298
7618731
2673108
5659401
8365386
1826128
1723145
5315323
9614825
9307856
1747726
2441562
3031111
9878674
9082069
4906859
8859874
2954299
7338725
1446618
5269158
7983856
3508830
1734114
9215497
6099217
4122494
1274889
2760331
7957168
2054498
7400570
2197124
6930475
1930904
7377853
6908896
4414590
8002717
1077085
8732121
5701677
2567225
2889417
4482515
8577673
1654931
2582061
1696869
4478008
5200209
2710441
8727589
6580026
4379407
1090867
8614980
2220994
4138732
7223209
6732692
6469994
1601193
6537507
2539270
2872067
4716539
8407838
4053336
3858867
4568946
8762155
3636462
5482447
2961073
2447402
7652063
5427284
6694392
2724866
8948051
4180673
4907184
9498915
4550403
7533032
3758190
3446453
3179273
8251436
6677611
2022034
5971457
6599477
5037667
7657857
9948087
3547074
7830116
9751470
9568978
5151023
4166712
5618599
7532800
4746760
6803230
8445952
3295683
4468196
7389708
6731257
3176852
5490950
1443505
2506526
2443759
5739832
1845546
1858048
6862326
8466841
3410459
5543250
6319057
8908353
5156816
2510639
9880318
8644242
5673011
5031842
2166637
3324610
1987712
6439007
9118551
2942079
2794158
1833408
2498615
3475122
3137184
5013747
6195864
6123135
8391301
1128978
4287360
9293107
7359268
4389499
6405716
6256376
3842107
8892426
1414006
3155846
2195424
4697931
9511404
3970419
3244337
9104501
1357442
7609740
8208297
8631107
2417522
5869580
3472291
5028565
4756410
6960332
6090547
8288519
1612606
1212164
9631666
2915656
1064759
1331330
4164498
8184878
6809251
4598617
5540891
4028649
6610894
9372204
3916860
1058949
7345713
8453627
1072941
7754972
7367297
4974477
4916403
1843924
5172218
5447238
3205100
4910501
5743165
4707356
4545110
3589518
8525295
2015149
3412202
1578696
6704516
2958995
2110734
2467163
6866899
8355548
5673115
9678152
4130858
1559467
2991379
8049671
9374541
2141067
7356407
3389698
8826722
6660749
6720855
1035617
1457608
4485511
9960722
5214672
6234288
9700208
5318072
8259287
3357308
8371842
9046477
8526145
1773270
5245624
8258360
6470159
7624324
1511793
5473820
6427150
4838042
1221467
1308894
9670974
5383111
8203275
8593055
6416637
7472476
2874436
8139828
6783876
8063514
5141958
1538636
8910055
1717963
1196466
2136217
9420507
7252714
6008868
2980329
6631572
1945207
5304528
9891110
7505741
3388349
6171616
8075317
8091612
6542206
4597756
3738595
2928269
3178344
8926731
1575246
9405661
1216169
6097978
5215386
2903754
4574760
3466315
1803218
8124538
9784221
5187729
7480753
2038618
5146516
4775025
5423336
6157456
6371589
8216507
1734610
7964379
5788727
6021457
2608886
6877649
1386885
7432215
5601636
4448097
9593321
9183556
5229771
5546627
4610183
4007840
3129178
5522909
9366796
5321191
3986884
5681528
8899640
4399389
1277705
2858731
9998641
5103754
9487578
6527262
2539225
5027152
4502835
8478145
5946138
5175860
5871312
4691894
2690160
1436442
4898449
9862301
5946048
4036508
2084463
7800607
5613983
2558740
5819507
5849293
5839300
8228368
9383555
9565578
1006570
8066789
9904216
3168950
5563944
9849136
3811333
8399669
1577931
3596849
5585114
1296408
7236726
5561313
1425882
5363123
6950959
3363366
4149656
8650087
9655461
6831988
9195584
1983120
7827809
8206423
4437029
9636226
5881346
5594503
8124118
1456991
9617212
3387371
1184086
5104285
5846442
2683657
5171155
8819270
8324139
5208701
7591662
6442904
5364027
2762944
1966084
6654167
9766218
6629404
8553467
2300727
1318962
1568573
3755976
8374903
8491748
3605426
6046984
8947858
3172700
3643660
5470966
8193056
9188006
2835830
8462700
4041805
5112383
8167215
9408331
4300713
8190824
2425908
3113815
1484200
1753272
4178754
8789446
1252467
1914953
5224994
3991442
6147094
9633341
4133478
6251143
8951675
8021666
5917539
1231805
4622408
3184291
8488312
5448689
8314205
7816543
2617350
9226328
7973185
1185871
4980576
8426422
2978253
6063740
1774622
5191262
6069697
8618622
8633149
9950697
8309750
5811724
2342602
9630027
3537892
6783088
1768790
1540628
6080301
1705201
8342580
9488203
5349690
8878278
4896337
9215457
8513389
4235121
9909676
7483829
7434391
7145010
9923454
2264419
6988667
5165949
5288323
5080577
8159858
3201165
6536715
1178604
1833657
3511634
4911251
1015792
5660656
1976617
5296775
5309943
8826933
5239610
7278156
8832083
1591121
4540679
6915721
8998102
5719240
9822650
7159574
6385944
2969527
9329295
4147896
7259122
9092946
2897596
4269980
2717691
4720284
8533149
1182138
5729136
9063579
8248636
1361452
2977424
2253755
5980504
4198336
7312872
6181634
1728157
9095130
3423164
1357180
3411972
3322390
1387494
2716608
4898587
4016301
3374307
2970762
3863919
9692894
2346995
9744763
1299369
4455351
1789881
5569871
8134054
3451284
6226764
4936589
4356922
1630743
2493196
6595388
8282791
2073785
1666399
3832452
2146186
8201392
6175054
3735715
3060102
3404146
1270475
3519554
8117932
5703441
7263133
8141328
5669234
9183080
8294079
6329005
1051499
1622221
9665317
1066114
1084984
8880423
2358464
1012207
4117068
3853915
2291267
5512892
5164445
3873306
9789013
2629884
1646584
6738621
9445481
1125104
5309405
5873195
1904388
2306361
6313997
2340067
2927527
4961824
3153288
7899958
8471613
1927313
5778764
1280631
6465054
2114573
9951506
3356469
8412716
8083240
2449122
4975856
6546453
8906595
3466057
2903027
3465242
2346410
5253552
2052985
1579294
4934857
1240377
5562155
4841314
9947755
5493637
2088505
2612944
1223915
1517289
2704976
4308806
3545703
3438786
3912411
3220964
3931177
8095349
6351205
3509433
3101336
2378747
3371638
1883618
2995264
6746220
7353412
9309276
5688189
6165835
8294444
6833924
4188318
1260977
5654513
8000300
6707680
1768022
2842645
7318728
3031632
8983909
9118454
7069672
4353246
8937430
8267419
6715344
4043454
7668169
7761591
6601334
2409736
8871384
2457661
6445283
4000659
7125686
6537637
5770117
9823598
8992719
9817750
8215227
6917128
3960863
9685933
1902202
5082297
3428630
3002397
7262807
5801304
3033979
1246352
7387661
2445158
2281944
8066533
4413537
5523691
9310086
6835226
2239107
8352520
6536785
2081581
5985087
7228213
1979599
9887982
5128732
3311997
8676572
9939911
5948876
1466830
5798313
8847719
6362077
3191213
4400254
2937395
8108766
9725626
1706492
5543038
5726493
4614408
7192815
7302123
7994311
7987849
3686379
8636120
5039177
5898824
1620246
6900846
3310023
9830350
4940566
9418135
9726058
4639425
1107076
5791959
9168430
3258730
2717840
7917047
6797947
8388022
7020694
4286133
4967004
7074359
2762904
7658288
1845854
7580412
6492613
6399115
8124555
1899415
3786722
5421920
5986471
6479694
7781143
3537392
8909969
1429933
6969124
9570192
8812302
7528674
1348685
6698950
3532337
2263033
2149348
6558805
1991111
8415993
7728133
2889293
5935113
1666863
4289599
1749286
5873706
7759265
4879448
7355463
7913972
1962478
9556017
3029915
3360885
3687397
1082627
6817715
1949391
7035819
8512738
5831658
9395176
9787217
5566168
8726197
1608094
7456477
2854436
8019449
9255366
9481152
6676461
2859882
6326734
6627561
5863352
9938553
1770745
1190816
1528513
6836374
9153690
5498494
8498329
1884799
4041356
7041179
1691164
7370800
6351641
7894768
5275798
1346675
6851592
5757974
6571605
1442570
5715924
7964166
1848634
7971915
6269482
8186203
7888716
7811164
9130162
5630014
4852405
4161087
5327401
9147361
4951776
3313848
8157654
9601214
7142418
7834445
5275483
6759200
8953064
3798957
8715957
6102602
8752624
7146493
3155503
4873616
6346388
8686199
6086795
3620804
4635932
7902707
6082730
9058298
5028179
3329427
5323045
4426541
3648924
1240994
9936076
6828411
4300285
7691141
1148231
9912990
7038667
2080061
5841210
4983142
5386112
7669452
9392397
8533444
5233466
3847838
1348292
5566728
8283685
1499466
6240404
7872389
3815179
3420274
1502118
4624571
5400978
3501215
3330152
1545367
9131238
1121784
2286209
4826926
9671863
5913533
3104837
8151776
3996230
7637031
9417146
3018594
4383475
3821107
2647672
6138316
2493498
9954776
7301151
5123413
1646743
2656549
8306725
1711292
5940455
4558238
8240159
6734145
8253480
1384632
6558602
1825779
3741371
7332843
9969441
4965083
1800648
8891096
5142080
3581817
6847345
7713684
9443401
4863135
6208563
6064308
7727847
6412771
9635826
8554545
9023241
6601688
9107124
2973414
1235393
5675943
7122767
9395792
6073100
7770050
5169207
8073038
3097171
8652130
4943274
2287266
9336683
7924274
7527622
4041926
2440617
9012500
4751253
6101682
8264362
3448322
5838398
9246621
7865873
6164496
5949248
7623259
2282921
7912553
5978162
6467751
1588925
6842375
3498285
1899609
9840157
9973303
5677149
4097817
2784452
7256139
5223061
2292484
4876583
1153338
2404242
7748839
8550527
4562503
6051818
3944635
4752378
2859630
2583246
6877248
1205054
3978476
6586492
8026973
4213591
8432455
2747506
9425575
4445659
7373451
9458871
9695463
1750819
1047903
8946611
1790609
4605460
4877592
5558074
2002339
4140757
4722868
1319116
3435748
5776707
5432874
4189904
4274485
5682307
9418281
4933753
1047804
1874279
9518294
7186680
1209847
9089156
7465826
2007883
1103157
5333354
2972867
6420550
1454540
9307077
9855994
8782281
7922847
6832795
7069870
7253514
2426614
8281094
5632832
8105555
6959283
3869475
3062726
6092230
9476890
2359972
7299179
9782271
7275769
5752859
2759367
5645163
3511985
2173719
9474011
1292799
7493259
1997586
7655921
5358810
8040663
6918123
6959010
4635783
2301753
4648409
9463423
1562581
2691197
3283449
9579252
4232257
2214405
5565970
5043003
4712750
2821145
9687005
6678445
8900306
6586575
3096458
2222710
6651452
7617827
9402656
3389874
9011836
1628968
3628588
9213971
5970531
4366063
6752190
5613293
8128892
8934273
8222911
9234835
9607867
1581384
2961719
3955067
2813692
2066027
2281213
9905248
8561806
3701650
7400935
1357183
8230368
4275750
4450092
4204172
8148452
4337757
6239312
1528726
6981355
3203628
7635175
5056745
8510289
2999382
3880941
4698939
9756394
5101677
4402492
9103449
4691123
5928111
1963462
9543659
9833645
4883155
2417118
2094837
7104207
8325516
3605097
8366712
9355515
5606006
6269130
7615433
7409067
8134799
1517534
7908792
2424028
7259071
7409051
3062268
4260355
4627131
6135080
6326189
5657383
9818495
6019233
5334514
9445334
6757490
4538048
4824933
4986908
4999519
8820412
1531748
7667152
4324193
2700332
1363497
3501113
7579919
4762595
2375236
4888825
5521385
2131674
8008048
3670607
8731457
6255041
9728163
6987394
2058998
9252815
8768571
4678268
5837741
4889564
7270574
5527108
2675273
4998813
7974168
5074656
1792637
9787247
7984250
6763307
6682072
8454142
6234057
5299379
9699017
1048863
2718462
3906949
1664819
8578052
2166452
5990619
5595434
3229320
5094424
6787534
1917311
8264787
4994756
1235000
2415761
9742807
7569772
6848053
8875085
3254827
4097933
7536075
2837055
9365360
7765754
7001494
7503417
4698609
2492289
2021768
2205156
7000663
1418518
3736360
3853813
3954261
3716879
3295906
4331443
4066952
3975336
5708831
4019038
7570675
1594936
6456845
4776154
7055634
7893852
7576633
8203492
7819668
2921707
2755891
3215108
4283838
4729962
3707235
6476900
7096781
5880608
8579818
6842680
1938378
8869181
4976139
4264256
8650628
9619183
3139618
6852410
7022354
9037021
5662732
8997787
2867664
5929217
7805377
6414007
5223835
5523623
8207544
8397399
5269648
3942723
4453913
4509620
6716193
8046178
4771208
5944601
3682904
3304111
1061911
6088958
9629209
9933826
5947060
3352138
6427682
2067669
1481220
1645592
5731293
6718735
1745919
4370342
8987369
5447452
4458718
6795738
1923556
1747493
8189105
3009655
8011581
4511124
6061493
2271207
3593753
2194075
5103789
8836241
9782268
9594878
7427904
6161148
6825242
4322126
4066291
5069397
2876989
8644624
3921184
4630966
8342425
8771030
3381462
8242128
9289446
9364180
2927530
3654482
1214829
2933165
8298405
6710514
3053253
6445807
4115295
1558509
3290967
5198085
1337284
3502178
8324896
7511668
1813269
7013436
3728223
1062889
2932234
4111071
3654088
7862553
7699365
7232834
6226295
7492520
6018362
4909207
9502287
9983383
6204557
5928471
8670804
5225016
4334620
3363106
3004719
4256116
9327294
1696422
2094938
5393543
2199387
3113413
8605781
9975226
2460022
9098260
9983943
1952450
7240679
6366378
2552016
3464103
9463093
8378990
5893262
5489960
4824083
3948284
5721021
1378333
2082089
4824121
4315987
6614645
9817390
2347198
9768004
4080842
9281244
8448170
3581587
3661850
3139796
9954659
8449418
1138511
5318954
1146086
6225851
1871281
1176116
8075172
1123087
4283979
8269078
5732480
8911110
9681932
1063249
9358472
5803511
1243911
1599957
5286176
9854002
9101093
3364587
7227733
6384635
1053993
8969207
9611929
6473257
4960237
8164829
3203426
5815575
1544164
1676707
8549168
2300282
7244920
3947959
2830951
9822508
3687028
8813505
7695914
2993439
3301317
1488643
2491289
2739125
3971285
3596072
9994405
6511359
1766928
6309402
5157297
8421108
1166563
3559328
1955435
2007340
5028537
4770271
4387940
2959220
9664808
4767695
5273788
7736388
7807964
5553552
8109386
4170599
4132083
3431174
4170923
2067970
1126362
7105282
5820665
2122968
5882534
8394355
6133830
3653156
2769317
7013564
3409113
3814727
5644222
5324295
2751448
5338420
1911646
2013297
4154831
9275594
6899052
6925647
6488713
8278210
5840920
8018169
7746789
7751345
2306192
5636661
9797627
8044614
4706379
6484039
9168630
1072879
1223491
8415574
1622500
1401376
6510260
2397425
3141813
4868461
8639626
6710339
4775753
1368130
6969291
9205549
3040837
8680136
1113416
3432835
9097271
6421442
7166050
3622009
3692576
6516232
5056850
7042621
5953705
6052795
5209050
4679015
5479394
3612202
1172667
5493809
6117024
2322356
3004591
7635265
5867901
2647549
8463880
7574006
6772388
9913293
5108336
2682825
3166637
5233327
8562403
5206610
8509814
6575599
3691986
1901967
4020643
8482255
7927770
6210488
1517095
2901362
3045349
4540245
6586572
7062786
8831559
8867147
9779960
2969318
4044739
1161828
3218825
7118504
9356303
9877614
6989954
4542014
1311174
4268854
4540246
5284613
7197966
1273870
7867182
5129078
7861961
5719332
5921686
1264907
7623111
3805004
7105524
2613282
1468388
4705688
4672420
5576445
6769110
3416525
6503197
7574609
8966971
7966249
3411905
7313268
9253432
5289100
7642772
2271587
4337797
1651828
6520162
3553181
3900808
1600285
3587007
2926633
1437503
7660624
6939649
3311422
5776786
4433994
1069440
9964644
1279808
1304695
5041833
2903966
1178713
6430656
7153648
1584386
5186612
6761362
7852869
5329595
6252483
5052408
8988721
6331126
4259564
2935563
9356216
6057484
8477313
3563376
8285481
9555903
5722043
1869986
7506044
6903231
7482386
3576057
4266619
8875118
7822384
7256851
6349117
2630706
4713744
4068330
9402480
6431003
9664129
5588925
5231549
5630437
9143423
6884562
6250936
3635399
3461132
9089875
7647648
5716948
8665315
9874439
8850748
2755880
8566774
8744796
8175327
4151575
3997184
7352339
5055862
8553266
3521190
3505132
7909983
8171923
3960026
8666115
2353116
9228627
9672512
2742395
1428257
7743248
5415901
6611593
1620115
2614756
8870524
5799667
3882874
5209500
7128628
8724082
9137048
9780213
9663255
2478820
6313594
4999125
7968740
9059830
3996455
5351768
7576663
4019978
5616247
2542448
6661599
5432661
1614542
3071546
2257121
5007388
7138642
1029454
7179316
1464150
3563441
3613207
8728061
4778612
4364182
1353036
4226516
3643992
6507341
4566829
5951647
7984524
4480582
5528593
5276525
8864532
4922479
6605422
1498309
9022221
5487437
8592778
9025721
3518390
7298765
5503705
1316918
3495215
2713758
1984287
3781981
3547889
8046121
3959343
1353199
3299006
6821268
4259956
2478460
3567866
8822148
6498616
6748941
7268297
9053433
2578427
2729692
8111059
5168039
5634614
1880232
5298388
7424186
6233447
7884093
7180575
4020513
5285863
8521388
5806582
9089838
2863641
5723192
7675314
9237389
6661109
9306457
1121609
9333468
5944701
9102156
1606481
6684707
5480047
2847194
5828462
8295933
6124276
1759680
7784499
4039261
1439919
7322368
1351936
9150532
8744265
4838638
4850264
3828842
7625436
9088925
2100655
1091219
6058454
8206460
7770937
5344036
4479640
2531651
6027341
3565063
1415607
6472515
6513922
2661124
7559177
3887293
7414034
3822272
9207827
4797842
8971558
9573298
3003194
6272483
3013017
6574924
4469936
5806490
6832049
1346064
6482425
4848217
2489531
6894179
3794397
2054513
6623118
9008574
8620584
8444503
6363281
2836899
6353352
9893130
4680824
6591917
9768486
1590264
7340652
2139516
1698736
5669745
4472483
5084327
8991950
5954180
1604711
5426451
5586507
2246001
6839602
1631283
3496485
5339552
5182234
6794640
8359111
8859760
1738224
5676307
8972550
8077026
1728742
6586769
5966282
7132576
3371130
6052472
4122271
8914424
2405957
1101671
7606164
2893406
7959065
9620547
4051587
8672425
5468490
5321607
8637690
5700204
4757138
6010323
5988088
9247048
2873947
7976625
1408507
8069593
6724472
3997099
7945728
8005839
9209429
4840642
8829780
6119414
9795327
7356659
8086483
6436927
4201982
3452851
9699238
5382592
7512409
1427413
8046857
9505715
4510289
9459761
6462005
7713651
9580419
1548336
9798898
1269660
3819320
3974870
9894233
1363851
6363854
3122767
1856897
4581620
1456739
1509588
4583199
9708115
3798216
8549840
4571426
8508757
2880452
3753343
5648126
3512752
3315163
2563175
5056097
2614913
6120206
9697458
5270405
8221269
3474283
2275962
2213860
2645938
9229159
8679214
8136905
3278127
7544442
1939221
9244254
1005649
4140467
6625089
1235625
4149904
1102373
8185702
4938757
4026034
1778258
1219075
9654429
5586318
3264286
5283336
8074298
1703483
3716567
9010649
4564880
5855043
7017115
7266170
5434110
5462499
2405433
5864907
5519180
4118156
3867851
4840862
4395817
4253575
2189404
7573264
1090421
2456916
2601758
8319957
5299018
2197172
6095214
3954383
1284786
7606633
3128284
2580728
7380573
3020723
3504789
5958389
8753625
7409100
1655074
4022110
8180598
3818790
3373574
9427604
6795145
8579195
6037475
5722115
8741257
6845574
1323197
9856176
6819680
5501576
4833035
1208269
8213875
8311654
6983602
3646707
5707805
5194794
4545507
8485367
3629616
4892991
8718055
4990680
9005869
1369785
7246402
5857799
1852934
3887396
4483173
6615601
6779161
4749180
5164552
7680658
1235598
9380957
6750495
2866227
9391700
6086684
7205251
2147166
2921576
4430326
7690860
9104967
6386367
4207880
5869548
5694364
1766013
1425247
1076175
4904393
7855814
2152193
6053417
3514206
5834541
7390196
7809520
6565834
7351858
4715030
4002099
9082501
4277985
7004564
4775802
2348528
6677816
5009559
2836695
3400664
3414792
4699636
7648589
8255651
5154783
8661348
7018615
6479090
4879236
1569516
7860651
5159040
5208627
6102333
3979216
2777625
1189035
2359135
6982061
4228183
8528070
1959577
5477444
4033370
7178913
8171909
9884854
5164759
3310100
2928970
6416039
5967267
8365011
4270098
2921084
6148959
1906405
1268477
8626156
5313398
5342571
3749957
4373685
1256077
3495749
8258733
7802439
6631842
3965313
6138292
2889173
7748865
9854133
9351407
8391995
2140787
8539766
5882493
4662314
7533080
3058361
5961364
2344427
6353039
8197609
7142285
2990571
7182427
8907321
4363156
9195235
1635473
4910732
6309028
2407866
5893064
6517355
9286296
4009038
4098432
4659694
5614812
8676696
3317038
4776117
2532317
9950935
3979295
6871281
3448959
8413240
2556523
7520606
1389710
7660851
6565068
7479315
9629912
4429736
2181535
3717124
8284793
1871691
9694987
8853247
3528014
1314021
1349201
2674125
4848983
4192277
3405995
2983619
7988903
8814630
9552735
6503600
5998558
2772993
8399461
2903081
3495313
3002150
5459224
6593419
9955120
5740614
7812466
9066512
1049984
6303892
8249404
7263373
5525475
4741677
4401636
5892298
1840573
4469365
6257400
3661707
2001129
2583499
5277386
9864878
3237908
7263367
7652397
6147894
3708591
7576977
1214647
1346374
9421555
4547493
3049031
6308049
4565457
6208798
4340370
5960400
6571880
1469047
1683792
2538597
4975042
8461121
2244677
4426655
1683425
6739273
9135909
9310254
5497359
2590057
1948487
2447617
8183467
7471530
1937102
5883581
2551563
9562007
6979932
8825257
9707126
3194877
7790896
9762783
1281801
1256561
9135402
5910604
3139270
2037905
9362869
4133898
3753016
7934799
8143316
1376741
8042354
7545123
1857152
9215421
2480672
7261615
3385969
7556868
7426054
4750672
2848107
8183911
3808136
4498211
1515492
5484713
9145458
2110605
5499948
2115645
2864913
3020840
3381747
5118795
4776194
4681098
1518441
1705279
8373362
1866263
9755859
1573565
5981046
4568145
9183193
3637833
1325125
3517685
8525528
4766013
1880506
3597737
7712773
2656475
9757118
4096333
1616455
4146310
2303654
6254143
2343953
3662627
3770537
1741419
9532614
9000069
4284525
3792417
9040958
4045545
8041803
5440144
8775096
2066022
2875952
7744803
9992505
9138616
9802149
4988019
3111116
2333326
8535498
7066365
5673171
6974762
9302839
5940124
6345277
2852968
8061347
8844185
8379320
9995226
5615632
1369857
2550466
2187875
7541199
2322119
6399043
5474242
8895737
5945851
4867613
7886360
9110654
3337723
6980198
4342404
5141697
3643984
3551477
8498430
1624996
2006892
9300940
2408067
8277536
2558417
1199670
5089800
6378768
4119284
3781866
9075441
8942839
2193491
8131558
3224012
4972519
8246084
7187191
4911113
3997012
2307872
8199712
3514179
6684801
4332688
5035258
4009797
3199401
8627726
2293611
3181070
7995336
4753581
5744434
8295422
9976971
9046588
3248834
7330197
2759982
5575456
8311813
5390777
5993550
1446042
6937404
9711168
5313854
6030192
5653076
7413174
6339229
3631471
6372563
5646272
1606872
6503177
3094379
1194897
8832108
3954931
7754775
8053109
8040687
1204089
2045876
2338059
7625048
4748557
9230066
1494208
8484420
9268181
6153491
7331169
3934068
7462700
6906539
8855383
3076403
5465947
3859473
1028178
9843436
3661992
5330285
4425942
2196715
4419135
1748363
6785314
4519651
6354600
5621319
7467531
5927817
5741304
4827898
3770251
3070423
2577324
5153612
2950767
2913811
1510562
5305938
8819361
2326217
7291273
7941291
3152818
4620735
7063548
3528102
6243147
6123360
5549323
7911790
4212686
3622708
3369130
6477417
6807392
5438773
9121812
5550780
2222672
1903557
7774506
6371004
6495469
9928199
7387432
8296049
2817396
6718483
3637401
7657532
3677065
6729734
3548579
3219475
6011520
9851714
3896893
3961555
3307308
7957250
5320895
8533014
1582351
3292897
6736426
5809388
1812441
1459971
4265657
8934791
6639989
6762804
2037671
3308410
1176226
5902696
1907970
5139674
3128735
4114595
4009960
5448360
7490962
7558339
1328512
7115237
5824354
5679803
5060036
7120832
1603386
2815497
6172989
4275685
2328369
5461554
4623750
9465534
9487047
4615188
4897837
8668702
1949593
7374357
5988702
4623900
3845232
3698451
6274106
8434109
9667079
5862908
9242128
5575846
4746771
6695199
2065514
6277208
9966607
7633066
6140962
7780341
5044615
9330246
2179125
6258787
2689596
2162392
8928456
4213750
6049529
4634585
7304297
7152659
4601645
6619545
6338433
9419970
6367473
6178448
2030016
8134468
1129772
4035013
5512257
8749358
4692180
1482467
5366103
7857509
3958919
9017400
7278350
3142362
1678194
8061088
8819439
2105560
3122937
7275650
9802126
7011108
9849944
9635538
1416829
3523365
4259728
8459063
4895622
8688220
6438133
7367886
4593492
1230654
7499350
5782567
7484626
1338904
4248846
3120974
2479344
1208122
9607514
1446765
4875810
5220583
8384596
6034832
2750074
5872036
3299255
4688938
2957737
5869552
1072083
2740102
3800769
9652475
3802778
2933904
4186958
4542194
2121434
1217182
2322333
8682826
2136166
2266593
4612444
3063364
4863464
5041537
9060308
3721984
7866273
1082488
8356108
8688869
8338028
8431502
6499256
7423807
2339926
1600389
3360728
1450898
8198242
4691086
2200997
9379743
3559851
9088196
5765825
3446773
3241338
4912967
3912420
9954938
2153690
9494412
2377848
3994794
3585930
9837419
4173685
8757055
8207659
4395194
4167477
6570954
6621666
2597569
7234519
4823418
4346750
9061813
1469165
5538442
4842221
5393977
7232936
9585872
7609588
9053130
8975766
7447547
3294005
1491554
7541410
9479429
7645053
6249248
8516900
7861890
7293645
8795101
2986705
2642624
7013560
1170875
5782773
5008215
8073958
7340489
1530408
2639739
4105416
6125778
1835111
1502048
8916789
9518248
3920627
4349662
8177052
2500963
3184254
7785982
9303633
4228238
2184804
3728835
1621196
6396316
3323825
5744756
6468280
1365047
7611609
7747697
7653913
4967121
5463852
6500437
9669321
3860632
5373083
9943131
2152428
3929988
5963253
1365756
8701449
2826050
5160582
5791633
7006355
3181318
4017458
1517412
2660392
9553300
6065117
6838876
5073721
8807504
1584078
6538600
3422707
5689632
9800021
9637075
2942309
2193055
9732194
6430578
6450442
7821883
6154479
5544747
6935944
3385441
8915744
5736783
4773977
5540288
7561697
7463097
4521802
3623884
5888704
8818887
9590953
6595932
9208940
5520600
7208579
3970998
2874741
5099111
8298071
1840217
3177037
1922583
2680692
4034699
3363974
7532704
9055209
5046813
1601078
2217529
2652478
5485508
2780896
8877447
7843118
4582545
2297340
9726158
9362279
3668716
5470784
3984021
1613957
7874077
2885176
2686079
2451843
5380811
7024356
3563543
3304251
2049145
7311600
7408300
1885895
7752606
9926065
3664054
7957551
4056436
5690438
1010911
7186893
4764387
4670948
4870478
2920887
8798390
8025262
7603408
4384261
3698167
4227652
5200912
1384083
2141360
4936274
6984641
1905704
5615794
3660628
6259098
7017095
8246441
7104968
3642633
7483869
1852695
6780267
6570507
9460595
7531520
9965896
6708348
4631942
3840343
3186838
8219546
5379500
8429303
7970456
1695463
5892873
2946188
3880650
4001223
4392443
9542156
6145994
1335406
9427474
7793161
1661725
2562846
2613955
4285344
5173939
8205712
3154382
7222719
8541772
3344585
3699741
1847746
9379100
4598623
1835495
6335239
7254428
6474429
7125446
5947051
7834762
3801267
5941133
6420333
3939124
4275097
1420189
8147986
7169872
9858214
7320049
9579192
8699671
7272805
2027456
3719079
6007858
9883456
1027626
6526261
2313236
3436983
3411358
4308314
6826778
3168706
5328779
6722539
1059743
3149773
1734716
8447547
3891564
3689716
8732104
7135983
4405272
2799784
7621442
6493657
2838524
9714002
6801982
4485000
7702025
4006325
2636189
8492550
9964381
2731041
7446378
7203738
4296242
3413269
1395317
3377567
5075201
9946660
5547135
4248773
2506271
3268708
4541734
3258686
3123790
1399035
3216275
7261588
1607063
2699403
2979057
1740122
6857877
5261192
9373176
6263297
7158668
2803704
5575483
4244876
3350475
5006434
1970301
8543165
9642304
4500419
1820994
3215601
8767650
7661805
1991797
9475299
1362124
2813697
2019733
8101349
9388680
6244934
9330253
4436964
1592552
3762786
8077931
5047852
6107404
7133233
8454424
5512858
9275249
4287109
1581168
8079929
8340654
4003629
4607412
8608623
7599860
9736049
5917502
1911962
2716558
6312717
8065580
4273845
6346413
2818843
9935912
1390096
3181017
2199919
2153462
1917990
9967797
6585101
2027390
4200232
2570121
5698598
8441100
6913059
5053037
5434884
5990046
6724727
3518740
5986641
2583846
9775560
4367511
2049951
6983920
8246176
7916290
9404764
2860956
5595436
4740876
1738964
7426439
3238701
8405666
2816516
5054750
9432379
9366476
9658461
7614037
3677630
6176124
3290782
6184470
7618646
5053771
3109012
7969957
4373803
7107102
4723742
3335627
3732719
7707552
7023021
1449600
1399451
4693137
3640570
4982214
1865231
3079943
2614979
6459522
2380159
5374035
1080511
1545782
6629443
2140502
6588616
6382437
3655629
2491285
1519304
7747150
1395120
1553578
5063583
8287939
2376376
1741188
1183765
5754363
7478213
5401745
2523099
6812630
1777980
4553090
6996551
3719297
7659920
4922511
7837448
3067338
8322676
9039308
8246479
6889877
9091325
1737179
7871959
3010968
6470494
1957555
7729478
9641642
3324892
4626049
7865164
1007538
7549108
5691222
7141260
2942551
2023217
6490704
5372130
1632067
7643634
4175524
3184147
8808269
1793556
1623332
4687339
3881798
7886909
1992516
1538019
9799475
2556769
9093739
8052522
1243900
5386008
6421432
5230335
3363804
5261664
8905705
5738892
2329570
6102183
9637739
2342108
2987038
4989508
8575278
6442232
2836006
2262039
8110824
6653055
5737779
7930029
6557157
8100796
9366551
6433497
5233237
1220989
8202601
2998816
1168646
3634978
1657084
7594868
3907186
6376234
5857611
9605508
6740226
7026613
1751513
5938162
8899588
2728677
1890560
9777461
2742243
6262934
2417744
4290496
6320686
5354225
4441130
8975827
2820132
7293068
3586516
1947529
5170053
7989036
9475166
8474874
1178219
1401709
3659565
2752986
2078706
8718561
2514160
6605561
9277220
1657280
1599193
9888893
8437930
9286360
3171974
7331749
4105303
9479405
7966080
1079295
9868886
5207706
9769978
9217734
1604095
1673577
1436813
5340772
5083933
7812832
1977434
1351182
2667011
8330901
4025129
8674489
2704887
4313419
3710898
8517791
1450759
9216021
5337329
4713903
6620698
4733339
1261951
7674412
6566554
1557683
5908318
3140636
1298208
8405731
9088563
1949668
7822047
2233156
2877602
1451747
8661853
1162537
3749326
2775581
1131966
9212984
6596831
1569721
3496939
3720008
1038929
1445533
5453306
1870604
3726218
9869400
8990911
1759056
3809355
8376553
7287323
5385986
1498730
4451007
2722051
4875626
1215550
5782616
5944452
1851509
7468012
5586190
3766564
9478871
9815577
2736206
1162260
2727960
5276696
1877243
3806148
3467712
2770174
5268420
6733023
3907670
4126355
9204114
3196896
3091741
8982099
8779644
7987331
1202937
1825861
1146038
4964057
6281209
6413186
2635856
6699166
5993981
4370906
4439516
9135436
7472346
8646579
4004562
6304461
5908539
8104019
7429063
4394811
8354548
4161207
6180683
7066996
7272801
4192204
5797450
7294756
9889652
2325517
5076455
8106762
8600263
9576222
8754116
2720712
7256319
2164608
2203573
6839508
8011626
6806884
5403357
7145379
7288426
6931077
3889985
6430064
7442771
7417528
8291404
4125840
8382946
8916727
3683387
4180242
5492223
6252501
7586267
8517908
3585532
5901300
4003119
9876424
7060638
9040829
9571071
6558816
6471819
3393767
9799246
2373959
8375070
6601819
1565330
7346546
7647672
8341166
8783874
4666494
1833415
5382528
6381707
7573387
9358435
1722243
7058963
2898704
8447262
2628255
3273403
7967848
9884453
1455949
1840607
2089125
1413605
8033435
7980183
3759411
6798599
1782807
5975723
4635159
5679880
7411550
5407499
1164241
5700362
6228598
9624997
7166871
1242567
6304985
3620859
1651684
6522799
5180461
7433908
3766024
4442192
2773905
3187146
8158848
5154438
8715162
9179949
7025064
2611884
8506527
5599718
2169920
1150338
1155920
5131614
2915212
9099263
2955421
3871375
8429240
8871105
1394709
1658188
2336243
8412267
3015141
2552733
8216810
6619079
3178132
4711014
4352768
8060924
2746932
4584001
5241492
6105609
3856450
3387777
7220603
7726299
8476633
3202617
3117542
7870972
6623723
5442965
7827150
3233837
3857745
5295455
2383934
9785230
9389956
6911876
4146586
4743963
3714276
1185881
1762086
6664105
7747664
2342976
2550129
8613010
7897783
2415688
2543675
3347341
1271214
3449556
5538332
5183618
8326945
8030811
4268254
8342461
7211415
8166584
8245165
9267089
9735873
2245915
5673957
2873623
8213682
3253560
3282035
3219439
4665565
1454838
1658680
1873967
2135818
1388787
2209067
4926641
1178642
4562142
3730606
5527730
2031740
2357350
2563468
2061481
4737696
5947441
4460112
8918789
6158316
9333416
2064144
6968451
7106125
4914682
6050323
5999662
1547816
3333101
5530192
5713423
3269760
1224588
9449768
7503543
6343241
2386038
1505398
7246187
4142197
4599980
3945501
6798200
7729135
1647286
1439690
8257936
8989621
8281102
5943484
2687964
6153867
2056164
3436136
7297923
1557021
2725596
1444521
1300049
1591940
8110430
7625815
3448051
8686813
7751101
2318142
2009507
9051933
5488386
4102402
8941655
4405873
3263569
8668960
8510200
4868156
8470861
4567608
8090671
4193657
5055600
5836049
5776018
6404627
7991974
8304653
2029752
3502890
2496018
9958423
9647210
4688992
1858305
7863593
8768100
6979181
7523254
6856601
9351482
7154247
9622854
9225054
6731157
9950365
8450190
3555055
1057432
2937149
2452866
6369756
3696783
9829011
3919959
6434729
8978008
4262044
3105747
6406831
3060757
4957027
1737220
8032140
7648360
9703260
2391086
7564373
6138448
1509823
7188218
9529259
7994419
5533422
2259531
4584723
2689285
3826569
8520875
3670241
6799857
7640881
1599694
1294063
9867006
3906627
6751884
8139594
8659780
5832383
5912989
4197806
8406463
2003465
7121457
7818866
9184739
2411150
2070966
3072005
1909688
1468899
2554535
3976306
1905064
3980818
2721105
5685473
6774199
4144654
6992871
7181448
5831763
8360936
3160104
9815225
2212485
9568953
2592599
4062189
2621903
4897563
6466804
7461569
3740735
2320202
6552434
4340103
9334378
3341960
7335201
3219423
9018285
8183609
4892269
4709479
2484648
3270148
2102327
2286064
6067004
6385754
9083106
7968218
6985623
9465787
9231385
8194258
1762005
2022406
9410471
3651674
5168042
9225856
1672896
7470113
1781381
8419049
2022070
9494668
8450799
5468338
6170950
8933565
3287573
6510122
8403933
3184289
2940659
9931242
9275317
3709648
3998210
6628512
8938725
3247872
5365539
2308489
1452728
3185946
4901756
1077137
4100621
7066448
8874811
3802422
8442495
9289822
9674081
3180243
5058502
8353385
6852081
5449050
7871598
7326525
9894602
3674878
6679719
5193098
3447145
2636823
8496261
4993840
8889434
7482301
3859856
9410578
8812569
5385290
7006087
6331464
4598572
4604338
5255384
9035529
5285388
8290774
2535740
5236240
6145692
3245530
4278314
5395693
3133792
9924986
4509737
2374791
4903754
7731747
8008570
6240272
8920178
8809960
1492404
6505417
7412469
5691771
8078306
7026975
8365791
7479486
3390315
4968149
3476692
9076402
6628545
4766475
3913507
3105775
4953829
1192143
2580940
8924693
5296841
7973810
3852293
4284154
5005949
1238085
7960591
5800643
6142878
1165028
6772086
4089311
8841901
7103851
4590513
8598769
9061868
9765088
6104847
4287262
8412566
3687569
6279227
9797224
5665568
8339855
2308090
6344178
9310259
7757698
5411731
2057180
2121563
7384726
2074966
7065912
9055957
5172285
5603312
7370445
7456485
4520126
4157221
4029723
6429430
7666542
5103408
8308416
4894549
8708950
3845864
7721154
7656824
7338684
7567467
8902437
2975436
2938085
3760920
2319854
8999429
5860003
9028071
7085480
3688481
2490050
3830988
1789742
5899543
6921201
5255293
7992074
1559444
3193102
1194960
8700093
1153503
6634282
9215864
9828799
5594038
9880671
4141530
1908120
8786440
2792382
6325339
4128407
3861813
3692893
6988732
4789027
8492499
3147616
8105682
3047584
7399507
6637630
7192255
1957011
2625860
4022567
6925013
3819880
4451798
9016340
5811469
9855203
4525001
5167094
7310539
7999278
6409775
4872907
5744020
8960938
2778599
6249246
2121179
5042544
5789813
8367014
9289824
2035809
7037535
1596722
9970850
1816684
4508072
9039930
1432760
5756440
2560587
2497048
6508130
8835489
3596265
6462231
1601173
9462727
3296404
3985164
8429960
4188413
9443111
6219628
6980304
3902735
3151781
6629790
3641195
6277455
6685529
8140034
5158283
7480129
8194895
8901504
8837345
5560244
9809753
4018421
7327677
5352867
3417541
2932003
7252939
1087493
4082549
4873016
1963753
1704689
5604719
1832602
7428294
8436573
8568151
1635576
3611605
3278064
2970833
8644452
3231771
2832717
9638507
2060847
4827917
2533874
7602307
9088772
5508270
9118233
8412646
9605425
8156048
2361487
7916601
3934186
4525144
1759523
2228035
4771479
3729215
7213232
6055322
1708681
8049119
1542789
9743446
2935113
8132707
5543291
5379435
9263833
6050931
9772945
9664507
1349590
8033862
3817444
6142796
3132028
9670673
6323051
6198526
1472500
8935631
3848377
2553248
1598579
9816090
1564411
8284091
1082948
1772521
7839084
6106191
2637137
8158418
5443133
7929997
4342069
3080650
7138442
7530869
7244764
7146339
3760491
9707273
1105014
5478974
3173432
1078985
1873705
3596706
3142672
9438617
8626055
1417980
6629739
6208025
7814327
9732527
5582493
8888068
3840527
5931726
4411165
4293131
7668865
5506583
5139414
7247555
4490661
4957963
9719125
1422476
2372935
4920067
7293443
3638692
5598417
1676438
9120013
1682100
5102931
8213465
9376738
8566128
7557577
5089133
4199356
4232845
6029198
1002848
2492610
2377463
7020703
5318837
7444443
9392249
8407459
6894110
1693175
7206017
4650112
3237732
3620603
4369667
9456264
3195596
5931858
8258940
2974637
3571156
2700251
7537194
7405994
4801918
2425696
8476251
7856564
8711228
3503436
3595684
9411496
5704085
2271569
1550059
4469438
4246960
8895775
9258783
8184901
5313439
4306464
6553798
4502192
9664838
6932956
5457751
8790832
5076508
1601295
8064106
6552828
4842361
6094795
1773157
1157878
3760441
1216426
8225321
6755590
4243352
6236236
5039581
3920844
2576679
9263450
5601553
9445538
2530918
2015905
9597037
8117408
1107882
8241066
8191995
6366283
1717881
8421920
1319571
8768183
3089100
3296587
1245262
5524684
1209773
3240948
1364709
8990958
5843282
7349617
9565963
3430009
8918153
8775435
7621712
9308636
3402708
3875533
3648624
5611356
5258327
4658159
1119380
4352588
8204159
2827732
8951920
1202010
8612022
8072352
4667565
9732485
7884005
1375301
5852927
2490445
1592369
6522598
3295170
2560843
1689401
1417388
1408944
5394251
2703303
9711065
1173319
2815654
4156430
6115139
2508633
6735323
9718059
6968523
2081084
6591744
6421399
6760486
2826868
1147077
2069443
3852691
3293773
9588370
6461565
8727437
9932606
6690201
5952219
4307522
6630154
5547301
9058559
7684364
1361017
5869829
3071962
7853743
8142703
7473843
9864971
8824556
9925924
6297881
5471546
1770796
2354412
8260342
9925600
1798089
9040816
6207500
6545586
9410265
9460300
1494629
3170462
2143803
9460714
4308046
4912581
2876614
5209184
3424028
6295762
2941439
8193686
1416726
2693618
9225508
1986539
1106611
6742869
8442574
3803056
3649548
8812476
3336435
1284301
5806308
6308939
3536035
6441723
1799838
4231681
5377290
8585618
9404287
6021319
1944944
2037188
3864926
1440037
5493125
8487538
9149112
4631123
5349247
9905598
2307080
5281247
8298216
6239329
6027525
2052299
8472187
7510806
6247926
2774793
1689015
4597982
1005731
6443233
1700327
1572230
6748965
6823450
6834799
1325494
1293456
6838631
4585603
9495876
2054791
7401197
7173420
7626401
7475640
8187627
8132388
8583153
8919265
4515617
6760379
4446873
9338851
9484844
5251194
6573629
5795852
7123233
6534696
9031752
9352091
4393168
7779698
4443960
7516063
5985940
7076479
6645065
2625016
4099072
8051564
6058609
6982442
4697156
5076989
6704484
1715094
9433201
8345196
2083201
3034738
8580984
2516094
6767876
8937011
8541730
5482596
2449966
4029785
1902324
3022294
9632274
6137636
1038146
3164854
7684522
5209325
5654686
7616139
8364530
5424239
1406185
2462812
7182435
6392454
3739338
2883207
5274635
7363112
3427412
2412817
4655571
3846499
2627165
5918345
5369802
6206126
1616588
3934127
7523472
1934188
4348547
8826210
3992813
6671469
1915134
8544538
6160436
5569327
4502250
6646938
1537690
3738556
9942154
2769370
2714619
2901717
7132118
8418266
1735000
9549799
3880702
1590291
6705010
3185860
7849230
8302234
9502018
1323244
5988690
9439565
5104484
8060140
9975244
2994731
9553697
4058392
3143043
1438694
9127205
9286884
6167215
8877388
9067177
6871865
9780107
4221462
3664105
7835661
5526970
1792015
8497089
5583186
9625686
5663232
1107011
3525676
3868045
7450219
4724189
9718805
5521716
4732118
5971090
7441963
2030713
7861265
4530317
6890131
3498963
5967539
4768549
4150126
4563957
2165657
4171454
6151220
5879276
3433584
9270820
8860567
9536085
7262189
1582478
9339467
7077619
7318690
8659289
6513884
3582728
1597875
4372578
1385248
9735986
2541265
6523057
2675823
4497576
7443573
7914434
9784647
2573549
4619488
5501637
2131259
5569340
5888498
7073585
6698374
7015301
6622433
1397141
8814955
3747215
4604573
4023344
7480760
1308399
2308752
2321466
3669197
1159657
9957666
1094282
9803407
8967228
2267990
8623137
9076896
5097947
2206766
1546639
7682987
2614705
8641766
6364621
8068804
6338556
3332550
9613699
8121006
4388998
7300744
5908196
1179961
4782601
9505141
8932158
6157651
8975329
3216707
7983686
6920405
2965534
6427641
8386228
5011504
2208042
3606245
7064763
7058976
1821728
1827380
2810589
9481201
2224135
6953795
3094332
8209289
7988749
7537806
8871292
7818190
7783055
8578990
9757256
5841497
5233041
6637687
1965066
3316346
7388353
5459882
3228774
8604308
3106553
9654735
8215945
5771532
4571973
9317487
2566119
6215862
5629081
9973000
2634075
2406495
1120255
4236969
6355587
7210090
4145160
9992376
7774387
5750228
3335801
8936842
1662345
3098250
7428824
2121122
5322433
5156053
9678823
6284037
8335002
6696092
5957393
9966773
2166025
7402570
6750899
5297675
6009068
1778433
6217189
2985401
7257418
1167007
1912121
6306487
9507650
2135358
5401515
9864494
7563913
4598585
3836738
5151244
3736704
3349525
9200798
7293783
6282069
9437606
4626499
5308740
7209625
7044411
5631597
6677625
5135427
3248932
8100181
1506969
7736691
2850346
9786028
9962639
7000538
5270031
2791429
5042982
4069000
8920094
9619031
1306512
1486861
9600885
7663012
2599412
3483021
7938634
4116068
3472285
9902310
4175531
6602245
8675992
8986884
9440770
8975895
6008357
3026640
8677856
4786748
8967337
6252516
6249105
8040597
5142963
4424722
2241559
2069747
8925357
7490101
1909539
4167789
9222668
1639752
6718216
2847637
4719995
2407431
7848969
2480224
5427436
8087092
6874286
9397638
8432064
3962395
5317986
5573574
7474617
5591823
4313511
4402470
8840180
7990590
5126990
9649386
2821204
6934322
1866049
2947356
6499252
9914331
8086778
5845283
6891020
2662546
6006058
6004575
3856680
2404055
6705466
9101955
4837629
3978413
6366253
1619588
7156732
6360596
1209648
2281714
1497403
6358129
1572457
9891861
3814402
3308337
6577056
1791210
8905314
5021524
8487579
2976870
2907044
9181047
6611446
2494643
3882280
8738194
8010354
2103888
3113124
6297228
3772836
3290670
5439607
5106412
1972281
8765720
4558741
1333538
6365431
5388651
1181141
8166381
6359486
9013071
8945945
4494470
1034744
3145605
5583365
7412341
6170695
9597082
9661380
4755595
4285254
2689411
5674510
5365553
5529209
3303818
5195717
5839967
4722176
8327568
6344002
7470751
9802073
1914995
6647338
6962555
2369781
4989977
2687534
8168932
2672782
2488430
9120187
2302613
7409735
4592668
5961550
1450392
9538099
6600193
1034340
8564999
6010153
8510997
9500664
2349006
2155423
1276244
9942357
8246503
7633286
7229872
6649334
5685231
2993103
9570547
7262508
6789896
9286996
5149845
5783479
7060733
9696992
7317369
1828775
3874605
8951019
9818749
5663412
1488123
2239192
1363273
3434580
8231499
4404480
4237296
6504277
1275842
5504188
5655453
2489212
5358822
1458118
8051064
6202940
9144715
8170697
8822690
3380737
9982792
6210378
4131893
2524223
1618569
8712926
6156496
1620326
9284503
2850668
2713225
4689384
4726814
9177533
1454804
3868653
9541318
3953579
3191691
2581774
9806340
1984928
1655375
9037880
1479817
3093096
5513415
5762811
6319131
7283648
8877838
1273483
4175923
7023080
7775554
7879598
9626592
2486550
5547827
1881494
5298114
2635532
7133264
4557481
5372346
5048380
7487440
5409686
4438360
4787338
1892896
1307698
1688221
6723226
8076577
2689003
5608370
2539259
3912221
8074060
4690545
9774676
8063817
9044241
9926955
2867261
6353285
8799092
7483249
8044297
5084250
6595137
8613391
6314537
3972523
8774143
6714895
7572915
9968943
3192240
4330514
3440493
5130878
1011945
1903732
6945060
8374035
2309420
4370577
8202657
4974802
9329381
6584547
5105429
4829626
6398172
1725998
2904931
3642564
7453778
9062357
3504758
5318061
2345615
3852270
9464157
8864984
8218394
1119772
8957019
5056016
6490913
2553116
3090555
7203861
6933531
9284186
9826636
1358365
4131780
1389981
9899416
9702734
9936360
8875865
7534482
5206137
5870779
5218844
6861872
5153128
6689615
2388027
5172223
9618732
7779023
5569438
1371406
2177585
9058843
9197353
8971964
3960699
2103275
8834717
9320813
7838629
2296129
9975799
3102091
2723359
1521394
9913343
6087977
3829617
6518469
3977060
4572109
1418629
7597694
8517038
1410181
2902506
2106684
7722740
9679138
4934071
7378729
8242728
6429380
8477588
9141521
4170080
9406718
2079512
5734630
1134318
6354939
4572686
3309458
9896546
5301184
6518913
9839614
6886638
8396324
8829611
1916994
5619219
8754204
5970024
2778662
3128339
6326034
4410249
2216416
7643808
8913648
3644598
5454301
5280723
5973721
7142515
9531812
5039526
1543177
1861311
1848016
1805902
1823845
6139864
1091663
1279076
3672909
1142868
7582528
8947291
4564984
6677596
4418881
5841336
3178664
8556649
7982553
3018421
7331847
4164164
9821131
4038374
3553057
5476705
9454812
6787223
2674844
8516909
2510685
9115566
8988932
7411360
9812515
4127902
4001523
5549484
9283470
9667028
3789416
4883934
8614961
2898174
7502567
2317780
1759194
4226696
8891777
9923472
7304818
9082473
5784420
6156621
9094501
8874646
1769365
1277424
1587605
4027710
7918012
3909105
6036763
5024670
2070504
3951331
1290639
1076197
6335740
1546888
5669265
7917715
6717554
5381464
4558240
5465678
7530687
6966091
1427579
1904957
8037758
2004102
6977102
7841369
4917560
4114707
8966551
1128737
1288499
7479196
3965992
6959414
9192266
5907161
8053022
1396374
4678805
1291072
1548170
2324420
1609882
1073981
5552480
6429208
3545331
7165987
8942662
6841108
3839577
9575786
3360342
5849839
5248289
5785089
4065327
3583429
6139388
6503070
5578960
8856751
2094085
9938867
4995253
5705479
6160958
9829460
5258559
2248351
8187979
3663535
4912398
5702883
6320803
5882156
3148737
7147484
8920451
3882669
4360026
5842215
9263245
6065839
1403138
6278894
1412672
8905090
9695844
8452189
7728568
8059382
6757992
1426695
5427369
1559927
9685709
5079802
8358520
1732642
6491820
1836569
7532562
5346080
5846811
5203577
6066976
4157827
2427246
1095047
5977778
5996552
9698636
9747504
7577474
1858788
3927208
9023504
9745676
4124169
1596349
1055704
2373612
4484339
6845032
2749642
5856600
7437502
6108416
5826727
5498391
9407371
4575912
6496059
6675785
7044476
2343703
3515783
2392417
5891204
7802567
2072768
2646103
2396618
9748532
6534926
7429666
8652191
6746215
1923424
6416765
4555799
9327667
8161638
5706272
2988125
1330118
1283495
8899650
5484362
6472860
2850045
3932093
2150567
4550752
6108526
6063809
5813897
4531036
2790692
6946685
7739749
4372914
4728119
8342451
1321957
2831723
8569882
3107459
7343098
4124407
8668468
2919794
4429322
9049197
8771944
8928915
8746484
6453341
9330759
9405854
3733218
8512107
9518532
6884224
3993942
6674686
9631665
4935723
1294393
7833345
4803945
8553653
2933720
1750089
9949870
6040702
1131064
8402256
5917987
7308110
7097115
1542152
4720517
5775317
8330028
9985539
5739022
2949919
3438416
3902978
6667770
5478478
1102885
2333420
2360646
4522625
1473232
9416105
1570309
2325540
5782186
5273063
7796165
7907738
4369628
6235011
9008154
6742200
3002378
6214379
6338074
3134115
9052108
3696939
1088586
6993580
6499539
8192566
4385719
7786738
7017481
1812127
8222927
1247176
2634589
3638032
3062824
6886751
4861198
1931826
5437353
6752207
2925374
8709196
4167193
3650666
5984776
6801489
4648406
9703985
1071677
9851613
6983191
3562586
5847732
4961375
2860987
2139224
6991961
1094117
9727100
3400373
6634192
7072771
4162230
1094837
7950961
4428213
6777493
3656836
3398622
4353783
9128062
2528595
5260227
8362723
9013085
8524709
4450958
3176682
1231960
6971256
7522680
9800677
6470601
9744410
7627131
4233189
9668634
8503121
7286964
9178768
4707908
3622903
9714923
6481247
1969281
5197741
4332273
8303973
1585219
8689422
1362545
2034962
2779764
4757271
2906659
2987585
3358576
7683221
5405525
2306102
9891680
8082142
8657979
9774331
8573481
2473020
3503009
1322459
2456269
1467767
4449934
7996368
8895176
6155186
7647467
4824778
1201509
8523864
6643205
4230752
8725090
1943599
1235032
3775307
2373850
7031732
1871453
2238232
2385386
7686096
1763085
8044685
7845263
9900468
1438806
6692303
3765526
7179160
9859326
4017923
1711236
4137353
9663590
3006732
6857311
8417620
4331249
7869940
1963413
8527109
5404077
7705333
8367643
5092533
8769705
6824808
6671081
8503866
1515569
3299615
9512685
8500776
1171038
3536416
1317541
9010447
3176569
5699058
7446113
6704654
5279298
3793365
3002176
5408305
9464364
2421412
5553474
7927454
2166411
8295429
3903086
2691541
6950617
6129396
9141094
1910169
1914678
9948115
9514816
5043793
3319375
6955422
1009854
9967011
6014040
7302166
4379409
5554530
7767084
1379100
9408601
8526102
9388469
4640991
9905632
9199133
1812560
7596000
6641809
7845712
8518587
3766830
9749227
7054457
4273193
9430661
9304410
4815762
5664086
1292460
6747944
4852024
1418342
8358846
2613264
2334098
2642771
8382464
5647059
5165556
4764504
4539827
9442031
5767416
6009103
4462131
5076677
5456118
3948586
6945521
7936603
1506962
7029504
4931542
4236594
3144775
7717814
1135353
5576008
4166650
4746624
6287961
9837488
1386769
7765656
7187278
2524961
3025644
4217168
4263420
2048589
4036060
7838459
5195985
2198427
5490819
4007488
3148697
4250751
8378396
3303098
5716270
5949432
3656852
3538378
3118389
5182779
7280879
5515894
7141895
2141519
5658175
6089710
3278628
5023305
1126162
9431837
6027150
6565209
8568339
8563493
3113500
3287853
6613507
1478686
2588517
1786028
9094312
4676241
3498719
4173589
8957334
4894552
3758048
5889018
4142573
8158448
3870780
3249511
9040315
1482258
6640983
5039488
1701530
7660551
7824285
2320547
6038268
5912579
8757631
2258257
6435877
4543963
3621056
6380379
6138521
2362794
8630335
2783755
3693511
8354696
2367119
7435296
1977462
1624348
6751622
4588598
1989862
3504212
8180242
7342278
7792553
2090603
8191049
9773746
7806683
1627683
5238178
3361269
1188847
2984987
2322088
3585265
7434803
9757891
7619326
4423224
6337190
9988333
7992624
7620279
1966504
7345214
7220168
7637575
4174002
7981526
7974496
6110327
4627535
3160725
7560191
4676703
2926994
5860567
1650030
5312038
6661682
2199826
9976605
7018287
6591282
2616805
4801929
6923912
5085437
1541307
7458368
5824275
3732762
2972265
2019303
4731185
9841763
8224716
1808027
5995195
7916571
7341303
8003446
5678339
2129952
8215299
2665628
3317475
3091270
5271896
9242062
7480324
1826118
1550028
8245821
5779555
8590727
5127418
2339298
9576790
1781411
6736805
4403661
1230022
8634644
2048884
7814797
7170808
8046999
5998376
5564207
4197988
8987481
3433997
9016985
4213218
4207017
4723270
3135440
5103650
7959869
2619741
3023087
5101779
8805361
6827593
2237595
3139854
6251420
7653616
7912540
1544245
6320668
4149695
3237502
4907318
2842477
2610200
2850728
3459701
3021541
7254628
9368572
4082921
8500508
2408105
6322592
4796301
1214945
8782230
9595403
2187346
9762743
7553429
6880483
9158564
4670625
7211617
4058654
8676267
2965602
3523832
2095806
6523299
5607698
8092619
2121074
7661317
4950293
4098092
1431530
7276327
3846726
2469695
3083875
3964490
4357051
4698764
4764251
4664068
4676265
9920331
1581110
2498750
7453771
1608394
2766897
9261750
9741671
9088220
2793542
9740776
2612673
8880675
5761681
1600192
9259299
9613239
3270217
4845003
5573052
7142079
3460835
9997135
4242431
3469824
7021986
9001097
6952743
3160516
5780219
6060750
2762281
3472982
7380808
2809412
1542763
5208243
2536946
4552930
6138803
5113242
3749923
1532893
6096425
3988855
2917252
8792149
5762816
3801941
7277052
1354959
8351642
8656859
1906241
1696325
6799923
9742521
8479131
1898435
4931608
3001011
2642183
8311564
6513145
6206845
5497097
9443717
6799221
8361992
4039052
9496839
4230868
1678620
9676582
5028499
6113113
4000262
8636415
3115073
1246673
5408436
3254658
8166138
2716414
5511231
1336158
4299008
7054169
8278849
5665654
5670267
8271366
8549376
1223639
8512869
8912785
6930377
2347465
2494112
1782041
4964529
5795537
3557734
5183796
2144776
7774190
8748770
1383459
7187423
4821194
6673853
4245069
4224924
8760163
5031020
9820113
9396171
7150425
7272281
6416752
3111360
8538786
5111486
1205665
8253074
8995284
5616314
1046441
8653291
7867985
6140413
6541585
2496918
1083297
1359783
1646057
9142392
3764771
1059785
2882269
3173274
2977958
2802825
7937286
7779397
6036351
7550452
4143180
4117831
6582923
5397919
2467801
1472630
2507343
8859055
1684081
1680979
8725548
2808690
2181896
1654625
5137848
1099502
7450140
4862327
1087659
5685673
3604668
2272706
6742470
5338384
1610888
6935158
8671274
8997540
6673378
7336871
9841359
3099114
6653980
1837467
6694963
1995683
6128988
2098795
3963029
6331228
8523349
7982602
3782138
6429774
8220247
2949373
2292671
5172857
5607385
5013636
6288223
3552004
4752725
4407216
2091014
3041545
7359748
3104525
9072678
5219999
6141714
4664618
7312674
7830520
8111580
5137743
8918433
9473084
5800297
5691711
9211901
3255933
7492438
7735167
2901491
9754326
9707670
3291318
6076348
8934254
3667465
2093829
6998093
2601361
5353099
4386440
4108323
3168073
5410512
1896766
8948747
3284185
2509510
5265470
1640208
4511011
6299667
6419732
7215886
1473011
3450023
2998794
5307670
9903859
9150940
7332698
3347785
7213553
1362117
4935571
2754201
4275374
4542220
1062530
4896574
9933008
2153512
4553692
3840598
4799843
5369005
1415145
7362024
8544531
5280222
3614747
2162690
6917301
7258928
1202144
8681912
8793872
7525776
7960484
5754864
7627062
6849911
9820699
9520163
2472111
2776083
3105430
1806670
1625193
1168114
3233308
5959009
2815961
5999922
4989003
9480998
5022557
8333748
2118102
3515557
7671917
7136385
6220794
6197199
7137630
3821676
8126868
4475073
1698754
1811402
3795246
7505667
6322429
8197335
3064546
6651810
3817106
9952914
9297054
1623545
1265750
8505842
8109833
9531710
3438682
9378138
7509733
7507195
1004055
1655419
7348182
6670595
5104974
2397616
1797745
3514239
1107374
2610455
1256897
4357433
8076497
3267902
1454030
2263848
5661449
2594587
5119487
4500876
3001160
4527192
6744555
3118204
8715221
8537262
8242954
5787726
7457318
8724512
9433729
5314822
1994706
2013395
1802871
8388193
1141014
5021308
1560993
4633899
3003972
1203201
3167397
7153023
1279623
7725516
3089350
3645063
1165905
7928276
5089947
9500483
8703041
3550886
7878605
1882447
7343312
8040156
8073392
2967839
7153763
6804476
5585169
2277326
5016246
5041211
7526298
3132607
4076030
4145162
4997491
4217386
8849464
1271778
7163178
8053683
2587097
3961795
3661972
6250854
2127718
9879170
4734988
1843791
1765502
8709204
5937132
7956424
9829396
2278469
3161809
2680876
7038129
6330469
5990180
1451275
2638474
7466869
5458695
9663830
9830302
5545429
7029909
1219028
3444955
1973745
3061454
1545149
2439642
6855373
9329226
2127583
4926336
2687429
6399083
3624927
6721046
7868433
9363856
5132641
5628076
4307377
9186207
7598090
4016441
6654781
5943218
7413893
3739559
8735527
3422007
8573124
9019021
6869436
1383481
3734506
6438149
3031823
3636083
6486734
4740656
3463424
7525390
2307265
3945110
6545213
4851113
6468755
2036322
1228407
5099753
4113953
3509390
8207679
7181297
1456779
2455475
8536474
9245460
9114221
2049732
5858738
9057280
5821492
5722828
5942054
6219462
3843387
4717581
5116964
2480328
4795181
5554987
3249133
8114842
1039269
2951920
9971305
6674060
1367875
3102498
8467804
5593591
7356873
4320906
3851409
4833895
8895438
7114686
8840157
7431176
9563954
7534058
9098054
8659740
2432131
7644347
9226932
7738595
8610359
4786388
1996976
7538324
2993042
8873004
4013836
2535677
7715849
5417784
7510187
8573086
5376159
5471885
2371545
7494162
3996264
7149793
3597453
4646224
6314836
1218283
2375054
7237359
1911373
2243200
9975419
3108481
2493819
4954184
8059566
7874186
7010463
9692769
1927899
4177385
2200534
6849219
3036573
2660550
8782080
4199243
1427033
1139525
5919448
2927084
1594630
6489978
9154110
7236283
4831468
9013918
9018475
8919922
6587860
9439025
9527413
4304887
8569936
6708009
3997227
4746094
8487996
4766562
1307857
5493757
4957932
4581462
1831680
9865895
1700767
8633375
1601455
2697980
8312180
3852819
2717854
6109838
7738139
7235648
3165748
2292743
3263734
6212016
8071366
6993170
6565657
7550983
8762826
3620215
1448942
6580003
2927603
6276115
1664038
2587307
2142592
5091752
4622972
3590147
6671472
9698977
3030852
2799087
9211824
6318736
4015891
7241815
8626919
9658412
2041927
5890034
6278632
5110070
8559459
9110662
3208714
9984883
1038995
4817295
6185788
5409575
4740398
9964246
6940628
4266200
3613355
4715261
9907529
2704985
3786307
1629208
6335871
8285160
3995802
6309414
4173618
1320090
5407128
9256769
4029229
3838213
9385164
5352722
8260109
2794295
5710082
6224712
8925001
7523062
4908579
4456587
8812060
8429496
4061493
8986700
8220485
6827516
5837620
7333592
3209958
5322216
3033689
2009285
8504107
4559589
6129210
2516572
5494693
1501448
5383009
2204112
5447871
8145938
8289328
1253390
1328872
6760515
1427132
9892358
2087978
5012459
4953817
6724969
7338753
7521801
6588046
2896964
6086399
6766216
7642353
7290188
4105750
6481878
5739798
1395658
5458151
3315319
6218907
6507569
7095954
5206354
3097119
5274614
5695134
2467427
3449444
8727440
6378739
2968657
4520674
7105737
6926829
3705041
9587500
6308347
8980403
8069683
7215104
4293046
1386024
7588131
9579850
5240729
7634897
5335931
5073474
7569784
9844704
5808695
1381575
5874205
8416496
1091113
5260666
5708218
7958577
4619271
5665848
5648599
4521645
6921482
4748857
4975623
1201011
8091457
7172430
7472112
1633363
2233861
4935874
6130594
8337522
3189078
1000487
9274455
3749280
1506166
4457252
4206989
9838744
4989973
4377668
8713769
9344463
3891165
8304090
2705812
1483496
1115511
9681419
8391546
2390110
5437350
7199068
3431665
5041483
4817802
5939485
8377983
7410104
6020960
5693725
8014896
3755325
4928088
4737647
4517559
2154130
8772512
7340597
8327546
4985678
7435856
1912955
5857339
2447424
7352013
1757991
7514620
5119155
9161866
8113351
8533291
1992847
3410452
4681618
8360920
4638173
8693461
4992090
4989402
6102986
7216132
8759489
6137648
4519831
2095106
9726332
9835559
5768799
8843192
8195133
5078064
6661954
7722568
7793284
5105788
1046530
8296530
7099896
6269275
6546091
5590345
6985146
9689097
9624847
4745581
4330978
1162386
2319514
3221193
9379213
8015136
4022489
1915432
9127390
7579955
5110946
7368364
9311548
5291464
3191992
3351263
9517716
3186093
2841757
1050246
2772279
4297245
7141821
7092115
1138262
2997583
6275343
3233331
6961853
3211252
4957294
9426824
4770317
8662400
2172672
2370511
2019902
8356441
3394446
4294444
7883348
4541791
2304309
7660237
3012384
3757611
3241300
1170149
8593057
3571827
8566006
6314010
9705108
5706324
2715921
7956073
5170473
2303225
7419384
4548729
3113832
4420068
5720189
4516638
4649963
9571475
3958090
7964143
1242980
2958597
2193809
8537354
1069746
8806077
8780297
3275086
5686472
5538054
7715667
1483569
7201870
4434328
7707358
8108660
8624018
3411739
7433343
9575236
1515609
2453058
8385260
4453354
1921986
9906881
7785419
6088542
6175940
9185762
1197405
9827264
7015121
8500908
1540648
8675175
9284362
3582070
9746789
8213254
5131755
7209875
2632926
1785612
3908489
8166838
3505971
7950746
4201339
7924152
3711486
5791803
8054910
3526808
8486685
4029311
5738301
8464051
7007992
6063193
9509200
8385820
3544763
8175499
8947235
7863470
2610389
6518294
2384130
4126968
6779633
3402766
9556954
6082713
4918260
9117197
1305947
4743004
1496975
1521271
7748869
7030557
6876335
1146806
4385311
6258380
9025411
4284312
2090767
7923194
2691036
5599006
5673854
3010387
2952811
4151687
8588851
4965635
4956111
3184388
7785219
8117380
6519717
7697629
7274638
1742463
4253973
9367309
5778508
4725346
2583770
8429913
4985561
4016433
2776761
8569111
8437910
3738783
6747924
3154124
6611993
1317255
6892496
7240302
4644247
1412766
8740702
5365189
4595505
9696780
5649710
9338740
7390956
4819251
7205130
1883532
5539149
8203279
6766721
9895299
4430524
7865023
6735258
1977105
3808838
8138052
4173220
1764411
4859497
9941968
7924682
9807892
3643827
9717360
3811276
4540697
7959579
8904509
1061018
9047972
9264580
2448303
6906739
5492228
8361063
9385004
3678695
4904147
3249911
2524104
6569817
2212584
3461578
2730373
2519777
1399958
2682742
6157709
2040592
9747237
8625793
9427758
4891644
3498815
1636733
1395270
2399326
8362406
6408050
8845968
6899690
1429293
3068238
7348397
4998869
7165796
4954490
8318630
5073277
8936361
8403126
9726674
4685388
2071643
8023951
8241139
3335702
6853336
3317319
2336958
5107342
6310482
3201446
2644155
9889043
1484470
3676182
6128162
2593488
8113478
2809484
8019975
9069771
6601087
9653949
5260511
3806589
5191990
3607118
4010603
5895706
7547278
3712304
3107445
1890987
8769861
7597315
1741937
5417146
2428785
1763466
2371142
9014517
7324573
7306263
4161262
9917542
9181416
8797960
7427306
8240953
6050792
8769169
5258466
1451895
3882275
7237498
4552347
5266577
4480183
8857451
8438962
1480785
3232147
3994271
1394201
2410213
6216150
7381806
9390023
7595956
3140295
7474087
6302629
1385357
6974836
6755285
7898359
5880613
1701966
4902697
8076464
5173569
7669829
8151320
1819553
1062893
9751457
3514445
8329171
5689331
1721586
9728225
1232459
6227815
2416040
2472393
6892214
4682858
3100253
6672184
3004062
9765716
1701842
4548702
4066043
7059151
5988127
7550409
2893134
5977929
2012344
8535266
6828954
2672001
1081901
3845546
2077452
9214869
2617216
5518197
8429270
6908467
8914004
8268104
6843718
7904374
4987637
6778119
4567548
8597530
1119051
3486209
7752660
8424283
8446851
8023302
7638801
4324610
6638439
3018529
4076915
8009665
5385757
6648386
6170586
9768336
1408151
6762455
6225323
9818896
2816585
9223172
4199651
9434719
4907312
8318143
6140235
2113005
6457136
8952440
5430291
8257726
5351719
3864032
9385994
