1000
5731763
9794373
7562217
5380101
2549846
2445816
5828419
3204195
2162568
6872815
9639392
1681886
6112185
8620564
8520375
8002482
5598802
5241454
9681815
3920787
9675457
8011082
4977632
9017448
9629046
3422278
6313076
8077020
2709271
7382568
6773607
3167120
3137337
3339239
6464964
9421870
9898143
5412096
8587793
4298906
1976119
8123996
8927453
2915794
2794010
3129264
9369368
1144272
1747691
3011990
9030627
9485765
8642755
5660850
3431817
2521145
8209052
5876536
5551165
5614408
6064988
6697956
6876286
8474783
7939996
2628858
8882311
4036160
3617992
2366319
6878467
2130139
5167993
7556608
6442624
5290205
6061393
5120186
9164987
5807542
5703405
5529554
2884212
8606221
4872529
8333974
5630570
2824399
1354328
4997595
3316529
3809273
4008691
9385409
3937994
2194769
6112460
9845181
2394876
9316892
7083770
1611614
2325841
6773180
6072134
5354602
7191619
2311953
9785990
7183897
8705943
8070234
1131993
1251978
6867114
1241476
5540060
1948805
2516331
2749314
4168532
3855746
1817960
6494069
3829021
9734104
8924869
4542382
2313033
2021457
5831665
1162091
6272588
5915788
4497090
6802647
2402142
7783602
8280772
6601509
7973962
8071414
1896029
8445782
7679550
3248999
1787109
1544024
7191827
2586144
9746315
4624482
3044904
8603107
7980642
5547054
6414888
7495201
1445125
5630719
7181676
8966069
6584687
3136955
9759598
3438634
8832472
5529410
8622666
3881226
4764116
1368288
4393436
9464504
8817117
4717640
5210597
7601113
5317364
3947003
7664815
6255239
2313283
6513287
6286338
3937862
4062454
8274731
9252711
8046771
4052755
9147362
1269700
3798698
7767806
2613558
7185616
9035159
7643017
1771599
7179778
5769759
9795147
3709044
1950580
1738384
3420087
7173826
4036469
6703951
9311208
8072955
6400278
1891321
8615307
1217905
5645780
1633332
2040205
1562172
2894335
4225639
3633062
8212688
6880234
3718391
6819582
5161378
4557035
1491052
5187606
3311901
2666132
2574252
3477985
9070704
9612763
6197182
9601435
8069611
1686926
4024210
4491737
3129298
6207138
5894607
9230771
7271233
7394365
4475901
1448400
8956624
3725650
1569076
5252664
9218633
9303364
1934261
4900806
6396073
6412910
7518985
2358359
5437492
7427042
6042655
8474981
1326372
5714856
6072777
2593129
5398755
4904544
9812417
8527367
1910622
3420658
8055456
7372371
5484493
9948046
5862248
4080932
6583513
9729279
5238803
6150719
9059622
3969460
3734020
1730128
3591402
5957106
3292077
5158011
6710340
4789403
3923448
3242880
5626488
6889235
4757802
1338288
8190346
5881556
5397933
3885746
8397929
6743535
6863749
3131579
5862167
2476429
1436190
3518164
3691134
4489582
3392524
2669469
7833565
7831082
7717675
6053658
2370300
2393917
9845200
6298844
4120437
3761464
3050248
5493122
7548436
3136476
7106264
5886505
8912960
7026545
9113253
8587986
7624554
8249200
4966813
6770946
8919221
8362477
4683374
9604615
1416423
3653656
7046390
1331928
2676240
9289837
2028138
3102205
4475345
2824449
6208371
2594144
2702031
9566895
8799967
1427075
8787008
8752964
8368924
6691452
3065197
6963447
3913402
6379822
6046313
1770589
8244657
3960569
3207721
4669731
2404745
7201268
6711725
1703100
4217769
8062425
8922837
4654757
2355851
2435736
7004288
3417006
5806126
5037048
7221930
1109186
7090884
8572803
6624100
1168514
1254525
2387649
2355985
4531087
9757004
9564687
7936126
3274911
3433041
4479856
9940449
7677393
2638382
7197964
3487790
8716018
4777247
5128599
6181182
8527458
8466620
4101381
9708217
8172626
3991913
4493004
9415662
8581481
3691575
5945994
6225784
6113215
7638724
3940087
6525436
1250640
9453514
8702709
4221553
2327340
1732404
2278759
7376215
2419782
8811430
5271311
1169011
1839715
9366085
6271404
5029282
8419677
1673085
2173498
1692932
9922623
7579930
9233468
9523083
5319739
1609754
1120335
6112773
9915658
8086697
1800144
2751990
3161170
8049756
4377408
2181330
4564023
5575171
8485541
5274850
3839802
2121865
2593773
7371420
2349766
2712302
9341566
6080472
7291804
8063951
8977841
9643337
4331277
6778828
2937511
9057537
6643344
1701195
3394907
8229953
4501635
4327763
4518970
1786111
8680094
8976620
1733536
6448065
2911141
6712445
1332780
4595513
4864014
3777494
2658813
5295226
2057251
1543592
4593126
3616578
9622514
6110521
4939088
9905512
1430370
6491701
5693214
2730161
1320264
6135970
1392718
2030085
7864746
5017995
6518494
3277288
6278947
7907055
1866236
6543542
5200080
5432851
8459594
4338550
1871329
7371958
9914753
5261507
1137219
4978635
2923972
1724983
2805204
1220700
4665615
6406945
3316424
9552629
5693969
1757345
1102820
8087056
3457472
2701802
1595256
9508680
8168724
1681495
3572617
5594152
7968581
3105417
5329727
9646156
8682648
2935400
1220011
7503032
9137143
2475753
5597453
1834560
6635232
4461559
4216556
6722456
1093960
2499461
3917463
2719606
8074248
7090507
9190755
6349724
9260032
2706446
8119468
4080787
1476747
1188038
3161649
5101525
3183107
5126523
5023242
1196881
3154686
7626991
4950445
4084253
6360696
1731090
8278009
7087711
3673881
4618970
9910137
9184124
7645122
7583362
3992477
6681909
4610531
3722621
6000629
8720079
1963960
8931235
2923423
6940035
7322893
7192939
5094401
9036158
2519742
7719794
1309754
5848225
9273995
3084275
7853902
8340292
5637052
7709056
5852680
2945647
6157441
6259672
3464940
9485569
7075260
8482289
9669732
5589965
7718914
5308385
9396890
4082593
6749742
9850488
5864663
2457057
8530872
9892016
3402660
5550404
7400110
4115879
6880358
9603141
9472409
1788764
2634774
3269886
9281778
3207825
4590456
7704608
9543742
5648841
4829468
2587790
6622927
7605827
8605459
8453947
7687500
9312053
3224339
8089801
6361795
5823468
7398934
4463004
9260869
6921644
1566023
6645375
5883762
1435531
7427190
8317261
2432070
5883691
3981037
3720138
8933908
6147751
4829140
8195588
1767393
9322982
3246953
7456620
8014675
4711662
5592395
7279714
1747474
2167907
2015432
1246304
2497463
5328617
5508252
7950173
1384452
7414918
5514980
6559086
9206948
5613140
4308587
8078432
9935435
5320078
7565556
9317449
5951096
8032289
9504729
9339256
5101082
8552085
4634675
6677955
6075447
4984428
9485010
2469104
7771028
4272482
5279671
2064837
5716250
2431942
2546903
6838612
7646429
6547728
7157906
6149082
5171074
6779044
2643156
3134719
9639504
3019510
4739315
8995819
7720463
4023839
6384729
1288271
6994808
2347703
4130035
6842290
7349349
1425628
2509282
9349405
3736738
6067570
3976754
9905433
6762891
1851931
2465609
9742352
2431455
6161753
3624761
1279810
7368709
4340682
4457241
3660401
6910589
5868292
7070648
6004847
1417825
6631905
5837611
6354503
3764349
3449108
4549320
9854953
6172715
9921405
1415923
7479122
1097420
2961291
1051192
4135492
7475747
5661176
5049593
1671570
1761731
3671929
4722394
6892247
1647652
3129901
2302155
3529439
1222313
6796518
3343781
7366198
3009622
4720167
4062887
4545736
1444327
5876901
5997938
9931873
1904506
1480313
7092380
3509975
5877969
4328253
5128153
2971941
9416874
5284909
7145888
9097193
4837234
4925448
1476236
5245736
2878329
5097727
3097249
3005313
5686846
3698077
7790289
8722903
1951757
3810945
3555038
5796275
7635607
2844400
2183650
5367274
2697914
4463079
7492605
2853899
9278058
8587320
5814622
9173380
7471792
7032770
9434421
5420134
9500018
7275830
6893144
5371686
8423394
6780055
6595307
4584413
9125898
6206882
3394868
1952523
2493831
4006967
4717511
9205104
9880669
3839255
5877335
2467747
1423523
8116535
3166518
6553743
9443743
2119684
5166006
2277170
1481645
3337343
2732928
3200448
1229219
4578315
4198788
5148105
5737664
4603189
4379921
4154350
7165494
4457332
3051103
7016521
3906604
7531601
2708026
2794422
4362536
5087601
3991762
4847485
2283845
9042689
8962080
3343642
1316016
6278257
9456298
5667039
5382809
3984780
7382114
4461480
4911983
5193935
2527498
9696600
7996347
6109073
1866884
1530714
3909970
2554618
5642393
9417890
3950764
7498624
5359040
9820646
1675474
9547365
1420281
6971743
4731855
8726421
3866914
3424645
8857789
8455743
5402840
8734314
3599283
2108714
5328185
3618486
4076764
4681746
8535185
7985307
6168883
3194291
5304955
4226778
8101741
1873726
9495563
8509758
2481927
6602682
5495744
1626407
5282665
8452733
4813134
1310842
1480922
3474323
9923988
9851015
7826445
4242870
