10000
2682501
2682502
2682503
2682504
2682505
2682506
2682507
2682508
2682509
2682510
2682511
2682512
2682513
2682514
2682515
2682516
2682517
2682518
2682519
2682520
2682521
2682522
2682523
2682524
2682525
2682526
2682527
2682528
2682529
2682530
2682531
2682532
2682533
2682534
2682535
2682536
2682537
2682538
2682539
2682540
2682541
2682542
2682543
2682544
2682545
2682546
2682547
2682548
2682549
2682550
2682551
2682552
2682553
2682554
2682555
2682556
2682557
2682558
2682559
2682560
2682561
2682562
2682563
2682564
2682565
2682566
2682567
2682568
2682569
2682570
2682571
2682572
2682573
2682574
2682575
2682576
2682577
2682578
2682579
2682580
2682581
2682582
2682583
2682584
2682585
2682586
2682587
2682588
2682589
2682590
2682591
2682592
2682593
2682594
2682595
2682596
2682597
2682598
2682599
2682600
2682601
2682602
2682603
2682604
2682605
2682606
2682607
2682608
2682609
2682610
2682611
2682612
2682613
2682614
2682615
2682616
2682617
2682618
2682619
2682620
2682621
2682622
2682623
2682624
2682625
2682626
2682627
2682628
2682629
2682630
2682631
2682632
2682633
2682634
2682635
2682636
2682637
2682638
2682639
2682640
2682641
2682642
2682643
2682644
2682645
2682646
2682647
2682648
2682649
2682650
2682651
2682652
2682653
2682654
2682655
2682656
2682657
2682658
2682659
2682660
2682661
2682662
2682663
2682664
2682665
2682666
2682667
2682668
2682669
2682670
2682671
2682672
2682673
2682674
2682675
2682676
2682677
2682678
2682679
2682680
2682681
2682682
2682683
2682684
2682685
2682686
2682687
2682688
2682689
2682690
2682691
2682692
2682693
2682694
2682695
2682696
2682697
2682698
2682699
2682700
2682701
2682702
2682703
2682704
2682705
2682706
2682707
2682708
2682709
2682710
2682711
2682712
2682713
2682714
2682715
2682716
2682717
2682718
2682719
2682720
2682721
2682722
2682723
2682724
2682725
2682726
2682727
2682728
2682729
2682730
2682731
2682732
2682733
2682734
2682735
2682736
2682737
2682738
2682739
2682740
2682741
2682742
2682743
2682744
2682745
2682746
2682747
2682748
2682749
2682750
2682751
2682752
2682753
2682754
2682755
2682756
2682757
2682758
2682759
2682760
2682761
2682762
2682763
2682764
2682765
2682766
2682767
2682768
2682769
2682770
2682771
2682772
2682773
2682774
2682775
2682776
2682777
2682778
2682779
2682780
2682781
2682782
2682783
2682784
2682785
2682786
2682787
2682788
2682789
2682790
2682791
2682792
2682793
2682794
2682795
2682796
2682797
2682798
2682799
2682800
2682801
2682802
2682803
2682804
2682805
2682806
2682807
2682808
2682809
2682810
2682811
2682812
2682813
2682814
2682815
2682816
2682817
2682818
2682819
2682820
2682821
2682822
2682823
2682824
2682825
2682826
2682827
2682828
2682829
2682830
2682831
2682832
2682833
2682834
2682835
2682836
2682837
2682838
2682839
2682840
2682841
2682842
2682843
2682844
2682845
2682846
2682847
2682848
2682849
2682850
2682851
2682852
2682853
2682854
2682855
2682856
2682857
2682858
2682859
2682860
2682861
2682862
2682863
2682864
2682865
2682866
2682867
2682868
2682869
2682870
2682871
2682872
2682873
2682874
2682875
2682876
2682877
2682878
2682879
2682880
2682881
2682882
2682883
2682884
2682885
2682886
2682887
2682888
2682889
2682890
2682891
2682892
2682893
2682894
2682895
2682896
2682897
2682898
2682899
2682900
2682901
2682902
2682903
2682904
2682905
2682906
2682907
2682908
2682909
2682910
2682911
2682912
2682913
2682914
2682915
2682916
2682917
2682918
2682919
2682920
2682921
2682922
2682923
2682924
2682925
2682926
2682927
2682928
2682929
2682930
2682931
2682932
2682933
2682934
2682935
2682936
2682937
2682938
2682939
2682940
2682941
2682942
2682943
2682944
2682945
2682946
2682947
2682948
2682949
2682950
2682951
2682952
2682953
2682954
2682955
2682956
2682957
2682958
2682959
2682960
2682961
2682962
2682963
2682964
2682965
2682966
2682967
2682968
2682969
2682970
2682971
2682972
2682973
2682974
2682975
2682976
2682977
2682978
2682979
2682980
2682981
2682982
2682983
2682984
2682985
2682986
2682987
2682988
2682989
2682990
2682991
2682992
2682993
2682994
2682995
2682996
2682997
2682998
2682999
2683000
2683001
2683002
2683003
2683004
2683005
2683006
2683007
2683008
2683009
2683010
2683011
2683012
2683013
2683014
2683015
2683016
2683017
2683018
2683019
2683020
2683021
2683022
2683023
2683024
2683025
2683026
2683027
2683028
2683029
2683030
2683031
2683032
2683033
2683034
2683035
2683036
2683037
2683038
2683039
2683040
2683041
2683042
2683043
2683044
2683045
2683046
2683047
2683048
2683049
2683050
2683051
2683052
2683053
2683054
2683055
2683056
2683057
2683058
2683059
2683060
2683061
2683062
2683063
2683064
2683065
2683066
2683067
2683068
2683069
2683070
2683071
2683072
2683073
2683074
2683075
2683076
2683077
2683078
2683079
2683080
2683081
2683082
2683083
2683084
2683085
2683086
2683087
2683088
2683089
2683090
2683091
2683092
2683093
2683094
2683095
2683096
2683097
2683098
2683099
2683100
2683101
2683102
2683103
2683104
2683105
2683106
2683107
2683108
2683109
2683110
2683111
2683112
2683113
2683114
2683115
2683116
2683117
2683118
2683119
2683120
2683121
2683122
2683123
2683124
2683125
2683126
2683127
2683128
2683129
2683130
2683131
2683132
2683133
2683134
2683135
2683136
2683137
2683138
2683139
2683140
2683141
2683142
2683143
2683144
2683145
2683146
2683147
2683148
2683149
2683150
2683151
2683152
2683153
2683154
2683155
2683156
2683157
2683158
2683159
2683160
2683161
2683162
2683163
2683164
2683165
2683166
2683167
2683168
2683169
2683170
2683171
2683172
2683173
2683174
2683175
2683176
2683177
2683178
2683179
2683180
2683181
2683182
2683183
2683184
2683185
2683186
2683187
2683188
2683189
2683190
2683191
2683192
2683193
2683194
2683195
2683196
2683197
2683198
2683199
2683200
2683201
2683202
2683203
2683204
2683205
2683206
2683207
2683208
2683209
2683210
2683211
2683212
2683213
2683214
2683215
2683216
2683217
2683218
2683219
2683220
2683221
2683222
2683223
2683224
2683225
2683226
2683227
2683228
2683229
2683230
2683231
2683232
2683233
2683234
2683235
2683236
2683237
2683238
2683239
2683240
2683241
2683242
2683243
2683244
2683245
2683246
2683247
2683248
2683249
2683250
2683251
2683252
2683253
2683254
2683255
2683256
2683257
2683258
2683259
2683260
2683261
2683262
2683263
2683264
2683265
2683266
2683267
2683268
2683269
2683270
2683271
2683272
2683273
2683274
2683275
2683276
2683277
2683278
2683279
2683280
2683281
2683282
2683283
2683284
2683285
2683286
2683287
2683288
2683289
2683290
2683291
2683292
2683293
2683294
2683295
2683296
2683297
2683298
2683299
2683300
2683301
2683302
2683303
2683304
2683305
2683306
2683307
2683308
2683309
2683310
2683311
2683312
2683313
2683314
2683315
2683316
2683317
2683318
2683319
2683320
2683321
2683322
2683323
2683324
2683325
2683326
2683327
2683328
2683329
2683330
2683331
2683332
2683333
2683334
2683335
2683336
2683337
2683338
2683339
2683340
2683341
2683342
2683343
2683344
2683345
2683346
2683347
2683348
2683349
2683350
2683351
2683352
2683353
2683354
2683355
2683356
2683357
2683358
2683359
2683360
2683361
2683362
2683363
2683364
2683365
2683366
2683367
2683368
2683369
2683370
2683371
2683372
2683373
2683374
2683375
2683376
2683377
2683378
2683379
2683380
2683381
2683382
2683383
2683384
2683385
2683386
2683387
2683388
2683389
2683390
2683391
2683392
2683393
2683394
2683395
2683396
2683397
2683398
2683399
2683400
2683401
2683402
2683403
2683404
2683405
2683406
2683407
2683408
2683409
2683410
2683411
2683412
2683413
2683414
2683415
2683416
2683417
2683418
2683419
2683420
2683421
2683422
2683423
2683424
2683425
2683426
2683427
2683428
2683429
2683430
2683431
2683432
2683433
2683434
2683435
2683436
2683437
2683438
2683439
2683440
2683441
2683442
2683443
2683444
2683445
2683446
2683447
2683448
2683449
2683450
2683451
2683452
2683453
2683454
2683455
2683456
2683457
2683458
2683459
2683460
2683461
2683462
2683463
2683464
2683465
2683466
2683467
2683468
2683469
2683470
2683471
2683472
2683473
2683474
2683475
2683476
2683477
2683478
2683479
2683480
2683481
2683482
2683483
2683484
2683485
2683486
2683487
2683488
2683489
2683490
2683491
2683492
2683493
2683494
2683495
2683496
2683497
2683498
2683499
2683500
2683501
2683502
2683503
2683504
2683505
2683506
2683507
2683508
2683509
2683510
2683511
2683512
2683513
2683514
2683515
2683516
2683517
2683518
2683519
2683520
2683521
2683522
2683523
2683524
2683525
2683526
2683527
2683528
2683529
2683530
2683531
2683532
2683533
2683534
2683535
2683536
2683537
2683538
2683539
2683540
2683541
2683542
2683543
2683544
2683545
2683546
2683547
2683548
2683549
2683550
2683551
2683552
2683553
2683554
2683555
2683556
2683557
2683558
2683559
2683560
2683561
2683562
2683563
2683564
2683565
2683566
2683567
2683568
2683569
2683570
2683571
2683572
2683573
2683574
2683575
2683576
2683577
2683578
2683579
2683580
2683581
2683582
2683583
2683584
2683585
2683586
2683587
2683588
2683589
2683590
2683591
2683592
2683593
2683594
2683595
2683596
2683597
2683598
2683599
2683600
2683601
2683602
2683603
2683604
2683605
2683606
2683607
2683608
2683609
2683610
2683611
2683612
2683613
2683614
2683615
2683616
2683617
2683618
2683619
2683620
2683621
2683622
2683623
2683624
2683625
2683626
2683627
2683628
2683629
2683630
2683631
2683632
2683633
2683634
2683635
2683636
2683637
2683638
2683639
2683640
2683641
2683642
2683643
2683644
2683645
2683646
2683647
2683648
2683649
2683650
2683651
2683652
2683653
2683654
2683655
2683656
2683657
2683658
2683659
2683660
2683661
2683662
2683663
2683664
2683665
2683666
2683667
2683668
2683669
2683670
2683671
2683672
2683673
2683674
2683675
2683676
2683677
2683678
2683679
2683680
2683681
2683682
2683683
2683684
2683685
2683686
2683687
2683688
2683689
2683690
2683691
2683692
2683693
2683694
2683695
2683696
2683697
2683698
2683699
2683700
2683701
2683702
2683703
2683704
2683705
2683706
2683707
2683708
2683709
2683710
2683711
2683712
2683713
2683714
2683715
2683716
2683717
2683718
2683719
2683720
2683721
2683722
2683723
2683724
2683725
2683726
2683727
2683728
2683729
2683730
2683731
2683732
2683733
2683734
2683735
2683736
2683737
2683738
2683739
2683740
2683741
2683742
2683743
2683744
2683745
2683746
2683747
2683748
2683749
2683750
2683751
2683752
2683753
2683754
2683755
2683756
2683757
2683758
2683759
2683760
2683761
2683762
2683763
2683764
2683765
2683766
2683767
2683768
2683769
2683770
2683771
2683772
2683773
2683774
2683775
2683776
2683777
2683778
2683779
2683780
2683781
2683782
2683783
2683784
2683785
2683786
2683787
2683788
2683789
2683790
2683791
2683792
2683793
2683794
2683795
2683796
2683797
2683798
2683799
2683800
2683801
2683802
2683803
2683804
2683805
2683806
2683807
2683808
2683809
2683810
2683811
2683812
2683813
2683814
2683815
2683816
2683817
2683818
2683819
2683820
2683821
2683822
2683823
2683824
2683825
2683826
2683827
2683828
2683829
2683830
2683831
2683832
2683833
2683834
2683835
2683836
2683837
2683838
2683839
2683840
2683841
2683842
2683843
2683844
2683845
2683846
2683847
2683848
2683849
2683850
2683851
2683852
2683853
2683854
2683855
2683856
2683857
2683858
2683859
2683860
2683861
2683862
2683863
2683864
2683865
2683866
2683867
2683868
2683869
2683870
2683871
2683872
2683873
2683874
2683875
2683876
2683877
2683878
2683879
2683880
2683881
2683882
2683883
2683884
2683885
2683886
2683887
2683888
2683889
2683890
2683891
2683892
2683893
2683894
2683895
2683896
2683897
2683898
2683899
2683900
2683901
2683902
2683903
2683904
2683905
2683906
2683907
2683908
2683909
2683910
2683911
2683912
2683913
2683914
2683915
2683916
2683917
2683918
2683919
2683920
2683921
2683922
2683923
2683924
2683925
2683926
2683927
2683928
2683929
2683930
2683931
2683932
2683933
2683934
2683935
2683936
2683937
2683938
2683939
2683940
2683941
2683942
2683943
2683944
2683945
2683946
2683947
2683948
2683949
2683950
2683951
2683952
2683953
2683954
2683955
2683956
2683957
2683958
2683959
2683960
2683961
2683962
2683963
2683964
2683965
2683966
2683967
2683968
2683969
2683970
2683971
2683972
2683973
2683974
2683975
2683976
2683977
2683978
2683979
2683980
2683981
2683982
2683983
2683984
2683985
2683986
2683987
2683988
2683989
2683990
2683991
2683992
2683993
2683994
2683995
2683996
2683997
2683998
2683999
2684000
2684001
2684002
2684003
2684004
2684005
2684006
2684007
2684008
2684009
2684010
2684011
2684012
2684013
2684014
2684015
2684016
2684017
2684018
2684019
2684020
2684021
2684022
2684023
2684024
2684025
2684026
2684027
2684028
2684029
2684030
2684031
2684032
2684033
2684034
2684035
2684036
2684037
2684038
2684039
2684040
2684041
2684042
2684043
2684044
2684045
2684046
2684047
2684048
2684049
2684050
2684051
2684052
2684053
2684054
2684055
2684056
2684057
2684058
2684059
2684060
2684061
2684062
2684063
2684064
2684065
2684066
2684067
2684068
2684069
2684070
2684071
2684072
2684073
2684074
2684075
2684076
2684077
2684078
2684079
2684080
2684081
2684082
2684083
2684084
2684085
2684086
2684087
2684088
2684089
2684090
2684091
2684092
2684093
2684094
2684095
2684096
2684097
2684098
2684099
2684100
2684101
2684102
2684103
2684104
2684105
2684106
2684107
2684108
2684109
2684110
2684111
2684112
2684113
2684114
2684115
2684116
2684117
2684118
2684119
2684120
2684121
2684122
2684123
2684124
2684125
2684126
2684127
2684128
2684129
2684130
2684131
2684132
2684133
2684134
2684135
2684136
2684137
2684138
2684139
2684140
2684141
2684142
2684143
2684144
2684145
2684146
2684147
2684148
2684149
2684150
2684151
2684152
2684153
2684154
2684155
2684156
2684157
2684158
2684159
2684160
2684161
2684162
2684163
2684164
2684165
2684166
2684167
2684168
2684169
2684170
2684171
2684172
2684173
2684174
2684175
2684176
2684177
2684178
2684179
2684180
2684181
2684182
2684183
2684184
2684185
2684186
2684187
2684188
2684189
2684190
2684191
2684192
2684193
2684194
2684195
2684196
2684197
2684198
2684199
2684200
2684201
2684202
2684203
2684204
2684205
2684206
2684207
2684208
2684209
2684210
2684211
2684212
2684213
2684214
2684215
2684216
2684217
2684218
2684219
2684220
2684221
2684222
2684223
2684224
2684225
2684226
2684227
2684228
2684229
2684230
2684231
2684232
2684233
2684234
2684235
2684236
2684237
2684238
2684239
2684240
2684241
2684242
2684243
2684244
2684245
2684246
2684247
2684248
2684249
2684250
2684251
2684252
2684253
2684254
2684255
2684256
2684257
2684258
2684259
2684260
2684261
2684262
2684263
2684264
2684265
2684266
2684267
2684268
2684269
2684270
2684271
2684272
2684273
2684274
2684275
2684276
2684277
2684278
2684279
2684280
2684281
2684282
2684283
2684284
2684285
2684286
2684287
2684288
2684289
2684290
2684291
2684292
2684293
2684294
2684295
2684296
2684297
2684298
2684299
2684300
2684301
2684302
2684303
2684304
2684305
2684306
2684307
2684308
2684309
2684310
2684311
2684312
2684313
2684314
2684315
2684316
2684317
2684318
2684319
2684320
2684321
2684322
2684323
2684324
2684325
2684326
2684327
2684328
2684329
2684330
2684331
2684332
2684333
2684334
2684335
2684336
2684337
2684338
2684339
2684340
2684341
2684342
2684343
2684344
2684345
2684346
2684347
2684348
2684349
2684350
2684351
2684352
2684353
2684354
2684355
2684356
2684357
2684358
2684359
2684360
2684361
2684362
2684363
2684364
2684365
2684366
2684367
2684368
2684369
2684370
2684371
2684372
2684373
2684374
2684375
2684376
2684377
2684378
2684379
2684380
2684381
2684382
2684383
2684384
2684385
2684386
2684387
2684388
2684389
2684390
2684391
2684392
2684393
2684394
2684395
2684396
2684397
2684398
2684399
2684400
2684401
2684402
2684403
2684404
2684405
2684406
2684407
2684408
2684409
2684410
2684411
2684412
2684413
2684414
2684415
2684416
2684417
2684418
2684419
2684420
2684421
2684422
2684423
2684424
2684425
2684426
2684427
2684428
2684429
2684430
2684431
2684432
2684433
2684434
2684435
2684436
2684437
2684438
2684439
2684440
2684441
2684442
2684443
2684444
2684445
2684446
2684447
2684448
2684449
2684450
2684451
2684452
2684453
2684454
2684455
2684456
2684457
2684458
2684459
2684460
2684461
2684462
2684463
2684464
2684465
2684466
2684467
2684468
2684469
2684470
2684471
2684472
2684473
2684474
2684475
2684476
2684477
2684478
2684479
2684480
2684481
2684482
2684483
2684484
2684485
2684486
2684487
2684488
2684489
2684490
2684491
2684492
2684493
2684494
2684495
2684496
2684497
2684498
2684499
2684500
2684501
2684502
2684503
2684504
2684505
2684506
2684507
2684508
2684509
2684510
2684511
2684512
2684513
2684514
2684515
2684516
2684517
2684518
2684519
2684520
2684521
2684522
2684523
2684524
2684525
2684526
2684527
2684528
2684529
2684530
2684531
2684532
2684533
2684534
2684535
2684536
2684537
2684538
2684539
2684540
2684541
2684542
2684543
2684544
2684545
2684546
2684547
2684548
2684549
2684550
2684551
2684552
2684553
2684554
2684555
2684556
2684557
2684558
2684559
2684560
2684561
2684562
2684563
2684564
2684565
2684566
2684567
2684568
2684569
2684570
2684571
2684572
2684573
2684574
2684575
2684576
2684577
2684578
2684579
2684580
2684581
2684582
2684583
2684584
2684585
2684586
2684587
2684588
2684589
2684590
2684591
2684592
2684593
2684594
2684595
2684596
2684597
2684598
2684599
2684600
2684601
2684602
2684603
2684604
2684605
2684606
2684607
2684608
2684609
2684610
2684611
2684612
2684613
2684614
2684615
2684616
2684617
2684618
2684619
2684620
2684621
2684622
2684623
2684624
2684625
2684626
2684627
2684628
2684629
2684630
2684631
2684632
2684633
2684634
2684635
2684636
2684637
2684638
2684639
2684640
2684641
2684642
2684643
2684644
2684645
2684646
2684647
2684648
2684649
2684650
2684651
2684652
2684653
2684654
2684655
2684656
2684657
2684658
2684659
2684660
2684661
2684662
2684663
2684664
2684665
2684666
2684667
2684668
2684669
2684670
2684671
2684672
2684673
2684674
2684675
2684676
2684677
2684678
2684679
2684680
2684681
2684682
2684683
2684684
2684685
2684686
2684687
2684688
2684689
2684690
2684691
2684692
2684693
2684694
2684695
2684696
2684697
2684698
2684699
2684700
2684701
2684702
2684703
2684704
2684705
2684706
2684707
2684708
2684709
2684710
2684711
2684712
2684713
2684714
2684715
2684716
2684717
2684718
2684719
2684720
2684721
2684722
2684723
2684724
2684725
2684726
2684727
2684728
2684729
2684730
2684731
2684732
2684733
2684734
2684735
2684736
2684737
2684738
2684739
2684740
2684741
2684742
2684743
2684744
2684745
2684746
2684747
2684748
2684749
2684750
2684751
2684752
2684753
2684754
2684755
2684756
2684757
2684758
2684759
2684760
2684761
2684762
2684763
2684764
2684765
2684766
2684767
2684768
2684769
2684770
2684771
2684772
2684773
2684774
2684775
2684776
2684777
2684778
2684779
2684780
2684781
2684782
2684783
2684784
2684785
2684786
2684787
2684788
2684789
2684790
2684791
2684792
2684793
2684794
2684795
2684796
2684797
2684798
2684799
2684800
2684801
2684802
2684803
2684804
2684805
2684806
2684807
2684808
2684809
2684810
2684811
2684812
2684813
2684814
2684815
2684816
2684817
2684818
2684819
2684820
2684821
2684822
2684823
2684824
2684825
2684826
2684827
2684828
2684829
2684830
2684831
2684832
2684833
2684834
2684835
2684836
2684837
2684838
2684839
2684840
2684841
2684842
2684843
2684844
2684845
2684846
2684847
2684848
2684849
2684850
2684851
2684852
2684853
2684854
2684855
2684856
2684857
2684858
2684859
2684860
2684861
2684862
2684863
2684864
2684865
2684866
2684867
2684868
2684869
2684870
2684871
2684872
2684873
2684874
2684875
2684876
2684877
2684878
2684879
2684880
2684881
2684882
2684883
2684884
2684885
2684886
2684887
2684888
2684889
2684890
2684891
2684892
2684893
2684894
2684895
2684896
2684897
2684898
2684899
2684900
2684901
2684902
2684903
2684904
2684905
2684906
2684907
2684908
2684909
2684910
2684911
2684912
2684913
2684914
2684915
2684916
2684917
2684918
2684919
2684920
2684921
2684922
2684923
2684924
2684925
2684926
2684927
2684928
2684929
2684930
2684931
2684932
2684933
2684934
2684935
2684936
2684937
2684938
2684939
2684940
2684941
2684942
2684943
2684944
2684945
2684946
2684947
2684948
2684949
2684950
2684951
2684952
2684953
2684954
2684955
2684956
2684957
2684958
2684959
2684960
2684961
2684962
2684963
2684964
2684965
2684966
2684967
2684968
2684969
2684970
2684971
2684972
2684973
2684974
2684975
2684976
2684977
2684978
2684979
2684980
2684981
2684982
2684983
2684984
2684985
2684986
2684987
2684988
2684989
2684990
2684991
2684992
2684993
2684994
2684995
2684996
2684997
2684998
2684999
2685000
2685001
2685002
2685003
2685004
2685005
2685006
2685007
2685008
2685009
2685010
2685011
2685012
2685013
2685014
2685015
2685016
2685017
2685018
2685019
2685020
2685021
2685022
2685023
2685024
2685025
2685026
2685027
2685028
2685029
2685030
2685031
2685032
2685033
2685034
2685035
2685036
2685037
2685038
2685039
2685040
2685041
2685042
2685043
2685044
2685045
2685046
2685047
2685048
2685049
2685050
2685051
2685052
2685053
2685054
2685055
2685056
2685057
2685058
2685059
2685060
2685061
2685062
2685063
2685064
2685065
2685066
2685067
2685068
2685069
2685070
2685071
2685072
2685073
2685074
2685075
2685076
2685077
2685078
2685079
2685080
2685081
2685082
2685083
2685084
2685085
2685086
2685087
2685088
2685089
2685090
2685091
2685092
2685093
2685094
2685095
2685096
2685097
2685098
2685099
2685100
2685101
2685102
2685103
2685104
2685105
2685106
2685107
2685108
2685109
2685110
2685111
2685112
2685113
2685114
2685115
2685116
2685117
2685118
2685119
2685120
2685121
2685122
2685123
2685124
2685125
2685126
2685127
2685128
2685129
2685130
2685131
2685132
2685133
2685134
2685135
2685136
2685137
2685138
2685139
2685140
2685141
2685142
2685143
2685144
2685145
2685146
2685147
2685148
2685149
2685150
2685151
2685152
2685153
2685154
2685155
2685156
2685157
2685158
2685159
2685160
2685161
2685162
2685163
2685164
2685165
2685166
2685167
2685168
2685169
2685170
2685171
2685172
2685173
2685174
2685175
2685176
2685177
2685178
2685179
2685180
2685181
2685182
2685183
2685184
2685185
2685186
2685187
2685188
2685189
2685190
2685191
2685192
2685193
2685194
2685195
2685196
2685197
2685198
2685199
2685200
2685201
2685202
2685203
2685204
2685205
2685206
2685207
2685208
2685209
2685210
2685211
2685212
2685213
2685214
2685215
2685216
2685217
2685218
2685219
2685220
2685221
2685222
2685223
2685224
2685225
2685226
2685227
2685228
2685229
2685230
2685231
2685232
2685233
2685234
2685235
2685236
2685237
2685238
2685239
2685240
2685241
2685242
2685243
2685244
2685245
2685246
2685247
2685248
2685249
2685250
2685251
2685252
2685253
2685254
2685255
2685256
2685257
2685258
2685259
2685260
2685261
2685262
2685263
2685264
2685265
2685266
2685267
2685268
2685269
2685270
2685271
2685272
2685273
2685274
2685275
2685276
2685277
2685278
2685279
2685280
2685281
2685282
2685283
2685284
2685285
2685286
2685287
2685288
2685289
2685290
2685291
2685292
2685293
2685294
2685295
2685296
2685297
2685298
2685299
2685300
2685301
2685302
2685303
2685304
2685305
2685306
2685307
2685308
2685309
2685310
2685311
2685312
2685313
2685314
2685315
2685316
2685317
2685318
2685319
2685320
2685321
2685322
2685323
2685324
2685325
2685326
2685327
2685328
2685329
2685330
2685331
2685332
2685333
2685334
2685335
2685336
2685337
2685338
2685339
2685340
2685341
2685342
2685343
2685344
2685345
2685346
2685347
2685348
2685349
2685350
2685351
2685352
2685353
2685354
2685355
2685356
2685357
2685358
2685359
2685360
2685361
2685362
2685363
2685364
2685365
2685366
2685367
2685368
2685369
2685370
2685371
2685372
2685373
2685374
2685375
2685376
2685377
2685378
2685379
2685380
2685381
2685382
2685383
2685384
2685385
2685386
2685387
2685388
2685389
2685390
2685391
2685392
2685393
2685394
2685395
2685396
2685397
2685398
2685399
2685400
2685401
2685402
2685403
2685404
2685405
2685406
2685407
2685408
2685409
2685410
2685411
2685412
2685413
2685414
2685415
2685416
2685417
2685418
2685419
2685420
2685421
2685422
2685423
2685424
2685425
2685426
2685427
2685428
2685429
2685430
2685431
2685432
2685433
2685434
2685435
2685436
2685437
2685438
2685439
2685440
2685441
2685442
2685443
2685444
2685445
2685446
2685447
2685448
2685449
2685450
2685451
2685452
2685453
2685454
2685455
2685456
2685457
2685458
2685459
2685460
2685461
2685462
2685463
2685464
2685465
2685466
2685467
2685468
2685469
2685470
2685471
2685472
2685473
2685474
2685475
2685476
2685477
2685478
2685479
2685480
2685481
2685482
2685483
2685484
2685485
2685486
2685487
2685488
2685489
2685490
2685491
2685492
2685493
2685494
2685495
2685496
2685497
2685498
2685499
2685500
2685501
2685502
2685503
2685504
2685505
2685506
2685507
2685508
2685509
2685510
2685511
2685512
2685513
2685514
2685515
2685516
2685517
2685518
2685519
2685520
2685521
2685522
2685523
2685524
2685525
2685526
2685527
2685528
2685529
2685530
2685531
2685532
2685533
2685534
2685535
2685536
2685537
2685538
2685539
2685540
2685541
2685542
2685543
2685544
2685545
2685546
2685547
2685548
2685549
2685550
2685551
2685552
2685553
2685554
2685555
2685556
2685557
2685558
2685559
2685560
2685561
2685562
2685563
2685564
2685565
2685566
2685567
2685568
2685569
2685570
2685571
2685572
2685573
2685574
2685575
2685576
2685577
2685578
2685579
2685580
2685581
2685582
2685583
2685584
2685585
2685586
2685587
2685588
2685589
2685590
2685591
2685592
2685593
2685594
2685595
2685596
2685597
2685598
2685599
2685600
2685601
2685602
2685603
2685604
2685605
2685606
2685607
2685608
2685609
2685610
2685611
2685612
2685613
2685614
2685615
2685616
2685617
2685618
2685619
2685620
2685621
2685622
2685623
2685624
2685625
2685626
2685627
2685628
2685629
2685630
2685631
2685632
2685633
2685634
2685635
2685636
2685637
2685638
2685639
2685640
2685641
2685642
2685643
2685644
2685645
2685646
2685647
2685648
2685649
2685650
2685651
2685652
2685653
2685654
2685655
2685656
2685657
2685658
2685659
2685660
2685661
2685662
2685663
2685664
2685665
2685666
2685667
2685668
2685669
2685670
2685671
2685672
2685673
2685674
2685675
2685676
2685677
2685678
2685679
2685680
2685681
2685682
2685683
2685684
2685685
2685686
2685687
2685688
2685689
2685690
2685691
2685692
2685693
2685694
2685695
2685696
2685697
2685698
2685699
2685700
2685701
2685702
2685703
2685704
2685705
2685706
2685707
2685708
2685709
2685710
2685711
2685712
2685713
2685714
2685715
2685716
2685717
2685718
2685719
2685720
2685721
2685722
2685723
2685724
2685725
2685726
2685727
2685728
2685729
2685730
2685731
2685732
2685733
2685734
2685735
2685736
2685737
2685738
2685739
2685740
2685741
2685742
2685743
2685744
2685745
2685746
2685747
2685748
2685749
2685750
2685751
2685752
2685753
2685754
2685755
2685756
2685757
2685758
2685759
2685760
2685761
2685762
2685763
2685764
2685765
2685766
2685767
2685768
2685769
2685770
2685771
2685772
2685773
2685774
2685775
2685776
2685777
2685778
2685779
2685780
2685781
2685782
2685783
2685784
2685785
2685786
2685787
2685788
2685789
2685790
2685791
2685792
2685793
2685794
2685795
2685796
2685797
2685798
2685799
2685800
2685801
2685802
2685803
2685804
2685805
2685806
2685807
2685808
2685809
2685810
2685811
2685812
2685813
2685814
2685815
2685816
2685817
2685818
2685819
2685820
2685821
2685822
2685823
2685824
2685825
2685826
2685827
2685828
2685829
2685830
2685831
2685832
2685833
2685834
2685835
2685836
2685837
2685838
2685839
2685840
2685841
2685842
2685843
2685844
2685845
2685846
2685847
2685848
2685849
2685850
2685851
2685852
2685853
2685854
2685855
2685856
2685857
2685858
2685859
2685860
2685861
2685862
2685863
2685864
2685865
2685866
2685867
2685868
2685869
2685870
2685871
2685872
2685873
2685874
2685875
2685876
2685877
2685878
2685879
2685880
2685881
2685882
2685883
2685884
2685885
2685886
2685887
2685888
2685889
2685890
2685891
2685892
2685893
2685894
2685895
2685896
2685897
2685898
2685899
2685900
2685901
2685902
2685903
2685904
2685905
2685906
2685907
2685908
2685909
2685910
2685911
2685912
2685913
2685914
2685915
2685916
2685917
2685918
2685919
2685920
2685921
2685922
2685923
2685924
2685925
2685926
2685927
2685928
2685929
2685930
2685931
2685932
2685933
2685934
2685935
2685936
2685937
2685938
2685939
2685940
2685941
2685942
2685943
2685944
2685945
2685946
2685947
2685948
2685949
2685950
2685951
2685952
2685953
2685954
2685955
2685956
2685957
2685958
2685959
2685960
2685961
2685962
2685963
2685964
2685965
2685966
2685967
2685968
2685969
2685970
2685971
2685972
2685973
2685974
2685975
2685976
2685977
2685978
2685979
2685980
2685981
2685982
2685983
2685984
2685985
2685986
2685987
2685988
2685989
2685990
2685991
2685992
2685993
2685994
2685995
2685996
2685997
2685998
2685999
2686000
2686001
2686002
2686003
2686004
2686005
2686006
2686007
2686008
2686009
2686010
2686011
2686012
2686013
2686014
2686015
2686016
2686017
2686018
2686019
2686020
2686021
2686022
2686023
2686024
2686025
2686026
2686027
2686028
2686029
2686030
2686031
2686032
2686033
2686034
2686035
2686036
2686037
2686038
2686039
2686040
2686041
2686042
2686043
2686044
2686045
2686046
2686047
2686048
2686049
2686050
2686051
2686052
2686053
2686054
2686055
2686056
2686057
2686058
2686059
2686060
2686061
2686062
2686063
2686064
2686065
2686066
2686067
2686068
2686069
2686070
2686071
2686072
2686073
2686074
2686075
2686076
2686077
2686078
2686079
2686080
2686081
2686082
2686083
2686084
2686085
2686086
2686087
2686088
2686089
2686090
2686091
2686092
2686093
2686094
2686095
2686096
2686097
2686098
2686099
2686100
2686101
2686102
2686103
2686104
2686105
2686106
2686107
2686108
2686109
2686110
2686111
2686112
2686113
2686114
2686115
2686116
2686117
2686118
2686119
2686120
2686121
2686122
2686123
2686124
2686125
2686126
2686127
2686128
2686129
2686130
2686131
2686132
2686133
2686134
2686135
2686136
2686137
2686138
2686139
2686140
2686141
2686142
2686143
2686144
2686145
2686146
2686147
2686148
2686149
2686150
2686151
2686152
2686153
2686154
2686155
2686156
2686157
2686158
2686159
2686160
2686161
2686162
2686163
2686164
2686165
2686166
2686167
2686168
2686169
2686170
2686171
2686172
2686173
2686174
2686175
2686176
2686177
2686178
2686179
2686180
2686181
2686182
2686183
2686184
2686185
2686186
2686187
2686188
2686189
2686190
2686191
2686192
2686193
2686194
2686195
2686196
2686197
2686198
2686199
2686200
2686201
2686202
2686203
2686204
2686205
2686206
2686207
2686208
2686209
2686210
2686211
2686212
2686213
2686214
2686215
2686216
2686217
2686218
2686219
2686220
2686221
2686222
2686223
2686224
2686225
2686226
2686227
2686228
2686229
2686230
2686231
2686232
2686233
2686234
2686235
2686236
2686237
2686238
2686239
2686240
2686241
2686242
2686243
2686244
2686245
2686246
2686247
2686248
2686249
2686250
2686251
2686252
2686253
2686254
2686255
2686256
2686257
2686258
2686259
2686260
2686261
2686262
2686263
2686264
2686265
2686266
2686267
2686268
2686269
2686270
2686271
2686272
2686273
2686274
2686275
2686276
2686277
2686278
2686279
2686280
2686281
2686282
2686283
2686284
2686285
2686286
2686287
2686288
2686289
2686290
2686291
2686292
2686293
2686294
2686295
2686296
2686297
2686298
2686299
2686300
2686301
2686302
2686303
2686304
2686305
2686306
2686307
2686308
2686309
2686310
2686311
2686312
2686313
2686314
2686315
2686316
2686317
2686318
2686319
2686320
2686321
2686322
2686323
2686324
2686325
2686326
2686327
2686328
2686329
2686330
2686331
2686332
2686333
2686334
2686335
2686336
2686337
2686338
2686339
2686340
2686341
2686342
2686343
2686344
2686345
2686346
2686347
2686348
2686349
2686350
2686351
2686352
2686353
2686354
2686355
2686356
2686357
2686358
2686359
2686360
2686361
2686362
2686363
2686364
2686365
2686366
2686367
2686368
2686369
2686370
2686371
2686372
2686373
2686374
2686375
2686376
2686377
2686378
2686379
2686380
2686381
2686382
2686383
2686384
2686385
2686386
2686387
2686388
2686389
2686390
2686391
2686392
2686393
2686394
2686395
2686396
2686397
2686398
2686399
2686400
2686401
2686402
2686403
2686404
2686405
2686406
2686407
2686408
2686409
2686410
2686411
2686412
2686413
2686414
2686415
2686416
2686417
2686418
2686419
2686420
2686421
2686422
2686423
2686424
2686425
2686426
2686427
2686428
2686429
2686430
2686431
2686432
2686433
2686434
2686435
2686436
2686437
2686438
2686439
2686440
2686441
2686442
2686443
2686444
2686445
2686446
2686447
2686448
2686449
2686450
2686451
2686452
2686453
2686454
2686455
2686456
2686457
2686458
2686459
2686460
2686461
2686462
2686463
2686464
2686465
2686466
2686467
2686468
2686469
2686470
2686471
2686472
2686473
2686474
2686475
2686476
2686477
2686478
2686479
2686480
2686481
2686482
2686483
2686484
2686485
2686486
2686487
2686488
2686489
2686490
2686491
2686492
2686493
2686494
2686495
2686496
2686497
2686498
2686499
2686500
2686501
2686502
2686503
2686504
2686505
2686506
2686507
2686508
2686509
2686510
2686511
2686512
2686513
2686514
2686515
2686516
2686517
2686518
2686519
2686520
2686521
2686522
2686523
2686524
2686525
2686526
2686527
2686528
2686529
2686530
2686531
2686532
2686533
2686534
2686535
2686536
2686537
2686538
2686539
2686540
2686541
2686542
2686543
2686544
2686545
2686546
2686547
2686548
2686549
2686550
2686551
2686552
2686553
2686554
2686555
2686556
2686557
2686558
2686559
2686560
2686561
2686562
2686563
2686564
2686565
2686566
2686567
2686568
2686569
2686570
2686571
2686572
2686573
2686574
2686575
2686576
2686577
2686578
2686579
2686580
2686581
2686582
2686583
2686584
2686585
2686586
2686587
2686588
2686589
2686590
2686591
2686592
2686593
2686594
2686595
2686596
2686597
2686598
2686599
2686600
2686601
2686602
2686603
2686604
2686605
2686606
2686607
2686608
2686609
2686610
2686611
2686612
2686613
2686614
2686615
2686616
2686617
2686618
2686619
2686620
2686621
2686622
2686623
2686624
2686625
2686626
2686627
2686628
2686629
2686630
2686631
2686632
2686633
2686634
2686635
2686636
2686637
2686638
2686639
2686640
2686641
2686642
2686643
2686644
2686645
2686646
2686647
2686648
2686649
2686650
2686651
2686652
2686653
2686654
2686655
2686656
2686657
2686658
2686659
2686660
2686661
2686662
2686663
2686664
2686665
2686666
2686667
2686668
2686669
2686670
2686671
2686672
2686673
2686674
2686675
2686676
2686677
2686678
2686679
2686680
2686681
2686682
2686683
2686684
2686685
2686686
2686687
2686688
2686689
2686690
2686691
2686692
2686693
2686694
2686695
2686696
2686697
2686698
2686699
2686700
2686701
2686702
2686703
2686704
2686705
2686706
2686707
2686708
2686709
2686710
2686711
2686712
2686713
2686714
2686715
2686716
2686717
2686718
2686719
2686720
2686721
2686722
2686723
2686724
2686725
2686726
2686727
2686728
2686729
2686730
2686731
2686732
2686733
2686734
2686735
2686736
2686737
2686738
2686739
2686740
2686741
2686742
2686743
2686744
2686745
2686746
2686747
2686748
2686749
2686750
2686751
2686752
2686753
2686754
2686755
2686756
2686757
2686758
2686759
2686760
2686761
2686762
2686763
2686764
2686765
2686766
2686767
2686768
2686769
2686770
2686771
2686772
2686773
2686774
2686775
2686776
2686777
2686778
2686779
2686780
2686781
2686782
2686783
2686784
2686785
2686786
2686787
2686788
2686789
2686790
2686791
2686792
2686793
2686794
2686795
2686796
2686797
2686798
2686799
2686800
2686801
2686802
2686803
2686804
2686805
2686806
2686807
2686808
2686809
2686810
2686811
2686812
2686813
2686814
2686815
2686816
2686817
2686818
2686819
2686820
2686821
2686822
2686823
2686824
2686825
2686826
2686827
2686828
2686829
2686830
2686831
2686832
2686833
2686834
2686835
2686836
2686837
2686838
2686839
2686840
2686841
2686842
2686843
2686844
2686845
2686846
2686847
2686848
2686849
2686850
2686851
2686852
2686853
2686854
2686855
2686856
2686857
2686858
2686859
2686860
2686861
2686862
2686863
2686864
2686865
2686866
2686867
2686868
2686869
2686870
2686871
2686872
2686873
2686874
2686875
2686876
2686877
2686878
2686879
2686880
2686881
2686882
2686883
2686884
2686885
2686886
2686887
2686888
2686889
2686890
2686891
2686892
2686893
2686894
2686895
2686896
2686897
2686898
2686899
2686900
2686901
2686902
2686903
2686904
2686905
2686906
2686907
2686908
2686909
2686910
2686911
2686912
2686913
2686914
2686915
2686916
2686917
2686918
2686919
2686920
2686921
2686922
2686923
2686924
2686925
2686926
2686927
2686928
2686929
2686930
2686931
2686932
2686933
2686934
2686935
2686936
2686937
2686938
2686939
2686940
2686941
2686942
2686943
2686944
2686945
2686946
2686947
2686948
2686949
2686950
2686951
2686952
2686953
2686954
2686955
2686956
2686957
2686958
2686959
2686960
2686961
2686962
2686963
2686964
2686965
2686966
2686967
2686968
2686969
2686970
2686971
2686972
2686973
2686974
2686975
2686976
2686977
2686978
2686979
2686980
2686981
2686982
2686983
2686984
2686985
2686986
2686987
2686988
2686989
2686990
2686991
2686992
2686993
2686994
2686995
2686996
2686997
2686998
2686999
2687000
2687001
2687002
2687003
2687004
2687005
2687006
2687007
2687008
2687009
2687010
2687011
2687012
2687013
2687014
2687015
2687016
2687017
2687018
2687019
2687020
2687021
2687022
2687023
2687024
2687025
2687026
2687027
2687028
2687029
2687030
2687031
2687032
2687033
2687034
2687035
2687036
2687037
2687038
2687039
2687040
2687041
2687042
2687043
2687044
2687045
2687046
2687047
2687048
2687049
2687050
2687051
2687052
2687053
2687054
2687055
2687056
2687057
2687058
2687059
2687060
2687061
2687062
2687063
2687064
2687065
2687066
2687067
2687068
2687069
2687070
2687071
2687072
2687073
2687074
2687075
2687076
2687077
2687078
2687079
2687080
2687081
2687082
2687083
2687084
2687085
2687086
2687087
2687088
2687089
2687090
2687091
2687092
2687093
2687094
2687095
2687096
2687097
2687098
2687099
2687100
2687101
2687102
2687103
2687104
2687105
2687106
2687107
2687108
2687109
2687110
2687111
2687112
2687113
2687114
2687115
2687116
2687117
2687118
2687119
2687120
2687121
2687122
2687123
2687124
2687125
2687126
2687127
2687128
2687129
2687130
2687131
2687132
2687133
2687134
2687135
2687136
2687137
2687138
2687139
2687140
2687141
2687142
2687143
2687144
2687145
2687146
2687147
2687148
2687149
2687150
2687151
2687152
2687153
2687154
2687155
2687156
2687157
2687158
2687159
2687160
2687161
2687162
2687163
2687164
2687165
2687166
2687167
2687168
2687169
2687170
2687171
2687172
2687173
2687174
2687175
2687176
2687177
2687178
2687179
2687180
2687181
2687182
2687183
2687184
2687185
2687186
2687187
2687188
2687189
2687190
2687191
2687192
2687193
2687194
2687195
2687196
2687197
2687198
2687199
2687200
2687201
2687202
2687203
2687204
2687205
2687206
2687207
2687208
2687209
2687210
2687211
2687212
2687213
2687214
2687215
2687216
2687217
2687218
2687219
2687220
2687221
2687222
2687223
2687224
2687225
2687226
2687227
2687228
2687229
2687230
2687231
2687232
2687233
2687234
2687235
2687236
2687237
2687238
2687239
2687240
2687241
2687242
2687243
2687244
2687245
2687246
2687247
2687248
2687249
2687250
2687251
2687252
2687253
2687254
2687255
2687256
2687257
2687258
2687259
2687260
2687261
2687262
2687263
2687264
2687265
2687266
2687267
2687268
2687269
2687270
2687271
2687272
2687273
2687274
2687275
2687276
2687277
2687278
2687279
2687280
2687281
2687282
2687283
2687284
2687285
2687286
2687287
2687288
2687289
2687290
2687291
2687292
2687293
2687294
2687295
2687296
2687297
2687298
2687299
2687300
2687301
2687302
2687303
2687304
2687305
2687306
2687307
2687308
2687309
2687310
2687311
2687312
2687313
2687314
2687315
2687316
2687317
2687318
2687319
2687320
2687321
2687322
2687323
2687324
2687325
2687326
2687327
2687328
2687329
2687330
2687331
2687332
2687333
2687334
2687335
2687336
2687337
2687338
2687339
2687340
2687341
2687342
2687343
2687344
2687345
2687346
2687347
2687348
2687349
2687350
2687351
2687352
2687353
2687354
2687355
2687356
2687357
2687358
2687359
2687360
2687361
2687362
2687363
2687364
2687365
2687366
2687367
2687368
2687369
2687370
2687371
2687372
2687373
2687374
2687375
2687376
2687377
2687378
2687379
2687380
2687381
2687382
2687383
2687384
2687385
2687386
2687387
2687388
2687389
2687390
2687391
2687392
2687393
2687394
2687395
2687396
2687397
2687398
2687399
2687400
2687401
2687402
2687403
2687404
2687405
2687406
2687407
2687408
2687409
2687410
2687411
2687412
2687413
2687414
2687415
2687416
2687417
2687418
2687419
2687420
2687421
2687422
2687423
2687424
2687425
2687426
2687427
2687428
2687429
2687430
2687431
2687432
2687433
2687434
2687435
2687436
2687437
2687438
2687439
2687440
2687441
2687442
2687443
2687444
2687445
2687446
2687447
2687448
2687449
2687450
2687451
2687452
2687453
2687454
2687455
2687456
2687457
2687458
2687459
2687460
2687461
2687462
2687463
2687464
2687465
2687466
2687467
2687468
2687469
2687470
2687471
2687472
2687473
2687474
2687475
2687476
2687477
2687478
2687479
2687480
2687481
2687482
2687483
2687484
2687485
2687486
2687487
2687488
2687489
2687490
2687491
2687492
2687493
2687494
2687495
2687496
2687497
2687498
2687499
2687500
2687501
2687502
2687503
2687504
2687505
2687506
2687507
2687508
2687509
2687510
2687511
2687512
2687513
2687514
2687515
2687516
2687517
2687518
2687519
2687520
2687521
2687522
2687523
2687524
2687525
2687526
2687527
2687528
2687529
2687530
2687531
2687532
2687533
2687534
2687535
2687536
2687537
2687538
2687539
2687540
2687541
2687542
2687543
2687544
2687545
2687546
2687547
2687548
2687549
2687550
2687551
2687552
2687553
2687554
2687555
2687556
2687557
2687558
2687559
2687560
2687561
2687562
2687563
2687564
2687565
2687566
2687567
2687568
2687569
2687570
2687571
2687572
2687573
2687574
2687575
2687576
2687577
2687578
2687579
2687580
2687581
2687582
2687583
2687584
2687585
2687586
2687587
2687588
2687589
2687590
2687591
2687592
2687593
2687594
2687595
2687596
2687597
2687598
2687599
2687600
2687601
2687602
2687603
2687604
2687605
2687606
2687607
2687608
2687609
2687610
2687611
2687612
2687613
2687614
2687615
2687616
2687617
2687618
2687619
2687620
2687621
2687622
2687623
2687624
2687625
2687626
2687627
2687628
2687629
2687630
2687631
2687632
2687633
2687634
2687635
2687636
2687637
2687638
2687639
2687640
2687641
2687642
2687643
2687644
2687645
2687646
2687647
2687648
2687649
2687650
2687651
2687652
2687653
2687654
2687655
2687656
2687657
2687658
2687659
2687660
2687661
2687662
2687663
2687664
2687665
2687666
2687667
2687668
2687669
2687670
2687671
2687672
2687673
2687674
2687675
2687676
2687677
2687678
2687679
2687680
2687681
2687682
2687683
2687684
2687685
2687686
2687687
2687688
2687689
2687690
2687691
2687692
2687693
2687694
2687695
2687696
2687697
2687698
2687699
2687700
2687701
2687702
2687703
2687704
2687705
2687706
2687707
2687708
2687709
2687710
2687711
2687712
2687713
2687714
2687715
2687716
2687717
2687718
2687719
2687720
2687721
2687722
2687723
2687724
2687725
2687726
2687727
2687728
2687729
2687730
2687731
2687732
2687733
2687734
2687735
2687736
2687737
2687738
2687739
2687740
2687741
2687742
2687743
2687744
2687745
2687746
2687747
2687748
2687749
2687750
2687751
2687752
2687753
2687754
2687755
2687756
2687757
2687758
2687759
2687760
2687761
2687762
2687763
2687764
2687765
2687766
2687767
2687768
2687769
2687770
2687771
2687772
2687773
2687774
2687775
2687776
2687777
2687778
2687779
2687780
2687781
2687782
2687783
2687784
2687785
2687786
2687787
2687788
2687789
2687790
2687791
2687792
2687793
2687794
2687795
2687796
2687797
2687798
2687799
2687800
2687801
2687802
2687803
2687804
2687805
2687806
2687807
2687808
2687809
2687810
2687811
2687812
2687813
2687814
2687815
2687816
2687817
2687818
2687819
2687820
2687821
2687822
2687823
2687824
2687825
2687826
2687827
2687828
2687829
2687830
2687831
2687832
2687833
2687834
2687835
2687836
2687837
2687838
2687839
2687840
2687841
2687842
2687843
2687844
2687845
2687846
2687847
2687848
2687849
2687850
2687851
2687852
2687853
2687854
2687855
2687856
2687857
2687858
2687859
2687860
2687861
2687862
2687863
2687864
2687865
2687866
2687867
2687868
2687869
2687870
2687871
2687872
2687873
2687874
2687875
2687876
2687877
2687878
2687879
2687880
2687881
2687882
2687883
2687884
2687885
2687886
2687887
2687888
2687889
2687890
2687891
2687892
2687893
2687894
2687895
2687896
2687897
2687898
2687899
2687900
2687901
2687902
2687903
2687904
2687905
2687906
2687907
2687908
2687909
2687910
2687911
2687912
2687913
2687914
2687915
2687916
2687917
2687918
2687919
2687920
2687921
2687922
2687923
2687924
2687925
2687926
2687927
2687928
2687929
2687930
2687931
2687932
2687933
2687934
2687935
2687936
2687937
2687938
2687939
2687940
2687941
2687942
2687943
2687944
2687945
2687946
2687947
2687948
2687949
2687950
2687951
2687952
2687953
2687954
2687955
2687956
2687957
2687958
2687959
2687960
2687961
2687962
2687963
2687964
2687965
2687966
2687967
2687968
2687969
2687970
2687971
2687972
2687973
2687974
2687975
2687976
2687977
2687978
2687979
2687980
2687981
2687982
2687983
2687984
2687985
2687986
2687987
2687988
2687989
2687990
2687991
2687992
2687993
2687994
2687995
2687996
2687997
2687998
2687999
2688000
2688001
2688002
2688003
2688004
2688005
2688006
2688007
2688008
2688009
2688010
2688011
2688012
2688013
2688014
2688015
2688016
2688017
2688018
2688019
2688020
2688021
2688022
2688023
2688024
2688025
2688026
2688027
2688028
2688029
2688030
2688031
2688032
2688033
2688034
2688035
2688036
2688037
2688038
2688039
2688040
2688041
2688042
2688043
2688044
2688045
2688046
2688047
2688048
2688049
2688050
2688051
2688052
2688053
2688054
2688055
2688056
2688057
2688058
2688059
2688060
2688061
2688062
2688063
2688064
2688065
2688066
2688067
2688068
2688069
2688070
2688071
2688072
2688073
2688074
2688075
2688076
2688077
2688078
2688079
2688080
2688081
2688082
2688083
2688084
2688085
2688086
2688087
2688088
2688089
2688090
2688091
2688092
2688093
2688094
2688095
2688096
2688097
2688098
2688099
2688100
2688101
2688102
2688103
2688104
2688105
2688106
2688107
2688108
2688109
2688110
2688111
2688112
2688113
2688114
2688115
2688116
2688117
2688118
2688119
2688120
2688121
2688122
2688123
2688124
2688125
2688126
2688127
2688128
2688129
2688130
2688131
2688132
2688133
2688134
2688135
2688136
2688137
2688138
2688139
2688140
2688141
2688142
2688143
2688144
2688145
2688146
2688147
2688148
2688149
2688150
2688151
2688152
2688153
2688154
2688155
2688156
2688157
2688158
2688159
2688160
2688161
2688162
2688163
2688164
2688165
2688166
2688167
2688168
2688169
2688170
2688171
2688172
2688173
2688174
2688175
2688176
2688177
2688178
2688179
2688180
2688181
2688182
2688183
2688184
2688185
2688186
2688187
2688188
2688189
2688190
2688191
2688192
2688193
2688194
2688195
2688196
2688197
2688198
2688199
2688200
2688201
2688202
2688203
2688204
2688205
2688206
2688207
2688208
2688209
2688210
2688211
2688212
2688213
2688214
2688215
2688216
2688217
2688218
2688219
2688220
2688221
2688222
2688223
2688224
2688225
2688226
2688227
2688228
2688229
2688230
2688231
2688232
2688233
2688234
2688235
2688236
2688237
2688238
2688239
2688240
2688241
2688242
2688243
2688244
2688245
2688246
2688247
2688248
2688249
2688250
2688251
2688252
2688253
2688254
2688255
2688256
2688257
2688258
2688259
2688260
2688261
2688262
2688263
2688264
2688265
2688266
2688267
2688268
2688269
2688270
2688271
2688272
2688273
2688274
2688275
2688276
2688277
2688278
2688279
2688280
2688281
2688282
2688283
2688284
2688285
2688286
2688287
2688288
2688289
2688290
2688291
2688292
2688293
2688294
2688295
2688296
2688297
2688298
2688299
2688300
2688301
2688302
2688303
2688304
2688305
2688306
2688307
2688308
2688309
2688310
2688311
2688312
2688313
2688314
2688315
2688316
2688317
2688318
2688319
2688320
2688321
2688322
2688323
2688324
2688325
2688326
2688327
2688328
2688329
2688330
2688331
2688332
2688333
2688334
2688335
2688336
2688337
2688338
2688339
2688340
2688341
2688342
2688343
2688344
2688345
2688346
2688347
2688348
2688349
2688350
2688351
2688352
2688353
2688354
2688355
2688356
2688357
2688358
2688359
2688360
2688361
2688362
2688363
2688364
2688365
2688366
2688367
2688368
2688369
2688370
2688371
2688372
2688373
2688374
2688375
2688376
2688377
2688378
2688379
2688380
2688381
2688382
2688383
2688384
2688385
2688386
2688387
2688388
2688389
2688390
2688391
2688392
2688393
2688394
2688395
2688396
2688397
2688398
2688399
2688400
2688401
2688402
2688403
2688404
2688405
2688406
2688407
2688408
2688409
2688410
2688411
2688412
2688413
2688414
2688415
2688416
2688417
2688418
2688419
2688420
2688421
2688422
2688423
2688424
2688425
2688426
2688427
2688428
2688429
2688430
2688431
2688432
2688433
2688434
2688435
2688436
2688437
2688438
2688439
2688440
2688441
2688442
2688443
2688444
2688445
2688446
2688447
2688448
2688449
2688450
2688451
2688452
2688453
2688454
2688455
2688456
2688457
2688458
2688459
2688460
2688461
2688462
2688463
2688464
2688465
2688466
2688467
2688468
2688469
2688470
2688471
2688472
2688473
2688474
2688475
2688476
2688477
2688478
2688479
2688480
2688481
2688482
2688483
2688484
2688485
2688486
2688487
2688488
2688489
2688490
2688491
2688492
2688493
2688494
2688495
2688496
2688497
2688498
2688499
2688500
2688501
2688502
2688503
2688504
2688505
2688506
2688507
2688508
2688509
2688510
2688511
2688512
2688513
2688514
2688515
2688516
2688517
2688518
2688519
2688520
2688521
2688522
2688523
2688524
2688525
2688526
2688527
2688528
2688529
2688530
2688531
2688532
2688533
2688534
2688535
2688536
2688537
2688538
2688539
2688540
2688541
2688542
2688543
2688544
2688545
2688546
2688547
2688548
2688549
2688550
2688551
2688552
2688553
2688554
2688555
2688556
2688557
2688558
2688559
2688560
2688561
2688562
2688563
2688564
2688565
2688566
2688567
2688568
2688569
2688570
2688571
2688572
2688573
2688574
2688575
2688576
2688577
2688578
2688579
2688580
2688581
2688582
2688583
2688584
2688585
2688586
2688587
2688588
2688589
2688590
2688591
2688592
2688593
2688594
2688595
2688596
2688597
2688598
2688599
2688600
2688601
2688602
2688603
2688604
2688605
2688606
2688607
2688608
2688609
2688610
2688611
2688612
2688613
2688614
2688615
2688616
2688617
2688618
2688619
2688620
2688621
2688622
2688623
2688624
2688625
2688626
2688627
2688628
2688629
2688630
2688631
2688632
2688633
2688634
2688635
2688636
2688637
2688638
2688639
2688640
2688641
2688642
2688643
2688644
2688645
2688646
2688647
2688648
2688649
2688650
2688651
2688652
2688653
2688654
2688655
2688656
2688657
2688658
2688659
2688660
2688661
2688662
2688663
2688664
2688665
2688666
2688667
2688668
2688669
2688670
2688671
2688672
2688673
2688674
2688675
2688676
2688677
2688678
2688679
2688680
2688681
2688682
2688683
2688684
2688685
2688686
2688687
2688688
2688689
2688690
2688691
2688692
2688693
2688694
2688695
2688696
2688697
2688698
2688699
2688700
2688701
2688702
2688703
2688704
2688705
2688706
2688707
2688708
2688709
2688710
2688711
2688712
2688713
2688714
2688715
2688716
2688717
2688718
2688719
2688720
2688721
2688722
2688723
2688724
2688725
2688726
2688727
2688728
2688729
2688730
2688731
2688732
2688733
2688734
2688735
2688736
2688737
2688738
2688739
2688740
2688741
2688742
2688743
2688744
2688745
2688746
2688747
2688748
2688749
2688750
2688751
2688752
2688753
2688754
2688755
2688756
2688757
2688758
2688759
2688760
2688761
2688762
2688763
2688764
2688765
2688766
2688767
2688768
2688769
2688770
2688771
2688772
2688773
2688774
2688775
2688776
2688777
2688778
2688779
2688780
2688781
2688782
2688783
2688784
2688785
2688786
2688787
2688788
2688789
2688790
2688791
2688792
2688793
2688794
2688795
2688796
2688797
2688798
2688799
2688800
2688801
2688802
2688803
2688804
2688805
2688806
2688807
2688808
2688809
2688810
2688811
2688812
2688813
2688814
2688815
2688816
2688817
2688818
2688819
2688820
2688821
2688822
2688823
2688824
2688825
2688826
2688827
2688828
2688829
2688830
2688831
2688832
2688833
2688834
2688835
2688836
2688837
2688838
2688839
2688840
2688841
2688842
2688843
2688844
2688845
2688846
2688847
2688848
2688849
2688850
2688851
2688852
2688853
2688854
2688855
2688856
2688857
2688858
2688859
2688860
2688861
2688862
2688863
2688864
2688865
2688866
2688867
2688868
2688869
2688870
2688871
2688872
2688873
2688874
2688875
2688876
2688877
2688878
2688879
2688880
2688881
2688882
2688883
2688884
2688885
2688886
2688887
2688888
2688889
2688890
2688891
2688892
2688893
2688894
2688895
2688896
2688897
2688898
2688899
2688900
2688901
2688902
2688903
2688904
2688905
2688906
2688907
2688908
2688909
2688910
2688911
2688912
2688913
2688914
2688915
2688916
2688917
2688918
2688919
2688920
2688921
2688922
2688923
2688924
2688925
2688926
2688927
2688928
2688929
2688930
2688931
2688932
2688933
2688934
2688935
2688936
2688937
2688938
2688939
2688940
2688941
2688942
2688943
2688944
2688945
2688946
2688947
2688948
2688949
2688950
2688951
2688952
2688953
2688954
2688955
2688956
2688957
2688958
2688959
2688960
2688961
2688962
2688963
2688964
2688965
2688966
2688967
2688968
2688969
2688970
2688971
2688972
2688973
2688974
2688975
2688976
2688977
2688978
2688979
2688980
2688981
2688982
2688983
2688984
2688985
2688986
2688987
2688988
2688989
2688990
2688991
2688992
2688993
2688994
2688995
2688996
2688997
2688998
2688999
2689000
2689001
2689002
2689003
2689004
2689005
2689006
2689007
2689008
2689009
2689010
2689011
2689012
2689013
2689014
2689015
2689016
2689017
2689018
2689019
2689020
2689021
2689022
2689023
2689024
2689025
2689026
2689027
2689028
2689029
2689030
2689031
2689032
2689033
2689034
2689035
2689036
2689037
2689038
2689039
2689040
2689041
2689042
2689043
2689044
2689045
2689046
2689047
2689048
2689049
2689050
2689051
2689052
2689053
2689054
2689055
2689056
2689057
2689058
2689059
2689060
2689061
2689062
2689063
2689064
2689065
2689066
2689067
2689068
2689069
2689070
2689071
2689072
2689073
2689074
2689075
2689076
2689077
2689078
2689079
2689080
2689081
2689082
2689083
2689084
2689085
2689086
2689087
2689088
2689089
2689090
2689091
2689092
2689093
2689094
2689095
2689096
2689097
2689098
2689099
2689100
2689101
2689102
2689103
2689104
2689105
2689106
2689107
2689108
2689109
2689110
2689111
2689112
2689113
2689114
2689115
2689116
2689117
2689118
2689119
2689120
2689121
2689122
2689123
2689124
2689125
2689126
2689127
2689128
2689129
2689130
2689131
2689132
2689133
2689134
2689135
2689136
2689137
2689138
2689139
2689140
2689141
2689142
2689143
2689144
2689145
2689146
2689147
2689148
2689149
2689150
2689151
2689152
2689153
2689154
2689155
2689156
2689157
2689158
2689159
2689160
2689161
2689162
2689163
2689164
2689165
2689166
2689167
2689168
2689169
2689170
2689171
2689172
2689173
2689174
2689175
2689176
2689177
2689178
2689179
2689180
2689181
2689182
2689183
2689184
2689185
2689186
2689187
2689188
2689189
2689190
2689191
2689192
2689193
2689194
2689195
2689196
2689197
2689198
2689199
2689200
2689201
2689202
2689203
2689204
2689205
2689206
2689207
2689208
2689209
2689210
2689211
2689212
2689213
2689214
2689215
2689216
2689217
2689218
2689219
2689220
2689221
2689222
2689223
2689224
2689225
2689226
2689227
2689228
2689229
2689230
2689231
2689232
2689233
2689234
2689235
2689236
2689237
2689238
2689239
2689240
2689241
2689242
2689243
2689244
2689245
2689246
2689247
2689248
2689249
2689250
2689251
2689252
2689253
2689254
2689255
2689256
2689257
2689258
2689259
2689260
2689261
2689262
2689263
2689264
2689265
2689266
2689267
2689268
2689269
2689270
2689271
2689272
2689273
2689274
2689275
2689276
2689277
2689278
2689279
2689280
2689281
2689282
2689283
2689284
2689285
2689286
2689287
2689288
2689289
2689290
2689291
2689292
2689293
2689294
2689295
2689296
2689297
2689298
2689299
2689300
2689301
2689302
2689303
2689304
2689305
2689306
2689307
2689308
2689309
2689310
2689311
2689312
2689313
2689314
2689315
2689316
2689317
2689318
2689319
2689320
2689321
2689322
2689323
2689324
2689325
2689326
2689327
2689328
2689329
2689330
2689331
2689332
2689333
2689334
2689335
2689336
2689337
2689338
2689339
2689340
2689341
2689342
2689343
2689344
2689345
2689346
2689347
2689348
2689349
2689350
2689351
2689352
2689353
2689354
2689355
2689356
2689357
2689358
2689359
2689360
2689361
2689362
2689363
2689364
2689365
2689366
2689367
2689368
2689369
2689370
2689371
2689372
2689373
2689374
2689375
2689376
2689377
2689378
2689379
2689380
2689381
2689382
2689383
2689384
2689385
2689386
2689387
2689388
2689389
2689390
2689391
2689392
2689393
2689394
2689395
2689396
2689397
2689398
2689399
2689400
2689401
2689402
2689403
2689404
2689405
2689406
2689407
2689408
2689409
2689410
2689411
2689412
2689413
2689414
2689415
2689416
2689417
2689418
2689419
2689420
2689421
2689422
2689423
2689424
2689425
2689426
2689427
2689428
2689429
2689430
2689431
2689432
2689433
2689434
2689435
2689436
2689437
2689438
2689439
2689440
2689441
2689442
2689443
2689444
2689445
2689446
2689447
2689448
2689449
2689450
2689451
2689452
2689453
2689454
2689455
2689456
2689457
2689458
2689459
2689460
2689461
2689462
2689463
2689464
2689465
2689466
2689467
2689468
2689469
2689470
2689471
2689472
2689473
2689474
2689475
2689476
2689477
2689478
2689479
2689480
2689481
2689482
2689483
2689484
2689485
2689486
2689487
2689488
2689489
2689490
2689491
2689492
2689493
2689494
2689495
2689496
2689497
2689498
2689499
2689500
2689501
2689502
2689503
2689504
2689505
2689506
2689507
2689508
2689509
2689510
2689511
2689512
2689513
2689514
2689515
2689516
2689517
2689518
2689519
2689520
2689521
2689522
2689523
2689524
2689525
2689526
2689527
2689528
2689529
2689530
2689531
2689532
2689533
2689534
2689535
2689536
2689537
2689538
2689539
2689540
2689541
2689542
2689543
2689544
2689545
2689546
2689547
2689548
2689549
2689550
2689551
2689552
2689553
2689554
2689555
2689556
2689557
2689558
2689559
2689560
2689561
2689562
2689563
2689564
2689565
2689566
2689567
2689568
2689569
2689570
2689571
2689572
2689573
2689574
2689575
2689576
2689577
2689578
2689579
2689580
2689581
2689582
2689583
2689584
2689585
2689586
2689587
2689588
2689589
2689590
2689591
2689592
2689593
2689594
2689595
2689596
2689597
2689598
2689599
2689600
2689601
2689602
2689603
2689604
2689605
2689606
2689607
2689608
2689609
2689610
2689611
2689612
2689613
2689614
2689615
2689616
2689617
2689618
2689619
2689620
2689621
2689622
2689623
2689624
2689625
2689626
2689627
2689628
2689629
2689630
2689631
2689632
2689633
2689634
2689635
2689636
2689637
2689638
2689639
2689640
2689641
2689642
2689643
2689644
2689645
2689646
2689647
2689648
2689649
2689650
2689651
2689652
2689653
2689654
2689655
2689656
2689657
2689658
2689659
2689660
2689661
2689662
2689663
2689664
2689665
2689666
2689667
2689668
2689669
2689670
2689671
2689672
2689673
2689674
2689675
2689676
2689677
2689678
2689679
2689680
2689681
2689682
2689683
2689684
2689685
2689686
2689687
2689688
2689689
2689690
2689691
2689692
2689693
2689694
2689695
2689696
2689697
2689698
2689699
2689700
2689701
2689702
2689703
2689704
2689705
2689706
2689707
2689708
2689709
2689710
2689711
2689712
2689713
2689714
2689715
2689716
2689717
2689718
2689719
2689720
2689721
2689722
2689723
2689724
2689725
2689726
2689727
2689728
2689729
2689730
2689731
2689732
2689733
2689734
2689735
2689736
2689737
2689738
2689739
2689740
2689741
2689742
2689743
2689744
2689745
2689746
2689747
2689748
2689749
2689750
2689751
2689752
2689753
2689754
2689755
2689756
2689757
2689758
2689759
2689760
2689761
2689762
2689763
2689764
2689765
2689766
2689767
2689768
2689769
2689770
2689771
2689772
2689773
2689774
2689775
2689776
2689777
2689778
2689779
2689780
2689781
2689782
2689783
2689784
2689785
2689786
2689787
2689788
2689789
2689790
2689791
2689792
2689793
2689794
2689795
2689796
2689797
2689798
2689799
2689800
2689801
2689802
2689803
2689804
2689805
2689806
2689807
2689808
2689809
2689810
2689811
2689812
2689813
2689814
2689815
2689816
2689817
2689818
2689819
2689820
2689821
2689822
2689823
2689824
2689825
2689826
2689827
2689828
2689829
2689830
2689831
2689832
2689833
2689834
2689835
2689836
2689837
2689838
2689839
2689840
2689841
2689842
2689843
2689844
2689845
2689846
2689847
2689848
2689849
2689850
2689851
2689852
2689853
2689854
2689855
2689856
2689857
2689858
2689859
2689860
2689861
2689862
2689863
2689864
2689865
2689866
2689867
2689868
2689869
2689870
2689871
2689872
2689873
2689874
2689875
2689876
2689877
2689878
2689879
2689880
2689881
2689882
2689883
2689884
2689885
2689886
2689887
2689888
2689889
2689890
2689891
2689892
2689893
2689894
2689895
2689896
2689897
2689898
2689899
2689900
2689901
2689902
2689903
2689904
2689905
2689906
2689907
2689908
2689909
2689910
2689911
2689912
2689913
2689914
2689915
2689916
2689917
2689918
2689919
2689920
2689921
2689922
2689923
2689924
2689925
2689926
2689927
2689928
2689929
2689930
2689931
2689932
2689933
2689934
2689935
2689936
2689937
2689938
2689939
2689940
2689941
2689942
2689943
2689944
2689945
2689946
2689947
2689948
2689949
2689950
2689951
2689952
2689953
2689954
2689955
2689956
2689957
2689958
2689959
2689960
2689961
2689962
2689963
2689964
2689965
2689966
2689967
2689968
2689969
2689970
2689971
2689972
2689973
2689974
2689975
2689976
2689977
2689978
2689979
2689980
2689981
2689982
2689983
2689984
2689985
2689986
2689987
2689988
2689989
2689990
2689991
2689992
2689993
2689994
2689995
2689996
2689997
2689998
2689999
2690000
2690001
2690002
2690003
2690004
2690005
2690006
2690007
2690008
2690009
2690010
2690011
2690012
2690013
2690014
2690015
2690016
2690017
2690018
2690019
2690020
2690021
2690022
2690023
2690024
2690025
2690026
2690027
2690028
2690029
2690030
2690031
2690032
2690033
2690034
2690035
2690036
2690037
2690038
2690039
2690040
2690041
2690042
2690043
2690044
2690045
2690046
2690047
2690048
2690049
2690050
2690051
2690052
2690053
2690054
2690055
2690056
2690057
2690058
2690059
2690060
2690061
2690062
2690063
2690064
2690065
2690066
2690067
2690068
2690069
2690070
2690071
2690072
2690073
2690074
2690075
2690076
2690077
2690078
2690079
2690080
2690081
2690082
2690083
2690084
2690085
2690086
2690087
2690088
2690089
2690090
2690091
2690092
2690093
2690094
2690095
2690096
2690097
2690098
2690099
2690100
2690101
2690102
2690103
2690104
2690105
2690106
2690107
2690108
2690109
2690110
2690111
2690112
2690113
2690114
2690115
2690116
2690117
2690118
2690119
2690120
2690121
2690122
2690123
2690124
2690125
2690126
2690127
2690128
2690129
2690130
2690131
2690132
2690133
2690134
2690135
2690136
2690137
2690138
2690139
2690140
2690141
2690142
2690143
2690144
2690145
2690146
2690147
2690148
2690149
2690150
2690151
2690152
2690153
2690154
2690155
2690156
2690157
2690158
2690159
2690160
2690161
2690162
2690163
2690164
2690165
2690166
2690167
2690168
2690169
2690170
2690171
2690172
2690173
2690174
2690175
2690176
2690177
2690178
2690179
2690180
2690181
2690182
2690183
2690184
2690185
2690186
2690187
2690188
2690189
2690190
2690191
2690192
2690193
2690194
2690195
2690196
2690197
2690198
2690199
2690200
2690201
2690202
2690203
2690204
2690205
2690206
2690207
2690208
2690209
2690210
2690211
2690212
2690213
2690214
2690215
2690216
2690217
2690218
2690219
2690220
2690221
2690222
2690223
2690224
2690225
2690226
2690227
2690228
2690229
2690230
2690231
2690232
2690233
2690234
2690235
2690236
2690237
2690238
2690239
2690240
2690241
2690242
2690243
2690244
2690245
2690246
2690247
2690248
2690249
2690250
2690251
2690252
2690253
2690254
2690255
2690256
2690257
2690258
2690259
2690260
2690261
2690262
2690263
2690264
2690265
2690266
2690267
2690268
2690269
2690270
2690271
2690272
2690273
2690274
2690275
2690276
2690277
2690278
2690279
2690280
2690281
2690282
2690283
2690284
2690285
2690286
2690287
2690288
2690289
2690290
2690291
2690292
2690293
2690294
2690295
2690296
2690297
2690298
2690299
2690300
2690301
2690302
2690303
2690304
2690305
2690306
2690307
2690308
2690309
2690310
2690311
2690312
2690313
2690314
2690315
2690316
2690317
2690318
2690319
2690320
2690321
2690322
2690323
2690324
2690325
2690326
2690327
2690328
2690329
2690330
2690331
2690332
2690333
2690334
2690335
2690336
2690337
2690338
2690339
2690340
2690341
2690342
2690343
2690344
2690345
2690346
2690347
2690348
2690349
2690350
2690351
2690352
2690353
2690354
2690355
2690356
2690357
2690358
2690359
2690360
2690361
2690362
2690363
2690364
2690365
2690366
2690367
2690368
2690369
2690370
2690371
2690372
2690373
2690374
2690375
2690376
2690377
2690378
2690379
2690380
2690381
2690382
2690383
2690384
2690385
2690386
2690387
2690388
2690389
2690390
2690391
2690392
2690393
2690394
2690395
2690396
2690397
2690398
2690399
2690400
2690401
2690402
2690403
2690404
2690405
2690406
2690407
2690408
2690409
2690410
2690411
2690412
2690413
2690414
2690415
2690416
2690417
2690418
2690419
2690420
2690421
2690422
2690423
2690424
2690425
2690426
2690427
2690428
2690429
2690430
2690431
2690432
2690433
2690434
2690435
2690436
2690437
2690438
2690439
2690440
2690441
2690442
2690443
2690444
2690445
2690446
2690447
2690448
2690449
2690450
2690451
2690452
2690453
2690454
2690455
2690456
2690457
2690458
2690459
2690460
2690461
2690462
2690463
2690464
2690465
2690466
2690467
2690468
2690469
2690470
2690471
2690472
2690473
2690474
2690475
2690476
2690477
2690478
2690479
2690480
2690481
2690482
2690483
2690484
2690485
2690486
2690487
2690488
2690489
2690490
2690491
2690492
2690493
2690494
2690495
2690496
2690497
2690498
2690499
2690500
2690501
2690502
2690503
2690504
2690505
2690506
2690507
2690508
2690509
2690510
2690511
2690512
2690513
2690514
2690515
2690516
2690517
2690518
2690519
2690520
2690521
2690522
2690523
2690524
2690525
2690526
2690527
2690528
2690529
2690530
2690531
2690532
2690533
2690534
2690535
2690536
2690537
2690538
2690539
2690540
2690541
2690542
2690543
2690544
2690545
2690546
2690547
2690548
2690549
2690550
2690551
2690552
2690553
2690554
2690555
2690556
2690557
2690558
2690559
2690560
2690561
2690562
2690563
2690564
2690565
2690566
2690567
2690568
2690569
2690570
2690571
2690572
2690573
2690574
2690575
2690576
2690577
2690578
2690579
2690580
2690581
2690582
2690583
2690584
2690585
2690586
2690587
2690588
2690589
2690590
2690591
2690592
2690593
2690594
2690595
2690596
2690597
2690598
2690599
2690600
2690601
2690602
2690603
2690604
2690605
2690606
2690607
2690608
2690609
2690610
2690611
2690612
2690613
2690614
2690615
2690616
2690617
2690618
2690619
2690620
2690621
2690622
2690623
2690624
2690625
2690626
2690627
2690628
2690629
2690630
2690631
2690632
2690633
2690634
2690635
2690636
2690637
2690638
2690639
2690640
2690641
2690642
2690643
2690644
2690645
2690646
2690647
2690648
2690649
2690650
2690651
2690652
2690653
2690654
2690655
2690656
2690657
2690658
2690659
2690660
2690661
2690662
2690663
2690664
2690665
2690666
2690667
2690668
2690669
2690670
2690671
2690672
2690673
2690674
2690675
2690676
2690677
2690678
2690679
2690680
2690681
2690682
2690683
2690684
2690685
2690686
2690687
2690688
2690689
2690690
2690691
2690692
2690693
2690694
2690695
2690696
2690697
2690698
2690699
2690700
2690701
2690702
2690703
2690704
2690705
2690706
2690707
2690708
2690709
2690710
2690711
2690712
2690713
2690714
2690715
2690716
2690717
2690718
2690719
2690720
2690721
2690722
2690723
2690724
2690725
2690726
2690727
2690728
2690729
2690730
2690731
2690732
2690733
2690734
2690735
2690736
2690737
2690738
2690739
2690740
2690741
2690742
2690743
2690744
2690745
2690746
2690747
2690748
2690749
2690750
2690751
2690752
2690753
2690754
2690755
2690756
2690757
2690758
2690759
2690760
2690761
2690762
2690763
2690764
2690765
2690766
2690767
2690768
2690769
2690770
2690771
2690772
2690773
2690774
2690775
2690776
2690777
2690778
2690779
2690780
2690781
2690782
2690783
2690784
2690785
2690786
2690787
2690788
2690789
2690790
2690791
2690792
2690793
2690794
2690795
2690796
2690797
2690798
2690799
2690800
2690801
2690802
2690803
2690804
2690805
2690806
2690807
2690808
2690809
2690810
2690811
2690812
2690813
2690814
2690815
2690816
2690817
2690818
2690819
2690820
2690821
2690822
2690823
2690824
2690825
2690826
2690827
2690828
2690829
2690830
2690831
2690832
2690833
2690834
2690835
2690836
2690837
2690838
2690839
2690840
2690841
2690842
2690843
2690844
2690845
2690846
2690847
2690848
2690849
2690850
2690851
2690852
2690853
2690854
2690855
2690856
2690857
2690858
2690859
2690860
2690861
2690862
2690863
2690864
2690865
2690866
2690867
2690868
2690869
2690870
2690871
2690872
2690873
2690874
2690875
2690876
2690877
2690878
2690879
2690880
2690881
2690882
2690883
2690884
2690885
2690886
2690887
2690888
2690889
2690890
2690891
2690892
2690893
2690894
2690895
2690896
2690897
2690898
2690899
2690900
2690901
2690902
2690903
2690904
2690905
2690906
2690907
2690908
2690909
2690910
2690911
2690912
2690913
2690914
2690915
2690916
2690917
2690918
2690919
2690920
2690921
2690922
2690923
2690924
2690925
2690926
2690927
2690928
2690929
2690930
2690931
2690932
2690933
2690934
2690935
2690936
2690937
2690938
2690939
2690940
2690941
2690942
2690943
2690944
2690945
2690946
2690947
2690948
2690949
2690950
2690951
2690952
2690953
2690954
2690955
2690956
2690957
2690958
2690959
2690960
2690961
2690962
2690963
2690964
2690965
2690966
2690967
2690968
2690969
2690970
2690971
2690972
2690973
2690974
2690975
2690976
2690977
2690978
2690979
2690980
2690981
2690982
2690983
2690984
2690985
2690986
2690987
2690988
2690989
2690990
2690991
2690992
2690993
2690994
2690995
2690996
2690997
2690998
2690999
2691000
2691001
2691002
2691003
2691004
2691005
2691006
2691007
2691008
2691009
2691010
2691011
2691012
2691013
2691014
2691015
2691016
2691017
2691018
2691019
2691020
2691021
2691022
2691023
2691024
2691025
2691026
2691027
2691028
2691029
2691030
2691031
2691032
2691033
2691034
2691035
2691036
2691037
2691038
2691039
2691040
2691041
2691042
2691043
2691044
2691045
2691046
2691047
2691048
2691049
2691050
2691051
2691052
2691053
2691054
2691055
2691056
2691057
2691058
2691059
2691060
2691061
2691062
2691063
2691064
2691065
2691066
2691067
2691068
2691069
2691070
2691071
2691072
2691073
2691074
2691075
2691076
2691077
2691078
2691079
2691080
2691081
2691082
2691083
2691084
2691085
2691086
2691087
2691088
2691089
2691090
2691091
2691092
2691093
2691094
2691095
2691096
2691097
2691098
2691099
2691100
2691101
2691102
2691103
2691104
2691105
2691106
2691107
2691108
2691109
2691110
2691111
2691112
2691113
2691114
2691115
2691116
2691117
2691118
2691119
2691120
2691121
2691122
2691123
2691124
2691125
2691126
2691127
2691128
2691129
2691130
2691131
2691132
2691133
2691134
2691135
2691136
2691137
2691138
2691139
2691140
2691141
2691142
2691143
2691144
2691145
2691146
2691147
2691148
2691149
2691150
2691151
2691152
2691153
2691154
2691155
2691156
2691157
2691158
2691159
2691160
2691161
2691162
2691163
2691164
2691165
2691166
2691167
2691168
2691169
2691170
2691171
2691172
2691173
2691174
2691175
2691176
2691177
2691178
2691179
2691180
2691181
2691182
2691183
2691184
2691185
2691186
2691187
2691188
2691189
2691190
2691191
2691192
2691193
2691194
2691195
2691196
2691197
2691198
2691199
2691200
2691201
2691202
2691203
2691204
2691205
2691206
2691207
2691208
2691209
2691210
2691211
2691212
2691213
2691214
2691215
2691216
2691217
2691218
2691219
2691220
2691221
2691222
2691223
2691224
2691225
2691226
2691227
2691228
2691229
2691230
2691231
2691232
2691233
2691234
2691235
2691236
2691237
2691238
2691239
2691240
2691241
2691242
2691243
2691244
2691245
2691246
2691247
2691248
2691249
2691250
2691251
2691252
2691253
2691254
2691255
2691256
2691257
2691258
2691259
2691260
2691261
2691262
2691263
2691264
2691265
2691266
2691267
2691268
2691269
2691270
2691271
2691272
2691273
2691274
2691275
2691276
2691277
2691278
2691279
2691280
2691281
2691282
2691283
2691284
2691285
2691286
2691287
2691288
2691289
2691290
2691291
2691292
2691293
2691294
2691295
2691296
2691297
2691298
2691299
2691300
2691301
2691302
2691303
2691304
2691305
2691306
2691307
2691308
2691309
2691310
2691311
2691312
2691313
2691314
2691315
2691316
2691317
2691318
2691319
2691320
2691321
2691322
2691323
2691324
2691325
2691326
2691327
2691328
2691329
2691330
2691331
2691332
2691333
2691334
2691335
2691336
2691337
2691338
2691339
2691340
2691341
2691342
2691343
2691344
2691345
2691346
2691347
2691348
2691349
2691350
2691351
2691352
2691353
2691354
2691355
2691356
2691357
2691358
2691359
2691360
2691361
2691362
2691363
2691364
2691365
2691366
2691367
2691368
2691369
2691370
2691371
2691372
2691373
2691374
2691375
2691376
2691377
2691378
2691379
2691380
2691381
2691382
2691383
2691384
2691385
2691386
2691387
2691388
2691389
2691390
2691391
2691392
2691393
2691394
2691395
2691396
2691397
2691398
2691399
2691400
2691401
2691402
2691403
2691404
2691405
2691406
2691407
2691408
2691409
2691410
2691411
2691412
2691413
2691414
2691415
2691416
2691417
2691418
2691419
2691420
2691421
2691422
2691423
2691424
2691425
2691426
2691427
2691428
2691429
2691430
2691431
2691432
2691433
2691434
2691435
2691436
2691437
2691438
2691439
2691440
2691441
2691442
2691443
2691444
2691445
2691446
2691447
2691448
2691449
2691450
2691451
2691452
2691453
2691454
2691455
2691456
2691457
2691458
2691459
2691460
2691461
2691462
2691463
2691464
2691465
2691466
2691467
2691468
2691469
2691470
2691471
2691472
2691473
2691474
2691475
2691476
2691477
2691478
2691479
2691480
2691481
2691482
2691483
2691484
2691485
2691486
2691487
2691488
2691489
2691490
2691491
2691492
2691493
2691494
2691495
2691496
2691497
2691498
2691499
2691500
2691501
2691502
2691503
2691504
2691505
2691506
2691507
2691508
2691509
2691510
2691511
2691512
2691513
2691514
2691515
2691516
2691517
2691518
2691519
2691520
2691521
2691522
2691523
2691524
2691525
2691526
2691527
2691528
2691529
2691530
2691531
2691532
2691533
2691534
2691535
2691536
2691537
2691538
2691539
2691540
2691541
2691542
2691543
2691544
2691545
2691546
2691547
2691548
2691549
2691550
2691551
2691552
2691553
2691554
2691555
2691556
2691557
2691558
2691559
2691560
2691561
2691562
2691563
2691564
2691565
2691566
2691567
2691568
2691569
2691570
2691571
2691572
2691573
2691574
2691575
2691576
2691577
2691578
2691579
2691580
2691581
2691582
2691583
2691584
2691585
2691586
2691587
2691588
2691589
2691590
2691591
2691592
2691593
2691594
2691595
2691596
2691597
2691598
2691599
2691600
2691601
2691602
2691603
2691604
2691605
2691606
2691607
2691608
2691609
2691610
2691611
2691612
2691613
2691614
2691615
2691616
2691617
2691618
2691619
2691620
2691621
2691622
2691623
2691624
2691625
2691626
2691627
2691628
2691629
2691630
2691631
2691632
2691633
2691634
2691635
2691636
2691637
2691638
2691639
2691640
2691641
2691642
2691643
2691644
2691645
2691646
2691647
2691648
2691649
2691650
2691651
2691652
2691653
2691654
2691655
2691656
2691657
2691658
2691659
2691660
2691661
2691662
2691663
2691664
2691665
2691666
2691667
2691668
2691669
2691670
2691671
2691672
2691673
2691674
2691675
2691676
2691677
2691678
2691679
2691680
2691681
2691682
2691683
2691684
2691685
2691686
2691687
2691688
2691689
2691690
2691691
2691692
2691693
2691694
2691695
2691696
2691697
2691698
2691699
2691700
2691701
2691702
2691703
2691704
2691705
2691706
2691707
2691708
2691709
2691710
2691711
2691712
2691713
2691714
2691715
2691716
2691717
2691718
2691719
2691720
2691721
2691722
2691723
2691724
2691725
2691726
2691727
2691728
2691729
2691730
2691731
2691732
2691733
2691734
2691735
2691736
2691737
2691738
2691739
2691740
2691741
2691742
2691743
2691744
2691745
2691746
2691747
2691748
2691749
2691750
2691751
2691752
2691753
2691754
2691755
2691756
2691757
2691758
2691759
2691760
2691761
2691762
2691763
2691764
2691765
2691766
2691767
2691768
2691769
2691770
2691771
2691772
2691773
2691774
2691775
2691776
2691777
2691778
2691779
2691780
2691781
2691782
2691783
2691784
2691785
2691786
2691787
2691788
2691789
2691790
2691791
2691792
2691793
2691794
2691795
2691796
2691797
2691798
2691799
2691800
2691801
2691802
2691803
2691804
2691805
2691806
2691807
2691808
2691809
2691810
2691811
2691812
2691813
2691814
2691815
2691816
2691817
2691818
2691819
2691820
2691821
2691822
2691823
2691824
2691825
2691826
2691827
2691828
2691829
2691830
2691831
2691832
2691833
2691834
2691835
2691836
2691837
2691838
2691839
2691840
2691841
2691842
2691843
2691844
2691845
2691846
2691847
2691848
2691849
2691850
2691851
2691852
2691853
2691854
2691855
2691856
2691857
2691858
2691859
2691860
2691861
2691862
2691863
2691864
2691865
2691866
2691867
2691868
2691869
2691870
2691871
2691872
2691873
2691874
2691875
2691876
2691877
2691878
2691879
2691880
2691881
2691882
2691883
2691884
2691885
2691886
2691887
2691888
2691889
2691890
2691891
2691892
2691893
2691894
2691895
2691896
2691897
2691898
2691899
2691900
2691901
2691902
2691903
2691904
2691905
2691906
2691907
2691908
2691909
2691910
2691911
2691912
2691913
2691914
2691915
2691916
2691917
2691918
2691919
2691920
2691921
2691922
2691923
2691924
2691925
2691926
2691927
2691928
2691929
2691930
2691931
2691932
2691933
2691934
2691935
2691936
2691937
2691938
2691939
2691940
2691941
2691942
2691943
2691944
2691945
2691946
2691947
2691948
2691949
2691950
2691951
2691952
2691953
2691954
2691955
2691956
2691957
2691958
2691959
2691960
2691961
2691962
2691963
2691964
2691965
2691966
2691967
2691968
2691969
2691970
2691971
2691972
2691973
2691974
2691975
2691976
2691977
2691978
2691979
2691980
2691981
2691982
2691983
2691984
2691985
2691986
2691987
2691988
2691989
2691990
2691991
2691992
2691993
2691994
2691995
2691996
2691997
2691998
2691999
2692000
2692001
2692002
2692003
2692004
2692005
2692006
2692007
2692008
2692009
2692010
2692011
2692012
2692013
2692014
2692015
2692016
2692017
2692018
2692019
2692020
2692021
2692022
2692023
2692024
2692025
2692026
2692027
2692028
2692029
2692030
2692031
2692032
2692033
2692034
2692035
2692036
2692037
2692038
2692039
2692040
2692041
2692042
2692043
2692044
2692045
2692046
2692047
2692048
2692049
2692050
2692051
2692052
2692053
2692054
2692055
2692056
2692057
2692058
2692059
2692060
2692061
2692062
2692063
2692064
2692065
2692066
2692067
2692068
2692069
2692070
2692071
2692072
2692073
2692074
2692075
2692076
2692077
2692078
2692079
2692080
2692081
2692082
2692083
2692084
2692085
2692086
2692087
2692088
2692089
2692090
2692091
2692092
2692093
2692094
2692095
2692096
2692097
2692098
2692099
2692100
2692101
2692102
2692103
2692104
2692105
2692106
2692107
2692108
2692109
2692110
2692111
2692112
2692113
2692114
2692115
2692116
2692117
2692118
2692119
2692120
2692121
2692122
2692123
2692124
2692125
2692126
2692127
2692128
2692129
2692130
2692131
2692132
2692133
2692134
2692135
2692136
2692137
2692138
2692139
2692140
2692141
2692142
2692143
2692144
2692145
2692146
2692147
2692148
2692149
2692150
2692151
2692152
2692153
2692154
2692155
2692156
2692157
2692158
2692159
2692160
2692161
2692162
2692163
2692164
2692165
2692166
2692167
2692168
2692169
2692170
2692171
2692172
2692173
2692174
2692175
2692176
2692177
2692178
2692179
2692180
2692181
2692182
2692183
2692184
2692185
2692186
2692187
2692188
2692189
2692190
2692191
2692192
2692193
2692194
2692195
2692196
2692197
2692198
2692199
2692200
2692201
2692202
2692203
2692204
2692205
2692206
2692207
2692208
2692209
2692210
2692211
2692212
2692213
2692214
2692215
2692216
2692217
2692218
2692219
2692220
2692221
2692222
2692223
2692224
2692225
2692226
2692227
2692228
2692229
2692230
2692231
2692232
2692233
2692234
2692235
2692236
2692237
2692238
2692239
2692240
2692241
2692242
2692243
2692244
2692245
2692246
2692247
2692248
2692249
2692250
2692251
2692252
2692253
2692254
2692255
2692256
2692257
2692258
2692259
2692260
2692261
2692262
2692263
2692264
2692265
2692266
2692267
2692268
2692269
2692270
2692271
2692272
2692273
2692274
2692275
2692276
2692277
2692278
2692279
2692280
2692281
2692282
2692283
2692284
2692285
2692286
2692287
2692288
2692289
2692290
2692291
2692292
2692293
2692294
2692295
2692296
2692297
2692298
2692299
2692300
2692301
2692302
2692303
2692304
2692305
2692306
2692307
2692308
2692309
2692310
2692311
2692312
2692313
2692314
2692315
2692316
2692317
2692318
2692319
2692320
2692321
2692322
2692323
2692324
2692325
2692326
2692327
2692328
2692329
2692330
2692331
2692332
2692333
2692334
2692335
2692336
2692337
2692338
2692339
2692340
2692341
2692342
2692343
2692344
2692345
2692346
2692347
2692348
2692349
2692350
2692351
2692352
2692353
2692354
2692355
2692356
2692357
2692358
2692359
2692360
2692361
2692362
2692363
2692364
2692365
2692366
2692367
2692368
2692369
2692370
2692371
2692372
2692373
2692374
2692375
2692376
2692377
2692378
2692379
2692380
2692381
2692382
2692383
2692384
2692385
2692386
2692387
2692388
2692389
2692390
2692391
2692392
2692393
2692394
2692395
2692396
2692397
2692398
2692399
2692400
2692401
2692402
2692403
2692404
2692405
2692406
2692407
2692408
2692409
2692410
2692411
2692412
2692413
2692414
2692415
2692416
2692417
2692418
2692419
2692420
2692421
2692422
2692423
2692424
2692425
2692426
2692427
2692428
2692429
2692430
2692431
2692432
2692433
2692434
2692435
2692436
2692437
2692438
2692439
2692440
2692441
2692442
2692443
2692444
2692445
2692446
2692447
2692448
2692449
2692450
2692451
2692452
2692453
2692454
2692455
2692456
2692457
2692458
2692459
2692460
2692461
2692462
2692463
2692464
2692465
2692466
2692467
2692468
2692469
2692470
2692471
2692472
2692473
2692474
2692475
2692476
2692477
2692478
2692479
2692480
2692481
2692482
2692483
2692484
2692485
2692486
2692487
2692488
2692489
2692490
2692491
2692492
2692493
2692494
2692495
2692496
2692497
2692498
2692499
2692500
