1000
2066101
2066102
2066103
2066104
2066105
2066106
2066107
2066108
2066109
2066110
2066111
2066112
2066113
2066114
2066115
2066116
2066117
2066118
2066119
2066120
2066121
2066122
2066123
2066124
2066125
2066126
2066127
2066128
2066129
2066130
2066131
2066132
2066133
2066134
2066135
2066136
2066137
2066138
2066139
2066140
2066141
2066142
2066143
2066144
2066145
2066146
2066147
2066148
2066149
2066150
2066151
2066152
2066153
2066154
2066155
2066156
2066157
2066158
2066159
2066160
2066161
2066162
2066163
2066164
2066165
2066166
2066167
2066168
2066169
2066170
2066171
2066172
2066173
2066174
2066175
2066176
2066177
2066178
2066179
2066180
2066181
2066182
2066183
2066184
2066185
2066186
2066187
2066188
2066189
2066190
2066191
2066192
2066193
2066194
2066195
2066196
2066197
2066198
2066199
2066200
2066201
2066202
2066203
2066204
2066205
2066206
2066207
2066208
2066209
2066210
2066211
2066212
2066213
2066214
2066215
2066216
2066217
2066218
2066219
2066220
2066221
2066222
2066223
2066224
2066225
2066226
2066227
2066228
2066229
2066230
2066231
2066232
2066233
2066234
2066235
2066236
2066237
2066238
2066239
2066240
2066241
2066242
2066243
2066244
2066245
2066246
2066247
2066248
2066249
2066250
2066251
2066252
2066253
2066254
2066255
2066256
2066257
2066258
2066259
2066260
2066261
2066262
2066263
2066264
2066265
2066266
2066267
2066268
2066269
2066270
2066271
2066272
2066273
2066274
2066275
2066276
2066277
2066278
2066279
2066280
2066281
2066282
2066283
2066284
2066285
2066286
2066287
2066288
2066289
2066290
2066291
2066292
2066293
2066294
2066295
2066296
2066297
2066298
2066299
2066300
2066301
2066302
2066303
2066304
2066305
2066306
2066307
2066308
2066309
2066310
2066311
2066312
2066313
2066314
2066315
2066316
2066317
2066318
2066319
2066320
2066321
2066322
2066323
2066324
2066325
2066326
2066327
2066328
2066329
2066330
2066331
2066332
2066333
2066334
2066335
2066336
2066337
2066338
2066339
2066340
2066341
2066342
2066343
2066344
2066345
2066346
2066347
2066348
2066349
2066350
2066351
2066352
2066353
2066354
2066355
2066356
2066357
2066358
2066359
2066360
2066361
2066362
2066363
2066364
2066365
2066366
2066367
2066368
2066369
2066370
2066371
2066372
2066373
2066374
2066375
2066376
2066377
2066378
2066379
2066380
2066381
2066382
2066383
2066384
2066385
2066386
2066387
2066388
2066389
2066390
2066391
2066392
2066393
2066394
2066395
2066396
2066397
2066398
2066399
2066400
2066401
2066402
2066403
2066404
2066405
2066406
2066407
2066408
2066409
2066410
2066411
2066412
2066413
2066414
2066415
2066416
2066417
2066418
2066419
2066420
2066421
2066422
2066423
2066424
2066425
2066426
2066427
2066428
2066429
2066430
2066431
2066432
2066433
2066434
2066435
2066436
2066437
2066438
2066439
2066440
2066441
2066442
2066443
2066444
2066445
2066446
2066447
2066448
2066449
2066450
2066451
2066452
2066453
2066454
2066455
2066456
2066457
2066458
2066459
2066460
2066461
2066462
2066463
2066464
2066465
2066466
2066467
2066468
2066469
2066470
2066471
2066472
2066473
2066474
2066475
2066476
2066477
2066478
2066479
2066480
2066481
2066482
2066483
2066484
2066485
2066486
2066487
2066488
2066489
2066490
2066491
2066492
2066493
2066494
2066495
2066496
2066497
2066498
2066499
2066500
2066501
2066502
2066503
2066504
2066505
2066506
2066507
2066508
2066509
2066510
2066511
2066512
2066513
2066514
2066515
2066516
2066517
2066518
2066519
2066520
2066521
2066522
2066523
2066524
2066525
2066526
2066527
2066528
2066529
2066530
2066531
2066532
2066533
2066534
2066535
2066536
2066537
2066538
2066539
2066540
2066541
2066542
2066543
2066544
2066545
2066546
2066547
2066548
2066549
2066550
2066551
2066552
2066553
2066554
2066555
2066556
2066557
2066558
2066559
2066560
2066561
2066562
2066563
2066564
2066565
2066566
2066567
2066568
2066569
2066570
2066571
2066572
2066573
2066574
2066575
2066576
2066577
2066578
2066579
2066580
2066581
2066582
2066583
2066584
2066585
2066586
2066587
2066588
2066589
2066590
2066591
2066592
2066593
2066594
2066595
2066596
2066597
2066598
2066599
2066600
2066601
2066602
2066603
2066604
2066605
2066606
2066607
2066608
2066609
2066610
2066611
2066612
2066613
2066614
2066615
2066616
2066617
2066618
2066619
2066620
2066621
2066622
2066623
2066624
2066625
2066626
2066627
2066628
2066629
2066630
2066631
2066632
2066633
2066634
2066635
2066636
2066637
2066638
2066639
2066640
2066641
2066642
2066643
2066644
2066645
2066646
2066647
2066648
2066649
2066650
2066651
2066652
2066653
2066654
2066655
2066656
2066657
2066658
2066659
2066660
2066661
2066662
2066663
2066664
2066665
2066666
2066667
2066668
2066669
2066670
2066671
2066672
2066673
2066674
2066675
2066676
2066677
2066678
2066679
2066680
2066681
2066682
2066683
2066684
2066685
2066686
2066687
2066688
2066689
2066690
2066691
2066692
2066693
2066694
2066695
2066696
2066697
2066698
2066699
2066700
2066701
2066702
2066703
2066704
2066705
2066706
2066707
2066708
2066709
2066710
2066711
2066712
2066713
2066714
2066715
2066716
2066717
2066718
2066719
2066720
2066721
2066722
2066723
2066724
2066725
2066726
2066727
2066728
2066729
2066730
2066731
2066732
2066733
2066734
2066735
2066736
2066737
2066738
2066739
2066740
2066741
2066742
2066743
2066744
2066745
2066746
2066747
2066748
2066749
2066750
2066751
2066752
2066753
2066754
2066755
2066756
2066757
2066758
2066759
2066760
2066761
2066762
2066763
2066764
2066765
2066766
2066767
2066768
2066769
2066770
2066771
2066772
2066773
2066774
2066775
2066776
2066777
2066778
2066779
2066780
2066781
2066782
2066783
2066784
2066785
2066786
2066787
2066788
2066789
2066790
2066791
2066792
2066793
2066794
2066795
2066796
2066797
2066798
2066799
2066800
2066801
2066802
2066803
2066804
2066805
2066806
2066807
2066808
2066809
2066810
2066811
2066812
2066813
2066814
2066815
2066816
2066817
2066818
2066819
2066820
2066821
2066822
2066823
2066824
2066825
2066826
2066827
2066828
2066829
2066830
2066831
2066832
2066833
2066834
2066835
2066836
2066837
2066838
2066839
2066840
2066841
2066842
2066843
2066844
2066845
2066846
2066847
2066848
2066849
2066850
2066851
2066852
2066853
2066854
2066855
2066856
2066857
2066858
2066859
2066860
2066861
2066862
2066863
2066864
2066865
2066866
2066867
2066868
2066869
2066870
2066871
2066872
2066873
2066874
2066875
2066876
2066877
2066878
2066879
2066880
2066881
2066882
2066883
2066884
2066885
2066886
2066887
2066888
2066889
2066890
2066891
2066892
2066893
2066894
2066895
2066896
2066897
2066898
2066899
2066900
2066901
2066902
2066903
2066904
2066905
2066906
2066907
2066908
2066909
2066910
2066911
2066912
2066913
2066914
2066915
2066916
2066917
2066918
2066919
2066920
2066921
2066922
2066923
2066924
2066925
2066926
2066927
2066928
2066929
2066930
2066931
2066932
2066933
2066934
2066935
2066936
2066937
2066938
2066939
2066940
2066941
2066942
2066943
2066944
2066945
2066946
2066947
2066948
2066949
2066950
2066951
2066952
2066953
2066954
2066955
2066956
2066957
2066958
2066959
2066960
2066961
2066962
2066963
2066964
2066965
2066966
2066967
2066968
2066969
2066970
2066971
2066972
2066973
2066974
2066975
2066976
2066977
2066978
2066979
2066980
2066981
2066982
2066983
2066984
2066985
2066986
2066987
2066988
2066989
2066990
2066991
2066992
2066993
2066994
2066995
2066996
2066997
2066998
2066999
2067000
2067001
2067002
2067003
2067004
2067005
2067006
2067007
2067008
2067009
2067010
2067011
2067012
2067013
2067014
2067015
2067016
2067017
2067018
2067019
2067020
2067021
2067022
2067023
2067024
2067025
2067026
2067027
2067028
2067029
2067030
2067031
2067032
2067033
2067034
2067035
2067036
2067037
2067038
2067039
2067040
2067041
2067042
2067043
2067044
2067045
2067046
2067047
2067048
2067049
2067050
2067051
2067052
2067053
2067054
2067055
2067056
2067057
2067058
2067059
2067060
2067061
2067062
2067063
2067064
2067065
2067066
2067067
2067068
2067069
2067070
2067071
2067072
2067073
2067074
2067075
2067076
2067077
2067078
2067079
2067080
2067081
2067082
2067083
2067084
2067085
2067086
2067087
2067088
2067089
2067090
2067091
2067092
2067093
2067094
2067095
2067096
2067097
2067098
2067099
2067100
