10000
7000000
6999999
6999998
6999997
6999996
6999995
6999994
6999993
6999992
6999991
6999990
6999989
6999988
6999987
6999986
6999985
6999984
6999983
6999982
6999981
6999980
6999979
6999978
6999977
6999976
6999975
6999974
6999973
6999972
6999971
6999970
6999969
6999968
6999967
6999966
6999965
6999964
6999963
6999962
6999961
6999960
6999959
6999958
6999957
6999956
6999955
6999954
6999953
6999952
6999951
6999950
6999949
6999948
6999947
6999946
6999945
6999944
6999943
6999942
6999941
6999940
6999939
6999938
6999937
6999936
6999935
6999934
6999933
6999932
6999931
6999930
6999929
6999928
6999927
6999926
6999925
6999924
6999923
6999922
6999921
6999920
6999919
6999918
6999917
6999916
6999915
6999914
6999913
6999912
6999911
6999910
6999909
6999908
6999907
6999906
6999905
6999904
6999903
6999902
6999901
6999900
6999899
6999898
6999897
6999896
6999895
6999894
6999893
6999892
6999891
6999890
6999889
6999888
6999887
6999886
6999885
6999884
6999883
6999882
6999881
6999880
6999879
6999878
6999877
6999876
6999875
6999874
6999873
6999872
6999871
6999870
6999869
6999868
6999867
6999866
6999865
6999864
6999863
6999862
6999861
6999860
6999859
6999858
6999857
6999856
6999855
6999854
6999853
6999852
6999851
6999850
6999849
6999848
6999847
6999846
6999845
6999844
6999843
6999842
6999841
6999840
6999839
6999838
6999837
6999836
6999835
6999834
6999833
6999832
6999831
6999830
6999829
6999828
6999827
6999826
6999825
6999824
6999823
6999822
6999821
6999820
6999819
6999818
6999817
6999816
6999815
6999814
6999813
6999812
6999811
6999810
6999809
6999808
6999807
6999806
6999805
6999804
6999803
6999802
6999801
6999800
6999799
6999798
6999797
6999796
6999795
6999794
6999793
6999792
6999791
6999790
6999789
6999788
6999787
6999786
6999785
6999784
6999783
6999782
6999781
6999780
6999779
6999778
6999777
6999776
6999775
6999774
6999773
6999772
6999771
6999770
6999769
6999768
6999767
6999766
6999765
6999764
6999763
6999762
6999761
6999760
6999759
6999758
6999757
6999756
6999755
6999754
6999753
6999752
6999751
6999750
6999749
6999748
6999747
6999746
6999745
6999744
6999743
6999742
6999741
6999740
6999739
6999738
6999737
6999736
6999735
6999734
6999733
6999732
6999731
6999730
6999729
6999728
6999727
6999726
6999725
6999724
6999723
6999722
6999721
6999720
6999719
6999718
6999717
6999716
6999715
6999714
6999713
6999712
6999711
6999710
6999709
6999708
6999707
6999706
6999705
6999704
6999703
6999702
6999701
6999700
6999699
6999698
6999697
6999696
6999695
6999694
6999693
6999692
6999691
6999690
6999689
6999688
6999687
6999686
6999685
6999684
6999683
6999682
6999681
6999680
6999679
6999678
6999677
6999676
6999675
6999674
6999673
6999672
6999671
6999670
6999669
6999668
6999667
6999666
6999665
6999664
6999663
6999662
6999661
6999660
6999659
6999658
6999657
6999656
6999655
6999654
6999653
6999652
6999651
6999650
6999649
6999648
6999647
6999646
6999645
6999644
6999643
6999642
6999641
6999640
6999639
6999638
6999637
6999636
6999635
6999634
6999633
6999632
6999631
6999630
6999629
6999628
6999627
6999626
6999625
6999624
6999623
6999622
6999621
6999620
6999619
6999618
6999617
6999616
6999615
6999614
6999613
6999612
6999611
6999610
6999609
6999608
6999607
6999606
6999605
6999604
6999603
6999602
6999601
6999600
6999599
6999598
6999597
6999596
6999595
6999594
6999593
6999592
6999591
6999590
6999589
6999588
6999587
6999586
6999585
6999584
6999583
6999582
6999581
6999580
6999579
6999578
6999577
6999576
6999575
6999574
6999573
6999572
6999571
6999570
6999569
6999568
6999567
6999566
6999565
6999564
6999563
6999562
6999561
6999560
6999559
6999558
6999557
6999556
6999555
6999554
6999553
6999552
6999551
6999550
6999549
6999548
6999547
6999546
6999545
6999544
6999543
6999542
6999541
6999540
6999539
6999538
6999537
6999536
6999535
6999534
6999533
6999532
6999531
6999530
6999529
6999528
6999527
6999526
6999525
6999524
6999523
6999522
6999521
6999520
6999519
6999518
6999517
6999516
6999515
6999514
6999513
6999512
6999511
6999510
6999509
6999508
6999507
6999506
6999505
6999504
6999503
6999502
6999501
6999500
6999499
6999498
6999497
6999496
6999495
6999494
6999493
6999492
6999491
6999490
6999489
6999488
6999487
6999486
6999485
6999484
6999483
6999482
6999481
6999480
6999479
6999478
6999477
6999476
6999475
6999474
6999473
6999472
6999471
6999470
6999469
6999468
6999467
6999466
6999465
6999464
6999463
6999462
6999461
6999460
6999459
6999458
6999457
6999456
6999455
6999454
6999453
6999452
6999451
6999450
6999449
6999448
6999447
6999446
6999445
6999444
6999443
6999442
6999441
6999440
6999439
6999438
6999437
6999436
6999435
6999434
6999433
6999432
6999431
6999430
6999429
6999428
6999427
6999426
6999425
6999424
6999423
6999422
6999421
6999420
6999419
6999418
6999417
6999416
6999415
6999414
6999413
6999412
6999411
6999410
6999409
6999408
6999407
6999406
6999405
6999404
6999403
6999402
6999401
6999400
6999399
6999398
6999397
6999396
6999395
6999394
6999393
6999392
6999391
6999390
6999389
6999388
6999387
6999386
6999385
6999384
6999383
6999382
6999381
6999380
6999379
6999378
6999377
6999376
6999375
6999374
6999373
6999372
6999371
6999370
6999369
6999368
6999367
6999366
6999365
6999364
6999363
6999362
6999361
6999360
6999359
6999358
6999357
6999356
6999355
6999354
6999353
6999352
6999351
6999350
6999349
6999348
6999347
6999346
6999345
6999344
6999343
6999342
6999341
6999340
6999339
6999338
6999337
6999336
6999335
6999334
6999333
6999332
6999331
6999330
6999329
6999328
6999327
6999326
6999325
6999324
6999323
6999322
6999321
6999320
6999319
6999318
6999317
6999316
6999315
6999314
6999313
6999312
6999311
6999310
6999309
6999308
6999307
6999306
6999305
6999304
6999303
6999302
6999301
6999300
6999299
6999298
6999297
6999296
6999295
6999294
6999293
6999292
6999291
6999290
6999289
6999288
6999287
6999286
6999285
6999284
6999283
6999282
6999281
6999280
6999279
6999278
6999277
6999276
6999275
6999274
6999273
6999272
6999271
6999270
6999269
6999268
6999267
6999266
6999265
6999264
6999263
6999262
6999261
6999260
6999259
6999258
6999257
6999256
6999255
6999254
6999253
6999252
6999251
6999250
6999249
6999248
6999247
6999246
6999245
6999244
6999243
6999242
6999241
6999240
6999239
6999238
6999237
6999236
6999235
6999234
6999233
6999232
6999231
6999230
6999229
6999228
6999227
6999226
6999225
6999224
6999223
6999222
6999221
6999220
6999219
6999218
6999217
6999216
6999215
6999214
6999213
6999212
6999211
6999210
6999209
6999208
6999207
6999206
6999205
6999204
6999203
6999202
6999201
6999200
6999199
6999198
6999197
6999196
6999195
6999194
6999193
6999192
6999191
6999190
6999189
6999188
6999187
6999186
6999185
6999184
6999183
6999182
6999181
6999180
6999179
6999178
6999177
6999176
6999175
6999174
6999173
6999172
6999171
6999170
6999169
6999168
6999167
6999166
6999165
6999164
6999163
6999162
6999161
6999160
6999159
6999158
6999157
6999156
6999155
6999154
6999153
6999152
6999151
6999150
6999149
6999148
6999147
6999146
6999145
6999144
6999143
6999142
6999141
6999140
6999139
6999138
6999137
6999136
6999135
6999134
6999133
6999132
6999131
6999130
6999129
6999128
6999127
6999126
6999125
6999124
6999123
6999122
6999121
6999120
6999119
6999118
6999117
6999116
6999115
6999114
6999113
6999112
6999111
6999110
6999109
6999108
6999107
6999106
6999105
6999104
6999103
6999102
6999101
6999100
6999099
6999098
6999097
6999096
6999095
6999094
6999093
6999092
6999091
6999090
6999089
6999088
6999087
6999086
6999085
6999084
6999083
6999082
6999081
6999080
6999079
6999078
6999077
6999076
6999075
6999074
6999073
6999072
6999071
6999070
6999069
6999068
6999067
6999066
6999065
6999064
6999063
6999062
6999061
6999060
6999059
6999058
6999057
6999056
6999055
6999054
6999053
6999052
6999051
6999050
6999049
6999048
6999047
6999046
6999045
6999044
6999043
6999042
6999041
6999040
6999039
6999038
6999037
6999036
6999035
6999034
6999033
6999032
6999031
6999030
6999029
6999028
6999027
6999026
6999025
6999024
6999023
6999022
6999021
6999020
6999019
6999018
6999017
6999016
6999015
6999014
6999013
6999012
6999011
6999010
6999009
6999008
6999007
6999006
6999005
6999004
6999003
6999002
6999001
6999000
6998999
6998998
6998997
6998996
6998995
6998994
6998993
6998992
6998991
6998990
6998989
6998988
6998987
6998986
6998985
6998984
6998983
6998982
6998981
6998980
6998979
6998978
6998977
6998976
6998975
6998974
6998973
6998972
6998971
6998970
6998969
6998968
6998967
6998966
6998965
6998964
6998963
6998962
6998961
6998960
6998959
6998958
6998957
6998956
6998955
6998954
6998953
6998952
6998951
6998950
6998949
6998948
6998947
6998946
6998945
6998944
6998943
6998942
6998941
6998940
6998939
6998938
6998937
6998936
6998935
6998934
6998933
6998932
6998931
6998930
6998929
6998928
6998927
6998926
6998925
6998924
6998923
6998922
6998921
6998920
6998919
6998918
6998917
6998916
6998915
6998914
6998913
6998912
6998911
6998910
6998909
6998908
6998907
6998906
6998905
6998904
6998903
6998902
6998901
6998900
6998899
6998898
6998897
6998896
6998895
6998894
6998893
6998892
6998891
6998890
6998889
6998888
6998887
6998886
6998885
6998884
6998883
6998882
6998881
6998880
6998879
6998878
6998877
6998876
6998875
6998874
6998873
6998872
6998871
6998870
6998869
6998868
6998867
6998866
6998865
6998864
6998863
6998862
6998861
6998860
6998859
6998858
6998857
6998856
6998855
6998854
6998853
6998852
6998851
6998850
6998849
6998848
6998847
6998846
6998845
6998844
6998843
6998842
6998841
6998840
6998839
6998838
6998837
6998836
6998835
6998834
6998833
6998832
6998831
6998830
6998829
6998828
6998827
6998826
6998825
6998824
6998823
6998822
6998821
6998820
6998819
6998818
6998817
6998816
6998815
6998814
6998813
6998812
6998811
6998810
6998809
6998808
6998807
6998806
6998805
6998804
6998803
6998802
6998801
6998800
6998799
6998798
6998797
6998796
6998795
6998794
6998793
6998792
6998791
6998790
6998789
6998788
6998787
6998786
6998785
6998784
6998783
6998782
6998781
6998780
6998779
6998778
6998777
6998776
6998775
6998774
6998773
6998772
6998771
6998770
6998769
6998768
6998767
6998766
6998765
6998764
6998763
6998762
6998761
6998760
6998759
6998758
6998757
6998756
6998755
6998754
6998753
6998752
6998751
6998750
6998749
6998748
6998747
6998746
6998745
6998744
6998743
6998742
6998741
6998740
6998739
6998738
6998737
6998736
6998735
6998734
6998733
6998732
6998731
6998730
6998729
6998728
6998727
6998726
6998725
6998724
6998723
6998722
6998721
6998720
6998719
6998718
6998717
6998716
6998715
6998714
6998713
6998712
6998711
6998710
6998709
6998708
6998707
6998706
6998705
6998704
6998703
6998702
6998701
6998700
6998699
6998698
6998697
6998696
6998695
6998694
6998693
6998692
6998691
6998690
6998689
6998688
6998687
6998686
6998685
6998684
6998683
6998682
6998681
6998680
6998679
6998678
6998677
6998676
6998675
6998674
6998673
6998672
6998671
6998670
6998669
6998668
6998667
6998666
6998665
6998664
6998663
6998662
6998661
6998660
6998659
6998658
6998657
6998656
6998655
6998654
6998653
6998652
6998651
6998650
6998649
6998648
6998647
6998646
6998645
6998644
6998643
6998642
6998641
6998640
6998639
6998638
6998637
6998636
6998635
6998634
6998633
6998632
6998631
6998630
6998629
6998628
6998627
6998626
6998625
6998624
6998623
6998622
6998621
6998620
6998619
6998618
6998617
6998616
6998615
6998614
6998613
6998612
6998611
6998610
6998609
6998608
6998607
6998606
6998605
6998604
6998603
6998602
6998601
6998600
6998599
6998598
6998597
6998596
6998595
6998594
6998593
6998592
6998591
6998590
6998589
6998588
6998587
6998586
6998585
6998584
6998583
6998582
6998581
6998580
6998579
6998578
6998577
6998576
6998575
6998574
6998573
6998572
6998571
6998570
6998569
6998568
6998567
6998566
6998565
6998564
6998563
6998562
6998561
6998560
6998559
6998558
6998557
6998556
6998555
6998554
6998553
6998552
6998551
6998550
6998549
6998548
6998547
6998546
6998545
6998544
6998543
6998542
6998541
6998540
6998539
6998538
6998537
6998536
6998535
6998534
6998533
6998532
6998531
6998530
6998529
6998528
6998527
6998526
6998525
6998524
6998523
6998522
6998521
6998520
6998519
6998518
6998517
6998516
6998515
6998514
6998513
6998512
6998511
6998510
6998509
6998508
6998507
6998506
6998505
6998504
6998503
6998502
6998501
6998500
6998499
6998498
6998497
6998496
6998495
6998494
6998493
6998492
6998491
6998490
6998489
6998488
6998487
6998486
6998485
6998484
6998483
6998482
6998481
6998480
6998479
6998478
6998477
6998476
6998475
6998474
6998473
6998472
6998471
6998470
6998469
6998468
6998467
6998466
6998465
6998464
6998463
6998462
6998461
6998460
6998459
6998458
6998457
6998456
6998455
6998454
6998453
6998452
6998451
6998450
6998449
6998448
6998447
6998446
6998445
6998444
6998443
6998442
6998441
6998440
6998439
6998438
6998437
6998436
6998435
6998434
6998433
6998432
6998431
6998430
6998429
6998428
6998427
6998426
6998425
6998424
6998423
6998422
6998421
6998420
6998419
6998418
6998417
6998416
6998415
6998414
6998413
6998412
6998411
6998410
6998409
6998408
6998407
6998406
6998405
6998404
6998403
6998402
6998401
6998400
6998399
6998398
6998397
6998396
6998395
6998394
6998393
6998392
6998391
6998390
6998389
6998388
6998387
6998386
6998385
6998384
6998383
6998382
6998381
6998380
6998379
6998378
6998377
6998376
6998375
6998374
6998373
6998372
6998371
6998370
6998369
6998368
6998367
6998366
6998365
6998364
6998363
6998362
6998361
6998360
6998359
6998358
6998357
6998356
6998355
6998354
6998353
6998352
6998351
6998350
6998349
6998348
6998347
6998346
6998345
6998344
6998343
6998342
6998341
6998340
6998339
6998338
6998337
6998336
6998335
6998334
6998333
6998332
6998331
6998330
6998329
6998328
6998327
6998326
6998325
6998324
6998323
6998322
6998321
6998320
6998319
6998318
6998317
6998316
6998315
6998314
6998313
6998312
6998311
6998310
6998309
6998308
6998307
6998306
6998305
6998304
6998303
6998302
6998301
6998300
6998299
6998298
6998297
6998296
6998295
6998294
6998293
6998292
6998291
6998290
6998289
6998288
6998287
6998286
6998285
6998284
6998283
6998282
6998281
6998280
6998279
6998278
6998277
6998276
6998275
6998274
6998273
6998272
6998271
6998270
6998269
6998268
6998267
6998266
6998265
6998264
6998263
6998262
6998261
6998260
6998259
6998258
6998257
6998256
6998255
6998254
6998253
6998252
6998251
6998250
6998249
6998248
6998247
6998246
6998245
6998244
6998243
6998242
6998241
6998240
6998239
6998238
6998237
6998236
6998235
6998234
6998233
6998232
6998231
6998230
6998229
6998228
6998227
6998226
6998225
6998224
6998223
6998222
6998221
6998220
6998219
6998218
6998217
6998216
6998215
6998214
6998213
6998212
6998211
6998210
6998209
6998208
6998207
6998206
6998205
6998204
6998203
6998202
6998201
6998200
6998199
6998198
6998197
6998196
6998195
6998194
6998193
6998192
6998191
6998190
6998189
6998188
6998187
6998186
6998185
6998184
6998183
6998182
6998181
6998180
6998179
6998178
6998177
6998176
6998175
6998174
6998173
6998172
6998171
6998170
6998169
6998168
6998167
6998166
6998165
6998164
6998163
6998162
6998161
6998160
6998159
6998158
6998157
6998156
6998155
6998154
6998153
6998152
6998151
6998150
6998149
6998148
6998147
6998146
6998145
6998144
6998143
6998142
6998141
6998140
6998139
6998138
6998137
6998136
6998135
6998134
6998133
6998132
6998131
6998130
6998129
6998128
6998127
6998126
6998125
6998124
6998123
6998122
6998121
6998120
6998119
6998118
6998117
6998116
6998115
6998114
6998113
6998112
6998111
6998110
6998109
6998108
6998107
6998106
6998105
6998104
6998103
6998102
6998101
6998100
6998099
6998098
6998097
6998096
6998095
6998094
6998093
6998092
6998091
6998090
6998089
6998088
6998087
6998086
6998085
6998084
6998083
6998082
6998081
6998080
6998079
6998078
6998077
6998076
6998075
6998074
6998073
6998072
6998071
6998070
6998069
6998068
6998067
6998066
6998065
6998064
6998063
6998062
6998061
6998060
6998059
6998058
6998057
6998056
6998055
6998054
6998053
6998052
6998051
6998050
6998049
6998048
6998047
6998046
6998045
6998044
6998043
6998042
6998041
6998040
6998039
6998038
6998037
6998036
6998035
6998034
6998033
6998032
6998031
6998030
6998029
6998028
6998027
6998026
6998025
6998024
6998023
6998022
6998021
6998020
6998019
6998018
6998017
6998016
6998015
6998014
6998013
6998012
6998011
6998010
6998009
6998008
6998007
6998006
6998005
6998004
6998003
6998002
6998001
6998000
6997999
6997998
6997997
6997996
6997995
6997994
6997993
6997992
6997991
6997990
6997989
6997988
6997987
6997986
6997985
6997984
6997983
6997982
6997981
6997980
6997979
6997978
6997977
6997976
6997975
6997974
6997973
6997972
6997971
6997970
6997969
6997968
6997967
6997966
6997965
6997964
6997963
6997962
6997961
6997960
6997959
6997958
6997957
6997956
6997955
6997954
6997953
6997952
6997951
6997950
6997949
6997948
6997947
6997946
6997945
6997944
6997943
6997942
6997941
6997940
6997939
6997938
6997937
6997936
6997935
6997934
6997933
6997932
6997931
6997930
6997929
6997928
6997927
6997926
6997925
6997924
6997923
6997922
6997921
6997920
6997919
6997918
6997917
6997916
6997915
6997914
6997913
6997912
6997911
6997910
6997909
6997908
6997907
6997906
6997905
6997904
6997903
6997902
6997901
6997900
6997899
6997898
6997897
6997896
6997895
6997894
6997893
6997892
6997891
6997890
6997889
6997888
6997887
6997886
6997885
6997884
6997883
6997882
6997881
6997880
6997879
6997878
6997877
6997876
6997875
6997874
6997873
6997872
6997871
6997870
6997869
6997868
6997867
6997866
6997865
6997864
6997863
6997862
6997861
6997860
6997859
6997858
6997857
6997856
6997855
6997854
6997853
6997852
6997851
6997850
6997849
6997848
6997847
6997846
6997845
6997844
6997843
6997842
6997841
6997840
6997839
6997838
6997837
6997836
6997835
6997834
6997833
6997832
6997831
6997830
6997829
6997828
6997827
6997826
6997825
6997824
6997823
6997822
6997821
6997820
6997819
6997818
6997817
6997816
6997815
6997814
6997813
6997812
6997811
6997810
6997809
6997808
6997807
6997806
6997805
6997804
6997803
6997802
6997801
6997800
6997799
6997798
6997797
6997796
6997795
6997794
6997793
6997792
6997791
6997790
6997789
6997788
6997787
6997786
6997785
6997784
6997783
6997782
6997781
6997780
6997779
6997778
6997777
6997776
6997775
6997774
6997773
6997772
6997771
6997770
6997769
6997768
6997767
6997766
6997765
6997764
6997763
6997762
6997761
6997760
6997759
6997758
6997757
6997756
6997755
6997754
6997753
6997752
6997751
6997750
6997749
6997748
6997747
6997746
6997745
6997744
6997743
6997742
6997741
6997740
6997739
6997738
6997737
6997736
6997735
6997734
6997733
6997732
6997731
6997730
6997729
6997728
6997727
6997726
6997725
6997724
6997723
6997722
6997721
6997720
6997719
6997718
6997717
6997716
6997715
6997714
6997713
6997712
6997711
6997710
6997709
6997708
6997707
6997706
6997705
6997704
6997703
6997702
6997701
6997700
6997699
6997698
6997697
6997696
6997695
6997694
6997693
6997692
6997691
6997690
6997689
6997688
6997687
6997686
6997685
6997684
6997683
6997682
6997681
6997680
6997679
6997678
6997677
6997676
6997675
6997674
6997673
6997672
6997671
6997670
6997669
6997668
6997667
6997666
6997665
6997664
6997663
6997662
6997661
6997660
6997659
6997658
6997657
6997656
6997655
6997654
6997653
6997652
6997651
6997650
6997649
6997648
6997647
6997646
6997645
6997644
6997643
6997642
6997641
6997640
6997639
6997638
6997637
6997636
6997635
6997634
6997633
6997632
6997631
6997630
6997629
6997628
6997627
6997626
6997625
6997624
6997623
6997622
6997621
6997620
6997619
6997618
6997617
6997616
6997615
6997614
6997613
6997612
6997611
6997610
6997609
6997608
6997607
6997606
6997605
6997604
6997603
6997602
6997601
6997600
6997599
6997598
6997597
6997596
6997595
6997594
6997593
6997592
6997591
6997590
6997589
6997588
6997587
6997586
6997585
6997584
6997583
6997582
6997581
6997580
6997579
6997578
6997577
6997576
6997575
6997574
6997573
6997572
6997571
6997570
6997569
6997568
6997567
6997566
6997565
6997564
6997563
6997562
6997561
6997560
6997559
6997558
6997557
6997556
6997555
6997554
6997553
6997552
6997551
6997550
6997549
6997548
6997547
6997546
6997545
6997544
6997543
6997542
6997541
6997540
6997539
6997538
6997537
6997536
6997535
6997534
6997533
6997532
6997531
6997530
6997529
6997528
6997527
6997526
6997525
6997524
6997523
6997522
6997521
6997520
6997519
6997518
6997517
6997516
6997515
6997514
6997513
6997512
6997511
6997510
6997509
6997508
6997507
6997506
6997505
6997504
6997503
6997502
6997501
6997500
6997499
6997498
6997497
6997496
6997495
6997494
6997493
6997492
6997491
6997490
6997489
6997488
6997487
6997486
6997485
6997484
6997483
6997482
6997481
6997480
6997479
6997478
6997477
6997476
6997475
6997474
6997473
6997472
6997471
6997470
6997469
6997468
6997467
6997466
6997465
6997464
6997463
6997462
6997461
6997460
6997459
6997458
6997457
6997456
6997455
6997454
6997453
6997452
6997451
6997450
6997449
6997448
6997447
6997446
6997445
6997444
6997443
6997442
6997441
6997440
6997439
6997438
6997437
6997436
6997435
6997434
6997433
6997432
6997431
6997430
6997429
6997428
6997427
6997426
6997425
6997424
6997423
6997422
6997421
6997420
6997419
6997418
6997417
6997416
6997415
6997414
6997413
6997412
6997411
6997410
6997409
6997408
6997407
6997406
6997405
6997404
6997403
6997402
6997401
6997400
6997399
6997398
6997397
6997396
6997395
6997394
6997393
6997392
6997391
6997390
6997389
6997388
6997387
6997386
6997385
6997384
6997383
6997382
6997381
6997380
6997379
6997378
6997377
6997376
6997375
6997374
6997373
6997372
6997371
6997370
6997369
6997368
6997367
6997366
6997365
6997364
6997363
6997362
6997361
6997360
6997359
6997358
6997357
6997356
6997355
6997354
6997353
6997352
6997351
6997350
6997349
6997348
6997347
6997346
6997345
6997344
6997343
6997342
6997341
6997340
6997339
6997338
6997337
6997336
6997335
6997334
6997333
6997332
6997331
6997330
6997329
6997328
6997327
6997326
6997325
6997324
6997323
6997322
6997321
6997320
6997319
6997318
6997317
6997316
6997315
6997314
6997313
6997312
6997311
6997310
6997309
6997308
6997307
6997306
6997305
6997304
6997303
6997302
6997301
6997300
6997299
6997298
6997297
6997296
6997295
6997294
6997293
6997292
6997291
6997290
6997289
6997288
6997287
6997286
6997285
6997284
6997283
6997282
6997281
6997280
6997279
6997278
6997277
6997276
6997275
6997274
6997273
6997272
6997271
6997270
6997269
6997268
6997267
6997266
6997265
6997264
6997263
6997262
6997261
6997260
6997259
6997258
6997257
6997256
6997255
6997254
6997253
6997252
6997251
6997250
6997249
6997248
6997247
6997246
6997245
6997244
6997243
6997242
6997241
6997240
6997239
6997238
6997237
6997236
6997235
6997234
6997233
6997232
6997231
6997230
6997229
6997228
6997227
6997226
6997225
6997224
6997223
6997222
6997221
6997220
6997219
6997218
6997217
6997216
6997215
6997214
6997213
6997212
6997211
6997210
6997209
6997208
6997207
6997206
6997205
6997204
6997203
6997202
6997201
6997200
6997199
6997198
6997197
6997196
6997195
6997194
6997193
6997192
6997191
6997190
6997189
6997188
6997187
6997186
6997185
6997184
6997183
6997182
6997181
6997180
6997179
6997178
6997177
6997176
6997175
6997174
6997173
6997172
6997171
6997170
6997169
6997168
6997167
6997166
6997165
6997164
6997163
6997162
6997161
6997160
6997159
6997158
6997157
6997156
6997155
6997154
6997153
6997152
6997151
6997150
6997149
6997148
6997147
6997146
6997145
6997144
6997143
6997142
6997141
6997140
6997139
6997138
6997137
6997136
6997135
6997134
6997133
6997132
6997131
6997130
6997129
6997128
6997127
6997126
6997125
6997124
6997123
6997122
6997121
6997120
6997119
6997118
6997117
6997116
6997115
6997114
6997113
6997112
6997111
6997110
6997109
6997108
6997107
6997106
6997105
6997104
6997103
6997102
6997101
6997100
6997099
6997098
6997097
6997096
6997095
6997094
6997093
6997092
6997091
6997090
6997089
6997088
6997087
6997086
6997085
6997084
6997083
6997082
6997081
6997080
6997079
6997078
6997077
6997076
6997075
6997074
6997073
6997072
6997071
6997070
6997069
6997068
6997067
6997066
6997065
6997064
6997063
6997062
6997061
6997060
6997059
6997058
6997057
6997056
6997055
6997054
6997053
6997052
6997051
6997050
6997049
6997048
6997047
6997046
6997045
6997044
6997043
6997042
6997041
6997040
6997039
6997038
6997037
6997036
6997035
6997034
6997033
6997032
6997031
6997030
6997029
6997028
6997027
6997026
6997025
6997024
6997023
6997022
6997021
6997020
6997019
6997018
6997017
6997016
6997015
6997014
6997013
6997012
6997011
6997010
6997009
6997008
6997007
6997006
6997005
6997004
6997003
6997002
6997001
6997000
6996999
6996998
6996997
6996996
6996995
6996994
6996993
6996992
6996991
6996990
6996989
6996988
6996987
6996986
6996985
6996984
6996983
6996982
6996981
6996980
6996979
6996978
6996977
6996976
6996975
6996974
6996973
6996972
6996971
6996970
6996969
6996968
6996967
6996966
6996965
6996964
6996963
6996962
6996961
6996960
6996959
6996958
6996957
6996956
6996955
6996954
6996953
6996952
6996951
6996950
6996949
6996948
6996947
6996946
6996945
6996944
6996943
6996942
6996941
6996940
6996939
6996938
6996937
6996936
6996935
6996934
6996933
6996932
6996931
6996930
6996929
6996928
6996927
6996926
6996925
6996924
6996923
6996922
6996921
6996920
6996919
6996918
6996917
6996916
6996915
6996914
6996913
6996912
6996911
6996910
6996909
6996908
6996907
6996906
6996905
6996904
6996903
6996902
6996901
6996900
6996899
6996898
6996897
6996896
6996895
6996894
6996893
6996892
6996891
6996890
6996889
6996888
6996887
6996886
6996885
6996884
6996883
6996882
6996881
6996880
6996879
6996878
6996877
6996876
6996875
6996874
6996873
6996872
6996871
6996870
6996869
6996868
6996867
6996866
6996865
6996864
6996863
6996862
6996861
6996860
6996859
6996858
6996857
6996856
6996855
6996854
6996853
6996852
6996851
6996850
6996849
6996848
6996847
6996846
6996845
6996844
6996843
6996842
6996841
6996840
6996839
6996838
6996837
6996836
6996835
6996834
6996833
6996832
6996831
6996830
6996829
6996828
6996827
6996826
6996825
6996824
6996823
6996822
6996821
6996820
6996819
6996818
6996817
6996816
6996815
6996814
6996813
6996812
6996811
6996810
6996809
6996808
6996807
6996806
6996805
6996804
6996803
6996802
6996801
6996800
6996799
6996798
6996797
6996796
6996795
6996794
6996793
6996792
6996791
6996790
6996789
6996788
6996787
6996786
6996785
6996784
6996783
6996782
6996781
6996780
6996779
6996778
6996777
6996776
6996775
6996774
6996773
6996772
6996771
6996770
6996769
6996768
6996767
6996766
6996765
6996764
6996763
6996762
6996761
6996760
6996759
6996758
6996757
6996756
6996755
6996754
6996753
6996752
6996751
6996750
6996749
6996748
6996747
6996746
6996745
6996744
6996743
6996742
6996741
6996740
6996739
6996738
6996737
6996736
6996735
6996734
6996733
6996732
6996731
6996730
6996729
6996728
6996727
6996726
6996725
6996724
6996723
6996722
6996721
6996720
6996719
6996718
6996717
6996716
6996715
6996714
6996713
6996712
6996711
6996710
6996709
6996708
6996707
6996706
6996705
6996704
6996703
6996702
6996701
6996700
6996699
6996698
6996697
6996696
6996695
6996694
6996693
6996692
6996691
6996690
6996689
6996688
6996687
6996686
6996685
6996684
6996683
6996682
6996681
6996680
6996679
6996678
6996677
6996676
6996675
6996674
6996673
6996672
6996671
6996670
6996669
6996668
6996667
6996666
6996665
6996664
6996663
6996662
6996661
6996660
6996659
6996658
6996657
6996656
6996655
6996654
6996653
6996652
6996651
6996650
6996649
6996648
6996647
6996646
6996645
6996644
6996643
6996642
6996641
6996640
6996639
6996638
6996637
6996636
6996635
6996634
6996633
6996632
6996631
6996630
6996629
6996628
6996627
6996626
6996625
6996624
6996623
6996622
6996621
6996620
6996619
6996618
6996617
6996616
6996615
6996614
6996613
6996612
6996611
6996610
6996609
6996608
6996607
6996606
6996605
6996604
6996603
6996602
6996601
6996600
6996599
6996598
6996597
6996596
6996595
6996594
6996593
6996592
6996591
6996590
6996589
6996588
6996587
6996586
6996585
6996584
6996583
6996582
6996581
6996580
6996579
6996578
6996577
6996576
6996575
6996574
6996573
6996572
6996571
6996570
6996569
6996568
6996567
6996566
6996565
6996564
6996563
6996562
6996561
6996560
6996559
6996558
6996557
6996556
6996555
6996554
6996553
6996552
6996551
6996550
6996549
6996548
6996547
6996546
6996545
6996544
6996543
6996542
6996541
6996540
6996539
6996538
6996537
6996536
6996535
6996534
6996533
6996532
6996531
6996530
6996529
6996528
6996527
6996526
6996525
6996524
6996523
6996522
6996521
6996520
6996519
6996518
6996517
6996516
6996515
6996514
6996513
6996512
6996511
6996510
6996509
6996508
6996507
6996506
6996505
6996504
6996503
6996502
6996501
6996500
6996499
6996498
6996497
6996496
6996495
6996494
6996493
6996492
6996491
6996490
6996489
6996488
6996487
6996486
6996485
6996484
6996483
6996482
6996481
6996480
6996479
6996478
6996477
6996476
6996475
6996474
6996473
6996472
6996471
6996470
6996469
6996468
6996467
6996466
6996465
6996464
6996463
6996462
6996461
6996460
6996459
6996458
6996457
6996456
6996455
6996454
6996453
6996452
6996451
6996450
6996449
6996448
6996447
6996446
6996445
6996444
6996443
6996442
6996441
6996440
6996439
6996438
6996437
6996436
6996435
6996434
6996433
6996432
6996431
6996430
6996429
6996428
6996427
6996426
6996425
6996424
6996423
6996422
6996421
6996420
6996419
6996418
6996417
6996416
6996415
6996414
6996413
6996412
6996411
6996410
6996409
6996408
6996407
6996406
6996405
6996404
6996403
6996402
6996401
6996400
6996399
6996398
6996397
6996396
6996395
6996394
6996393
6996392
6996391
6996390
6996389
6996388
6996387
6996386
6996385
6996384
6996383
6996382
6996381
6996380
6996379
6996378
6996377
6996376
6996375
6996374
6996373
6996372
6996371
6996370
6996369
6996368
6996367
6996366
6996365
6996364
6996363
6996362
6996361
6996360
6996359
6996358
6996357
6996356
6996355
6996354
6996353
6996352
6996351
6996350
6996349
6996348
6996347
6996346
6996345
6996344
6996343
6996342
6996341
6996340
6996339
6996338
6996337
6996336
6996335
6996334
6996333
6996332
6996331
6996330
6996329
6996328
6996327
6996326
6996325
6996324
6996323
6996322
6996321
6996320
6996319
6996318
6996317
6996316
6996315
6996314
6996313
6996312
6996311
6996310
6996309
6996308
6996307
6996306
6996305
6996304
6996303
6996302
6996301
6996300
6996299
6996298
6996297
6996296
6996295
6996294
6996293
6996292
6996291
6996290
6996289
6996288
6996287
6996286
6996285
6996284
6996283
6996282
6996281
6996280
6996279
6996278
6996277
6996276
6996275
6996274
6996273
6996272
6996271
6996270
6996269
6996268
6996267
6996266
6996265
6996264
6996263
6996262
6996261
6996260
6996259
6996258
6996257
6996256
6996255
6996254
6996253
6996252
6996251
6996250
6996249
6996248
6996247
6996246
6996245
6996244
6996243
6996242
6996241
6996240
6996239
6996238
6996237
6996236
6996235
6996234
6996233
6996232
6996231
6996230
6996229
6996228
6996227
6996226
6996225
6996224
6996223
6996222
6996221
6996220
6996219
6996218
6996217
6996216
6996215
6996214
6996213
6996212
6996211
6996210
6996209
6996208
6996207
6996206
6996205
6996204
6996203
6996202
6996201
6996200
6996199
6996198
6996197
6996196
6996195
6996194
6996193
6996192
6996191
6996190
6996189
6996188
6996187
6996186
6996185
6996184
6996183
6996182
6996181
6996180
6996179
6996178
6996177
6996176
6996175
6996174
6996173
6996172
6996171
6996170
6996169
6996168
6996167
6996166
6996165
6996164
6996163
6996162
6996161
6996160
6996159
6996158
6996157
6996156
6996155
6996154
6996153
6996152
6996151
6996150
6996149
6996148
6996147
6996146
6996145
6996144
6996143
6996142
6996141
6996140
6996139
6996138
6996137
6996136
6996135
6996134
6996133
6996132
6996131
6996130
6996129
6996128
6996127
6996126
6996125
6996124
6996123
6996122
6996121
6996120
6996119
6996118
6996117
6996116
6996115
6996114
6996113
6996112
6996111
6996110
6996109
6996108
6996107
6996106
6996105
6996104
6996103
6996102
6996101
6996100
6996099
6996098
6996097
6996096
6996095
6996094
6996093
6996092
6996091
6996090
6996089
6996088
6996087
6996086
6996085
6996084
6996083
6996082
6996081
6996080
6996079
6996078
6996077
6996076
6996075
6996074
6996073
6996072
6996071
6996070
6996069
6996068
6996067
6996066
6996065
6996064
6996063
6996062
6996061
6996060
6996059
6996058
6996057
6996056
6996055
6996054
6996053
6996052
6996051
6996050
6996049
6996048
6996047
6996046
6996045
6996044
6996043
6996042
6996041
6996040
6996039
6996038
6996037
6996036
6996035
6996034
6996033
6996032
6996031
6996030
6996029
6996028
6996027
6996026
6996025
6996024
6996023
6996022
6996021
6996020
6996019
6996018
6996017
6996016
6996015
6996014
6996013
6996012
6996011
6996010
6996009
6996008
6996007
6996006
6996005
6996004
6996003
6996002
6996001
6996000
6995999
6995998
6995997
6995996
6995995
6995994
6995993
6995992
6995991
6995990
6995989
6995988
6995987
6995986
6995985
6995984
6995983
6995982
6995981
6995980
6995979
6995978
6995977
6995976
6995975
6995974
6995973
6995972
6995971
6995970
6995969
6995968
6995967
6995966
6995965
6995964
6995963
6995962
6995961
6995960
6995959
6995958
6995957
6995956
6995955
6995954
6995953
6995952
6995951
6995950
6995949
6995948
6995947
6995946
6995945
6995944
6995943
6995942
6995941
6995940
6995939
6995938
6995937
6995936
6995935
6995934
6995933
6995932
6995931
6995930
6995929
6995928
6995927
6995926
6995925
6995924
6995923
6995922
6995921
6995920
6995919
6995918
6995917
6995916
6995915
6995914
6995913
6995912
6995911
6995910
6995909
6995908
6995907
6995906
6995905
6995904
6995903
6995902
6995901
6995900
6995899
6995898
6995897
6995896
6995895
6995894
6995893
6995892
6995891
6995890
6995889
6995888
6995887
6995886
6995885
6995884
6995883
6995882
6995881
6995880
6995879
6995878
6995877
6995876
6995875
6995874
6995873
6995872
6995871
6995870
6995869
6995868
6995867
6995866
6995865
6995864
6995863
6995862
6995861
6995860
6995859
6995858
6995857
6995856
6995855
6995854
6995853
6995852
6995851
6995850
6995849
6995848
6995847
6995846
6995845
6995844
6995843
6995842
6995841
6995840
6995839
6995838
6995837
6995836
6995835
6995834
6995833
6995832
6995831
6995830
6995829
6995828
6995827
6995826
6995825
6995824
6995823
6995822
6995821
6995820
6995819
6995818
6995817
6995816
6995815
6995814
6995813
6995812
6995811
6995810
6995809
6995808
6995807
6995806
6995805
6995804
6995803
6995802
6995801
6995800
6995799
6995798
6995797
6995796
6995795
6995794
6995793
6995792
6995791
6995790
6995789
6995788
6995787
6995786
6995785
6995784
6995783
6995782
6995781
6995780
6995779
6995778
6995777
6995776
6995775
6995774
6995773
6995772
6995771
6995770
6995769
6995768
6995767
6995766
6995765
6995764
6995763
6995762
6995761
6995760
6995759
6995758
6995757
6995756
6995755
6995754
6995753
6995752
6995751
6995750
6995749
6995748
6995747
6995746
6995745
6995744
6995743
6995742
6995741
6995740
6995739
6995738
6995737
6995736
6995735
6995734
6995733
6995732
6995731
6995730
6995729
6995728
6995727
6995726
6995725
6995724
6995723
6995722
6995721
6995720
6995719
6995718
6995717
6995716
6995715
6995714
6995713
6995712
6995711
6995710
6995709
6995708
6995707
6995706
6995705
6995704
6995703
6995702
6995701
6995700
6995699
6995698
6995697
6995696
6995695
6995694
6995693
6995692
6995691
6995690
6995689
6995688
6995687
6995686
6995685
6995684
6995683
6995682
6995681
6995680
6995679
6995678
6995677
6995676
6995675
6995674
6995673
6995672
6995671
6995670
6995669
6995668
6995667
6995666
6995665
6995664
6995663
6995662
6995661
6995660
6995659
6995658
6995657
6995656
6995655
6995654
6995653
6995652
6995651
6995650
6995649
6995648
6995647
6995646
6995645
6995644
6995643
6995642
6995641
6995640
6995639
6995638
6995637
6995636
6995635
6995634
6995633
6995632
6995631
6995630
6995629
6995628
6995627
6995626
6995625
6995624
6995623
6995622
6995621
6995620
6995619
6995618
6995617
6995616
6995615
6995614
6995613
6995612
6995611
6995610
6995609
6995608
6995607
6995606
6995605
6995604
6995603
6995602
6995601
6995600
6995599
6995598
6995597
6995596
6995595
6995594
6995593
6995592
6995591
6995590
6995589
6995588
6995587
6995586
6995585
6995584
6995583
6995582
6995581
6995580
6995579
6995578
6995577
6995576
6995575
6995574
6995573
6995572
6995571
6995570
6995569
6995568
6995567
6995566
6995565
6995564
6995563
6995562
6995561
6995560
6995559
6995558
6995557
6995556
6995555
6995554
6995553
6995552
6995551
6995550
6995549
6995548
6995547
6995546
6995545
6995544
6995543
6995542
6995541
6995540
6995539
6995538
6995537
6995536
6995535
6995534
6995533
6995532
6995531
6995530
6995529
6995528
6995527
6995526
6995525
6995524
6995523
6995522
6995521
6995520
6995519
6995518
6995517
6995516
6995515
6995514
6995513
6995512
6995511
6995510
6995509
6995508
6995507
6995506
6995505
6995504
6995503
6995502
6995501
6995500
6995499
6995498
6995497
6995496
6995495
6995494
6995493
6995492
6995491
6995490
6995489
6995488
6995487
6995486
6995485
6995484
6995483
6995482
6995481
6995480
6995479
6995478
6995477
6995476
6995475
6995474
6995473
6995472
6995471
6995470
6995469
6995468
6995467
6995466
6995465
6995464
6995463
6995462
6995461
6995460
6995459
6995458
6995457
6995456
6995455
6995454
6995453
6995452
6995451
6995450
6995449
6995448
6995447
6995446
6995445
6995444
6995443
6995442
6995441
6995440
6995439
6995438
6995437
6995436
6995435
6995434
6995433
6995432
6995431
6995430
6995429
6995428
6995427
6995426
6995425
6995424
6995423
6995422
6995421
6995420
6995419
6995418
6995417
6995416
6995415
6995414
6995413
6995412
6995411
6995410
6995409
6995408
6995407
6995406
6995405
6995404
6995403
6995402
6995401
6995400
6995399
6995398
6995397
6995396
6995395
6995394
6995393
6995392
6995391
6995390
6995389
6995388
6995387
6995386
6995385
6995384
6995383
6995382
6995381
6995380
6995379
6995378
6995377
6995376
6995375
6995374
6995373
6995372
6995371
6995370
6995369
6995368
6995367
6995366
6995365
6995364
6995363
6995362
6995361
6995360
6995359
6995358
6995357
6995356
6995355
6995354
6995353
6995352
6995351
6995350
6995349
6995348
6995347
6995346
6995345
6995344
6995343
6995342
6995341
6995340
6995339
6995338
6995337
6995336
6995335
6995334
6995333
6995332
6995331
6995330
6995329
6995328
6995327
6995326
6995325
6995324
6995323
6995322
6995321
6995320
6995319
6995318
6995317
6995316
6995315
6995314
6995313
6995312
6995311
6995310
6995309
6995308
6995307
6995306
6995305
6995304
6995303
6995302
6995301
6995300
6995299
6995298
6995297
6995296
6995295
6995294
6995293
6995292
6995291
6995290
6995289
6995288
6995287
6995286
6995285
6995284
6995283
6995282
6995281
6995280
6995279
6995278
6995277
6995276
6995275
6995274
6995273
6995272
6995271
6995270
6995269
6995268
6995267
6995266
6995265
6995264
6995263
6995262
6995261
6995260
6995259
6995258
6995257
6995256
6995255
6995254
6995253
6995252
6995251
6995250
6995249
6995248
6995247
6995246
6995245
6995244
6995243
6995242
6995241
6995240
6995239
6995238
6995237
6995236
6995235
6995234
6995233
6995232
6995231
6995230
6995229
6995228
6995227
6995226
6995225
6995224
6995223
6995222
6995221
6995220
6995219
6995218
6995217
6995216
6995215
6995214
6995213
6995212
6995211
6995210
6995209
6995208
6995207
6995206
6995205
6995204
6995203
6995202
6995201
6995200
6995199
6995198
6995197
6995196
6995195
6995194
6995193
6995192
6995191
6995190
6995189
6995188
6995187
6995186
6995185
6995184
6995183
6995182
6995181
6995180
6995179
6995178
6995177
6995176
6995175
6995174
6995173
6995172
6995171
6995170
6995169
6995168
6995167
6995166
6995165
6995164
6995163
6995162
6995161
6995160
6995159
6995158
6995157
6995156
6995155
6995154
6995153
6995152
6995151
6995150
6995149
6995148
6995147
6995146
6995145
6995144
6995143
6995142
6995141
6995140
6995139
6995138
6995137
6995136
6995135
6995134
6995133
6995132
6995131
6995130
6995129
6995128
6995127
6995126
6995125
6995124
6995123
6995122
6995121
6995120
6995119
6995118
6995117
6995116
6995115
6995114
6995113
6995112
6995111
6995110
6995109
6995108
6995107
6995106
6995105
6995104
6995103
6995102
6995101
6995100
6995099
6995098
6995097
6995096
6995095
6995094
6995093
6995092
6995091
6995090
6995089
6995088
6995087
6995086
6995085
6995084
6995083
6995082
6995081
6995080
6995079
6995078
6995077
6995076
6995075
6995074
6995073
6995072
6995071
6995070
6995069
6995068
6995067
6995066
6995065
6995064
6995063
6995062
6995061
6995060
6995059
6995058
6995057
6995056
6995055
6995054
6995053
6995052
6995051
6995050
6995049
6995048
6995047
6995046
6995045
6995044
6995043
6995042
6995041
6995040
6995039
6995038
6995037
6995036
6995035
6995034
6995033
6995032
6995031
6995030
6995029
6995028
6995027
6995026
6995025
6995024
6995023
6995022
6995021
6995020
6995019
6995018
6995017
6995016
6995015
6995014
6995013
6995012
6995011
6995010
6995009
6995008
6995007
6995006
6995005
6995004
6995003
6995002
6995001
6995000
6994999
6994998
6994997
6994996
6994995
6994994
6994993
6994992
6994991
6994990
6994989
6994988
6994987
6994986
6994985
6994984
6994983
6994982
6994981
6994980
6994979
6994978
6994977
6994976
6994975
6994974
6994973
6994972
6994971
6994970
6994969
6994968
6994967
6994966
6994965
6994964
6994963
6994962
6994961
6994960
6994959
6994958
6994957
6994956
6994955
6994954
6994953
6994952
6994951
6994950
6994949
6994948
6994947
6994946
6994945
6994944
6994943
6994942
6994941
6994940
6994939
6994938
6994937
6994936
6994935
6994934
6994933
6994932
6994931
6994930
6994929
6994928
6994927
6994926
6994925
6994924
6994923
6994922
6994921
6994920
6994919
6994918
6994917
6994916
6994915
6994914
6994913
6994912
6994911
6994910
6994909
6994908
6994907
6994906
6994905
6994904
6994903
6994902
6994901
6994900
6994899
6994898
6994897
6994896
6994895
6994894
6994893
6994892
6994891
6994890
6994889
6994888
6994887
6994886
6994885
6994884
6994883
6994882
6994881
6994880
6994879
6994878
6994877
6994876
6994875
6994874
6994873
6994872
6994871
6994870
6994869
6994868
6994867
6994866
6994865
6994864
6994863
6994862
6994861
6994860
6994859
6994858
6994857
6994856
6994855
6994854
6994853
6994852
6994851
6994850
6994849
6994848
6994847
6994846
6994845
6994844
6994843
6994842
6994841
6994840
6994839
6994838
6994837
6994836
6994835
6994834
6994833
6994832
6994831
6994830
6994829
6994828
6994827
6994826
6994825
6994824
6994823
6994822
6994821
6994820
6994819
6994818
6994817
6994816
6994815
6994814
6994813
6994812
6994811
6994810
6994809
6994808
6994807
6994806
6994805
6994804
6994803
6994802
6994801
6994800
6994799
6994798
6994797
6994796
6994795
6994794
6994793
6994792
6994791
6994790
6994789
6994788
6994787
6994786
6994785
6994784
6994783
6994782
6994781
6994780
6994779
6994778
6994777
6994776
6994775
6994774
6994773
6994772
6994771
6994770
6994769
6994768
6994767
6994766
6994765
6994764
6994763
6994762
6994761
6994760
6994759
6994758
6994757
6994756
6994755
6994754
6994753
6994752
6994751
6994750
6994749
6994748
6994747
6994746
6994745
6994744
6994743
6994742
6994741
6994740
6994739
6994738
6994737
6994736
6994735
6994734
6994733
6994732
6994731
6994730
6994729
6994728
6994727
6994726
6994725
6994724
6994723
6994722
6994721
6994720
6994719
6994718
6994717
6994716
6994715
6994714
6994713
6994712
6994711
6994710
6994709
6994708
6994707
6994706
6994705
6994704
6994703
6994702
6994701
6994700
6994699
6994698
6994697
6994696
6994695
6994694
6994693
6994692
6994691
6994690
6994689
6994688
6994687
6994686
6994685
6994684
6994683
6994682
6994681
6994680
6994679
6994678
6994677
6994676
6994675
6994674
6994673
6994672
6994671
6994670
6994669
6994668
6994667
6994666
6994665
6994664
6994663
6994662
6994661
6994660
6994659
6994658
6994657
6994656
6994655
6994654
6994653
6994652
6994651
6994650
6994649
6994648
6994647
6994646
6994645
6994644
6994643
6994642
6994641
6994640
6994639
6994638
6994637
6994636
6994635
6994634
6994633
6994632
6994631
6994630
6994629
6994628
6994627
6994626
6994625
6994624
6994623
6994622
6994621
6994620
6994619
6994618
6994617
6994616
6994615
6994614
6994613
6994612
6994611
6994610
6994609
6994608
6994607
6994606
6994605
6994604
6994603
6994602
6994601
6994600
6994599
6994598
6994597
6994596
6994595
6994594
6994593
6994592
6994591
6994590
6994589
6994588
6994587
6994586
6994585
6994584
6994583
6994582
6994581
6994580
6994579
6994578
6994577
6994576
6994575
6994574
6994573
6994572
6994571
6994570
6994569
6994568
6994567
6994566
6994565
6994564
6994563
6994562
6994561
6994560
6994559
6994558
6994557
6994556
6994555
6994554
6994553
6994552
6994551
6994550
6994549
6994548
6994547
6994546
6994545
6994544
6994543
6994542
6994541
6994540
6994539
6994538
6994537
6994536
6994535
6994534
6994533
6994532
6994531
6994530
6994529
6994528
6994527
6994526
6994525
6994524
6994523
6994522
6994521
6994520
6994519
6994518
6994517
6994516
6994515
6994514
6994513
6994512
6994511
6994510
6994509
6994508
6994507
6994506
6994505
6994504
6994503
6994502
6994501
6994500
6994499
6994498
6994497
6994496
6994495
6994494
6994493
6994492
6994491
6994490
6994489
6994488
6994487
6994486
6994485
6994484
6994483
6994482
6994481
6994480
6994479
6994478
6994477
6994476
6994475
6994474
6994473
6994472
6994471
6994470
6994469
6994468
6994467
6994466
6994465
6994464
6994463
6994462
6994461
6994460
6994459
6994458
6994457
6994456
6994455
6994454
6994453
6994452
6994451
6994450
6994449
6994448
6994447
6994446
6994445
6994444
6994443
6994442
6994441
6994440
6994439
6994438
6994437
6994436
6994435
6994434
6994433
6994432
6994431
6994430
6994429
6994428
6994427
6994426
6994425
6994424
6994423
6994422
6994421
6994420
6994419
6994418
6994417
6994416
6994415
6994414
6994413
6994412
6994411
6994410
6994409
6994408
6994407
6994406
6994405
6994404
6994403
6994402
6994401
6994400
6994399
6994398
6994397
6994396
6994395
6994394
6994393
6994392
6994391
6994390
6994389
6994388
6994387
6994386
6994385
6994384
6994383
6994382
6994381
6994380
6994379
6994378
6994377
6994376
6994375
6994374
6994373
6994372
6994371
6994370
6994369
6994368
6994367
6994366
6994365
6994364
6994363
6994362
6994361
6994360
6994359
6994358
6994357
6994356
6994355
6994354
6994353
6994352
6994351
6994350
6994349
6994348
6994347
6994346
6994345
6994344
6994343
6994342
6994341
6994340
6994339
6994338
6994337
6994336
6994335
6994334
6994333
6994332
6994331
6994330
6994329
6994328
6994327
6994326
6994325
6994324
6994323
6994322
6994321
6994320
6994319
6994318
6994317
6994316
6994315
6994314
6994313
6994312
6994311
6994310
6994309
6994308
6994307
6994306
6994305
6994304
6994303
6994302
6994301
6994300
6994299
6994298
6994297
6994296
6994295
6994294
6994293
6994292
6994291
6994290
6994289
6994288
6994287
6994286
6994285
6994284
6994283
6994282
6994281
6994280
6994279
6994278
6994277
6994276
6994275
6994274
6994273
6994272
6994271
6994270
6994269
6994268
6994267
6994266
6994265
6994264
6994263
6994262
6994261
6994260
6994259
6994258
6994257
6994256
6994255
6994254
6994253
6994252
6994251
6994250
6994249
6994248
6994247
6994246
6994245
6994244
6994243
6994242
6994241
6994240
6994239
6994238
6994237
6994236
6994235
6994234
6994233
6994232
6994231
6994230
6994229
6994228
6994227
6994226
6994225
6994224
6994223
6994222
6994221
6994220
6994219
6994218
6994217
6994216
6994215
6994214
6994213
6994212
6994211
6994210
6994209
6994208
6994207
6994206
6994205
6994204
6994203
6994202
6994201
6994200
6994199
6994198
6994197
6994196
6994195
6994194
6994193
6994192
6994191
6994190
6994189
6994188
6994187
6994186
6994185
6994184
6994183
6994182
6994181
6994180
6994179
6994178
6994177
6994176
6994175
6994174
6994173
6994172
6994171
6994170
6994169
6994168
6994167
6994166
6994165
6994164
6994163
6994162
6994161
6994160
6994159
6994158
6994157
6994156
6994155
6994154
6994153
6994152
6994151
6994150
6994149
6994148
6994147
6994146
6994145
6994144
6994143
6994142
6994141
6994140
6994139
6994138
6994137
6994136
6994135
6994134
6994133
6994132
6994131
6994130
6994129
6994128
6994127
6994126
6994125
6994124
6994123
6994122
6994121
6994120
6994119
6994118
6994117
6994116
6994115
6994114
6994113
6994112
6994111
6994110
6994109
6994108
6994107
6994106
6994105
6994104
6994103
6994102
6994101
6994100
6994099
6994098
6994097
6994096
6994095
6994094
6994093
6994092
6994091
6994090
6994089
6994088
6994087
6994086
6994085
6994084
6994083
6994082
6994081
6994080
6994079
6994078
6994077
6994076
6994075
6994074
6994073
6994072
6994071
6994070
6994069
6994068
6994067
6994066
6994065
6994064
6994063
6994062
6994061
6994060
6994059
6994058
6994057
6994056
6994055
6994054
6994053
6994052
6994051
6994050
6994049
6994048
6994047
6994046
6994045
6994044
6994043
6994042
6994041
6994040
6994039
6994038
6994037
6994036
6994035
6994034
6994033
6994032
6994031
6994030
6994029
6994028
6994027
6994026
6994025
6994024
6994023
6994022
6994021
6994020
6994019
6994018
6994017
6994016
6994015
6994014
6994013
6994012
6994011
6994010
6994009
6994008
6994007
6994006
6994005
6994004
6994003
6994002
6994001
6994000
6993999
6993998
6993997
6993996
6993995
6993994
6993993
6993992
6993991
6993990
6993989
6993988
6993987
6993986
6993985
6993984
6993983
6993982
6993981
6993980
6993979
6993978
6993977
6993976
6993975
6993974
6993973
6993972
6993971
6993970
6993969
6993968
6993967
6993966
6993965
6993964
6993963
6993962
6993961
6993960
6993959
6993958
6993957
6993956
6993955
6993954
6993953
6993952
6993951
6993950
6993949
6993948
6993947
6993946
6993945
6993944
6993943
6993942
6993941
6993940
6993939
6993938
6993937
6993936
6993935
6993934
6993933
6993932
6993931
6993930
6993929
6993928
6993927
6993926
6993925
6993924
6993923
6993922
6993921
6993920
6993919
6993918
6993917
6993916
6993915
6993914
6993913
6993912
6993911
6993910
6993909
6993908
6993907
6993906
6993905
6993904
6993903
6993902
6993901
6993900
6993899
6993898
6993897
6993896
6993895
6993894
6993893
6993892
6993891
6993890
6993889
6993888
6993887
6993886
6993885
6993884
6993883
6993882
6993881
6993880
6993879
6993878
6993877
6993876
6993875
6993874
6993873
6993872
6993871
6993870
6993869
6993868
6993867
6993866
6993865
6993864
6993863
6993862
6993861
6993860
6993859
6993858
6993857
6993856
6993855
6993854
6993853
6993852
6993851
6993850
6993849
6993848
6993847
6993846
6993845
6993844
6993843
6993842
6993841
6993840
6993839
6993838
6993837
6993836
6993835
6993834
6993833
6993832
6993831
6993830
6993829
6993828
6993827
6993826
6993825
6993824
6993823
6993822
6993821
6993820
6993819
6993818
6993817
6993816
6993815
6993814
6993813
6993812
6993811
6993810
6993809
6993808
6993807
6993806
6993805
6993804
6993803
6993802
6993801
6993800
6993799
6993798
6993797
6993796
6993795
6993794
6993793
6993792
6993791
6993790
6993789
6993788
6993787
6993786
6993785
6993784
6993783
6993782
6993781
6993780
6993779
6993778
6993777
6993776
6993775
6993774
6993773
6993772
6993771
6993770
6993769
6993768
6993767
6993766
6993765
6993764
6993763
6993762
6993761
6993760
6993759
6993758
6993757
6993756
6993755
6993754
6993753
6993752
6993751
6993750
6993749
6993748
6993747
6993746
6993745
6993744
6993743
6993742
6993741
6993740
6993739
6993738
6993737
6993736
6993735
6993734
6993733
6993732
6993731
6993730
6993729
6993728
6993727
6993726
6993725
6993724
6993723
6993722
6993721
6993720
6993719
6993718
6993717
6993716
6993715
6993714
6993713
6993712
6993711
6993710
6993709
6993708
6993707
6993706
6993705
6993704
6993703
6993702
6993701
6993700
6993699
6993698
6993697
6993696
6993695
6993694
6993693
6993692
6993691
6993690
6993689
6993688
6993687
6993686
6993685
6993684
6993683
6993682
6993681
6993680
6993679
6993678
6993677
6993676
6993675
6993674
6993673
6993672
6993671
6993670
6993669
6993668
6993667
6993666
6993665
6993664
6993663
6993662
6993661
6993660
6993659
6993658
6993657
6993656
6993655
6993654
6993653
6993652
6993651
6993650
6993649
6993648
6993647
6993646
6993645
6993644
6993643
6993642
6993641
6993640
6993639
6993638
6993637
6993636
6993635
6993634
6993633
6993632
6993631
6993630
6993629
6993628
6993627
6993626
6993625
6993624
6993623
6993622
6993621
6993620
6993619
6993618
6993617
6993616
6993615
6993614
6993613
6993612
6993611
6993610
6993609
6993608
6993607
6993606
6993605
6993604
6993603
6993602
6993601
6993600
6993599
6993598
6993597
6993596
6993595
6993594
6993593
6993592
6993591
6993590
6993589
6993588
6993587
6993586
6993585
6993584
6993583
6993582
6993581
6993580
6993579
6993578
6993577
6993576
6993575
6993574
6993573
6993572
6993571
6993570
6993569
6993568
6993567
6993566
6993565
6993564
6993563
6993562
6993561
6993560
6993559
6993558
6993557
6993556
6993555
6993554
6993553
6993552
6993551
6993550
6993549
6993548
6993547
6993546
6993545
6993544
6993543
6993542
6993541
6993540
6993539
6993538
6993537
6993536
6993535
6993534
6993533
6993532
6993531
6993530
6993529
6993528
6993527
6993526
6993525
6993524
6993523
6993522
6993521
6993520
6993519
6993518
6993517
6993516
6993515
6993514
6993513
6993512
6993511
6993510
6993509
6993508
6993507
6993506
6993505
6993504
6993503
6993502
6993501
6993500
6993499
6993498
6993497
6993496
6993495
6993494
6993493
6993492
6993491
6993490
6993489
6993488
6993487
6993486
6993485
6993484
6993483
6993482
6993481
6993480
6993479
6993478
6993477
6993476
6993475
6993474
6993473
6993472
6993471
6993470
6993469
6993468
6993467
6993466
6993465
6993464
6993463
6993462
6993461
6993460
6993459
6993458
6993457
6993456
6993455
6993454
6993453
6993452
6993451
6993450
6993449
6993448
6993447
6993446
6993445
6993444
6993443
6993442
6993441
6993440
6993439
6993438
6993437
6993436
6993435
6993434
6993433
6993432
6993431
6993430
6993429
6993428
6993427
6993426
6993425
6993424
6993423
6993422
6993421
6993420
6993419
6993418
6993417
6993416
6993415
6993414
6993413
6993412
6993411
6993410
6993409
6993408
6993407
6993406
6993405
6993404
6993403
6993402
6993401
6993400
6993399
6993398
6993397
6993396
6993395
6993394
6993393
6993392
6993391
6993390
6993389
6993388
6993387
6993386
6993385
6993384
6993383
6993382
6993381
6993380
6993379
6993378
6993377
6993376
6993375
6993374
6993373
6993372
6993371
6993370
6993369
6993368
6993367
6993366
6993365
6993364
6993363
6993362
6993361
6993360
6993359
6993358
6993357
6993356
6993355
6993354
6993353
6993352
6993351
6993350
6993349
6993348
6993347
6993346
6993345
6993344
6993343
6993342
6993341
6993340
6993339
6993338
6993337
6993336
6993335
6993334
6993333
6993332
6993331
6993330
6993329
6993328
6993327
6993326
6993325
6993324
6993323
6993322
6993321
6993320
6993319
6993318
6993317
6993316
6993315
6993314
6993313
6993312
6993311
6993310
6993309
6993308
6993307
6993306
6993305
6993304
6993303
6993302
6993301
6993300
6993299
6993298
6993297
6993296
6993295
6993294
6993293
6993292
6993291
6993290
6993289
6993288
6993287
6993286
6993285
6993284
6993283
6993282
6993281
6993280
6993279
6993278
6993277
6993276
6993275
6993274
6993273
6993272
6993271
6993270
6993269
6993268
6993267
6993266
6993265
6993264
6993263
6993262
6993261
6993260
6993259
6993258
6993257
6993256
6993255
6993254
6993253
6993252
6993251
6993250
6993249
6993248
6993247
6993246
6993245
6993244
6993243
6993242
6993241
6993240
6993239
6993238
6993237
6993236
6993235
6993234
6993233
6993232
6993231
6993230
6993229
6993228
6993227
6993226
6993225
6993224
6993223
6993222
6993221
6993220
6993219
6993218
6993217
6993216
6993215
6993214
6993213
6993212
6993211
6993210
6993209
6993208
6993207
6993206
6993205
6993204
6993203
6993202
6993201
6993200
6993199
6993198
6993197
6993196
6993195
6993194
6993193
6993192
6993191
6993190
6993189
6993188
6993187
6993186
6993185
6993184
6993183
6993182
6993181
6993180
6993179
6993178
6993177
6993176
6993175
6993174
6993173
6993172
6993171
6993170
6993169
6993168
6993167
6993166
6993165
6993164
6993163
6993162
6993161
6993160
6993159
6993158
6993157
6993156
6993155
6993154
6993153
6993152
6993151
6993150
6993149
6993148
6993147
6993146
6993145
6993144
6993143
6993142
6993141
6993140
6993139
6993138
6993137
6993136
6993135
6993134
6993133
6993132
6993131
6993130
6993129
6993128
6993127
6993126
6993125
6993124
6993123
6993122
6993121
6993120
6993119
6993118
6993117
6993116
6993115
6993114
6993113
6993112
6993111
6993110
6993109
6993108
6993107
6993106
6993105
6993104
6993103
6993102
6993101
6993100
6993099
6993098
6993097
6993096
6993095
6993094
6993093
6993092
6993091
6993090
6993089
6993088
6993087
6993086
6993085
6993084
6993083
6993082
6993081
6993080
6993079
6993078
6993077
6993076
6993075
6993074
6993073
6993072
6993071
6993070
6993069
6993068
6993067
6993066
6993065
6993064
6993063
6993062
6993061
6993060
6993059
6993058
6993057
6993056
6993055
6993054
6993053
6993052
6993051
6993050
6993049
6993048
6993047
6993046
6993045
6993044
6993043
6993042
6993041
6993040
6993039
6993038
6993037
6993036
6993035
6993034
6993033
6993032
6993031
6993030
6993029
6993028
6993027
6993026
6993025
6993024
6993023
6993022
6993021
6993020
6993019
6993018
6993017
6993016
6993015
6993014
6993013
6993012
6993011
6993010
6993009
6993008
6993007
6993006
6993005
6993004
6993003
6993002
6993001
6993000
6992999
6992998
6992997
6992996
6992995
6992994
6992993
6992992
6992991
6992990
6992989
6992988
6992987
6992986
6992985
6992984
6992983
6992982
6992981
6992980
6992979
6992978
6992977
6992976
6992975
6992974
6992973
6992972
6992971
6992970
6992969
6992968
6992967
6992966
6992965
6992964
6992963
6992962
6992961
6992960
6992959
6992958
6992957
6992956
6992955
6992954
6992953
6992952
6992951
6992950
6992949
6992948
6992947
6992946
6992945
6992944
6992943
6992942
6992941
6992940
6992939
6992938
6992937
6992936
6992935
6992934
6992933
6992932
6992931
6992930
6992929
6992928
6992927
6992926
6992925
6992924
6992923
6992922
6992921
6992920
6992919
6992918
6992917
6992916
6992915
6992914
6992913
6992912
6992911
6992910
6992909
6992908
6992907
6992906
6992905
6992904
6992903
6992902
6992901
6992900
6992899
6992898
6992897
6992896
6992895
6992894
6992893
6992892
6992891
6992890
6992889
6992888
6992887
6992886
6992885
6992884
6992883
6992882
6992881
6992880
6992879
6992878
6992877
6992876
6992875
6992874
6992873
6992872
6992871
6992870
6992869
6992868
6992867
6992866
6992865
6992864
6992863
6992862
6992861
6992860
6992859
6992858
6992857
6992856
6992855
6992854
6992853
6992852
6992851
6992850
6992849
6992848
6992847
6992846
6992845
6992844
6992843
6992842
6992841
6992840
6992839
6992838
6992837
6992836
6992835
6992834
6992833
6992832
6992831
6992830
6992829
6992828
6992827
6992826
6992825
6992824
6992823
6992822
6992821
6992820
6992819
6992818
6992817
6992816
6992815
6992814
6992813
6992812
6992811
6992810
6992809
6992808
6992807
6992806
6992805
6992804
6992803
6992802
6992801
6992800
6992799
6992798
6992797
6992796
6992795
6992794
6992793
6992792
6992791
6992790
6992789
6992788
6992787
6992786
6992785
6992784
6992783
6992782
6992781
6992780
6992779
6992778
6992777
6992776
6992775
6992774
6992773
6992772
6992771
6992770
6992769
6992768
6992767
6992766
6992765
6992764
6992763
6992762
6992761
6992760
6992759
6992758
6992757
6992756
6992755
6992754
6992753
6992752
6992751
6992750
6992749
6992748
6992747
6992746
6992745
6992744
6992743
6992742
6992741
6992740
6992739
6992738
6992737
6992736
6992735
6992734
6992733
6992732
6992731
6992730
6992729
6992728
6992727
6992726
6992725
6992724
6992723
6992722
6992721
6992720
6992719
6992718
6992717
6992716
6992715
6992714
6992713
6992712
6992711
6992710
6992709
6992708
6992707
6992706
6992705
6992704
6992703
6992702
6992701
6992700
6992699
6992698
6992697
6992696
6992695
6992694
6992693
6992692
6992691
6992690
6992689
6992688
6992687
6992686
6992685
6992684
6992683
6992682
6992681
6992680
6992679
6992678
6992677
6992676
6992675
6992674
6992673
6992672
6992671
6992670
6992669
6992668
6992667
6992666
6992665
6992664
6992663
6992662
6992661
6992660
6992659
6992658
6992657
6992656
6992655
6992654
6992653
6992652
6992651
6992650
6992649
6992648
6992647
6992646
6992645
6992644
6992643
6992642
6992641
6992640
6992639
6992638
6992637
6992636
6992635
6992634
6992633
6992632
6992631
6992630
6992629
6992628
6992627
6992626
6992625
6992624
6992623
6992622
6992621
6992620
6992619
6992618
6992617
6992616
6992615
6992614
6992613
6992612
6992611
6992610
6992609
6992608
6992607
6992606
6992605
6992604
6992603
6992602
6992601
6992600
6992599
6992598
6992597
6992596
6992595
6992594
6992593
6992592
6992591
6992590
6992589
6992588
6992587
6992586
6992585
6992584
6992583
6992582
6992581
6992580
6992579
6992578
6992577
6992576
6992575
6992574
6992573
6992572
6992571
6992570
6992569
6992568
6992567
6992566
6992565
6992564
6992563
6992562
6992561
6992560
6992559
6992558
6992557
6992556
6992555
6992554
6992553
6992552
6992551
6992550
6992549
6992548
6992547
6992546
6992545
6992544
6992543
6992542
6992541
6992540
6992539
6992538
6992537
6992536
6992535
6992534
6992533
6992532
6992531
6992530
6992529
6992528
6992527
6992526
6992525
6992524
6992523
6992522
6992521
6992520
6992519
6992518
6992517
6992516
6992515
6992514
6992513
6992512
6992511
6992510
6992509
6992508
6992507
6992506
6992505
6992504
6992503
6992502
6992501
6992500
6992499
6992498
6992497
6992496
6992495
6992494
6992493
6992492
6992491
6992490
6992489
6992488
6992487
6992486
6992485
6992484
6992483
6992482
6992481
6992480
6992479
6992478
6992477
6992476
6992475
6992474
6992473
6992472
6992471
6992470
6992469
6992468
6992467
6992466
6992465
6992464
6992463
6992462
6992461
6992460
6992459
6992458
6992457
6992456
6992455
6992454
6992453
6992452
6992451
6992450
6992449
6992448
6992447
6992446
6992445
6992444
6992443
6992442
6992441
6992440
6992439
6992438
6992437
6992436
6992435
6992434
6992433
6992432
6992431
6992430
6992429
6992428
6992427
6992426
6992425
6992424
6992423
6992422
6992421
6992420
6992419
6992418
6992417
6992416
6992415
6992414
6992413
6992412
6992411
6992410
6992409
6992408
6992407
6992406
6992405
6992404
6992403
6992402
6992401
6992400
6992399
6992398
6992397
6992396
6992395
6992394
6992393
6992392
6992391
6992390
6992389
6992388
6992387
6992386
6992385
6992384
6992383
6992382
6992381
6992380
6992379
6992378
6992377
6992376
6992375
6992374
6992373
6992372
6992371
6992370
6992369
6992368
6992367
6992366
6992365
6992364
6992363
6992362
6992361
6992360
6992359
6992358
6992357
6992356
6992355
6992354
6992353
6992352
6992351
6992350
6992349
6992348
6992347
6992346
6992345
6992344
6992343
6992342
6992341
6992340
6992339
6992338
6992337
6992336
6992335
6992334
6992333
6992332
6992331
6992330
6992329
6992328
6992327
6992326
6992325
6992324
6992323
6992322
6992321
6992320
6992319
6992318
6992317
6992316
6992315
6992314
6992313
6992312
6992311
6992310
6992309
6992308
6992307
6992306
6992305
6992304
6992303
6992302
6992301
6992300
6992299
6992298
6992297
6992296
6992295
6992294
6992293
6992292
6992291
6992290
6992289
6992288
6992287
6992286
6992285
6992284
6992283
6992282
6992281
6992280
6992279
6992278
6992277
6992276
6992275
6992274
6992273
6992272
6992271
6992270
6992269
6992268
6992267
6992266
6992265
6992264
6992263
6992262
6992261
6992260
6992259
6992258
6992257
6992256
6992255
6992254
6992253
6992252
6992251
6992250
6992249
6992248
6992247
6992246
6992245
6992244
6992243
6992242
6992241
6992240
6992239
6992238
6992237
6992236
6992235
6992234
6992233
6992232
6992231
6992230
6992229
6992228
6992227
6992226
6992225
6992224
6992223
6992222
6992221
6992220
6992219
6992218
6992217
6992216
6992215
6992214
6992213
6992212
6992211
6992210
6992209
6992208
6992207
6992206
6992205
6992204
6992203
6992202
6992201
6992200
6992199
6992198
6992197
6992196
6992195
6992194
6992193
6992192
6992191
6992190
6992189
6992188
6992187
6992186
6992185
6992184
6992183
6992182
6992181
6992180
6992179
6992178
6992177
6992176
6992175
6992174
6992173
6992172
6992171
6992170
6992169
6992168
6992167
6992166
6992165
6992164
6992163
6992162
6992161
6992160
6992159
6992158
6992157
6992156
6992155
6992154
6992153
6992152
6992151
6992150
6992149
6992148
6992147
6992146
6992145
6992144
6992143
6992142
6992141
6992140
6992139
6992138
6992137
6992136
6992135
6992134
6992133
6992132
6992131
6992130
6992129
6992128
6992127
6992126
6992125
6992124
6992123
6992122
6992121
6992120
6992119
6992118
6992117
6992116
6992115
6992114
6992113
6992112
6992111
6992110
6992109
6992108
6992107
6992106
6992105
6992104
6992103
6992102
6992101
6992100
6992099
6992098
6992097
6992096
6992095
6992094
6992093
6992092
6992091
6992090
6992089
6992088
6992087
6992086
6992085
6992084
6992083
6992082
6992081
6992080
6992079
6992078
6992077
6992076
6992075
6992074
6992073
6992072
6992071
6992070
6992069
6992068
6992067
6992066
6992065
6992064
6992063
6992062
6992061
6992060
6992059
6992058
6992057
6992056
6992055
6992054
6992053
6992052
6992051
6992050
6992049
6992048
6992047
6992046
6992045
6992044
6992043
6992042
6992041
6992040
6992039
6992038
6992037
6992036
6992035
6992034
6992033
6992032
6992031
6992030
6992029
6992028
6992027
6992026
6992025
6992024
6992023
6992022
6992021
6992020
6992019
6992018
6992017
6992016
6992015
6992014
6992013
6992012
6992011
6992010
6992009
6992008
6992007
6992006
6992005
6992004
6992003
6992002
6992001
6992000
6991999
6991998
6991997
6991996
6991995
6991994
6991993
6991992
6991991
6991990
6991989
6991988
6991987
6991986
6991985
6991984
6991983
6991982
6991981
6991980
6991979
6991978
6991977
6991976
6991975
6991974
6991973
6991972
6991971
6991970
6991969
6991968
6991967
6991966
6991965
6991964
6991963
6991962
6991961
6991960
6991959
6991958
6991957
6991956
6991955
6991954
6991953
6991952
6991951
6991950
6991949
6991948
6991947
6991946
6991945
6991944
6991943
6991942
6991941
6991940
6991939
6991938
6991937
6991936
6991935
6991934
6991933
6991932
6991931
6991930
6991929
6991928
6991927
6991926
6991925
6991924
6991923
6991922
6991921
6991920
6991919
6991918
6991917
6991916
6991915
6991914
6991913
6991912
6991911
6991910
6991909
6991908
6991907
6991906
6991905
6991904
6991903
6991902
6991901
6991900
6991899
6991898
6991897
6991896
6991895
6991894
6991893
6991892
6991891
6991890
6991889
6991888
6991887
6991886
6991885
6991884
6991883
6991882
6991881
6991880
6991879
6991878
6991877
6991876
6991875
6991874
6991873
6991872
6991871
6991870
6991869
6991868
6991867
6991866
6991865
6991864
6991863
6991862
6991861
6991860
6991859
6991858
6991857
6991856
6991855
6991854
6991853
6991852
6991851
6991850
6991849
6991848
6991847
6991846
6991845
6991844
6991843
6991842
6991841
6991840
6991839
6991838
6991837
6991836
6991835
6991834
6991833
6991832
6991831
6991830
6991829
6991828
6991827
6991826
6991825
6991824
6991823
6991822
6991821
6991820
6991819
6991818
6991817
6991816
6991815
6991814
6991813
6991812
6991811
6991810
6991809
6991808
6991807
6991806
6991805
6991804
6991803
6991802
6991801
6991800
6991799
6991798
6991797
6991796
6991795
6991794
6991793
6991792
6991791
6991790
6991789
6991788
6991787
6991786
6991785
6991784
6991783
6991782
6991781
6991780
6991779
6991778
6991777
6991776
6991775
6991774
6991773
6991772
6991771
6991770
6991769
6991768
6991767
6991766
6991765
6991764
6991763
6991762
6991761
6991760
6991759
6991758
6991757
6991756
6991755
6991754
6991753
6991752
6991751
6991750
6991749
6991748
6991747
6991746
6991745
6991744
6991743
6991742
6991741
6991740
6991739
6991738
6991737
6991736
6991735
6991734
6991733
6991732
6991731
6991730
6991729
6991728
6991727
6991726
6991725
6991724
6991723
6991722
6991721
6991720
6991719
6991718
6991717
6991716
6991715
6991714
6991713
6991712
6991711
6991710
6991709
6991708
6991707
6991706
6991705
6991704
6991703
6991702
6991701
6991700
6991699
6991698
6991697
6991696
6991695
6991694
6991693
6991692
6991691
6991690
6991689
6991688
6991687
6991686
6991685
6991684
6991683
6991682
6991681
6991680
6991679
6991678
6991677
6991676
6991675
6991674
6991673
6991672
6991671
6991670
6991669
6991668
6991667
6991666
6991665
6991664
6991663
6991662
6991661
6991660
6991659
6991658
6991657
6991656
6991655
6991654
6991653
6991652
6991651
6991650
6991649
6991648
6991647
6991646
6991645
6991644
6991643
6991642
6991641
6991640
6991639
6991638
6991637
6991636
6991635
6991634
6991633
6991632
6991631
6991630
6991629
6991628
6991627
6991626
6991625
6991624
6991623
6991622
6991621
6991620
6991619
6991618
6991617
6991616
6991615
6991614
6991613
6991612
6991611
6991610
6991609
6991608
6991607
6991606
6991605
6991604
6991603
6991602
6991601
6991600
6991599
6991598
6991597
6991596
6991595
6991594
6991593
6991592
6991591
6991590
6991589
6991588
6991587
6991586
6991585
6991584
6991583
6991582
6991581
6991580
6991579
6991578
6991577
6991576
6991575
6991574
6991573
6991572
6991571
6991570
6991569
6991568
6991567
6991566
6991565
6991564
6991563
6991562
6991561
6991560
6991559
6991558
6991557
6991556
6991555
6991554
6991553
6991552
6991551
6991550
6991549
6991548
6991547
6991546
6991545
6991544
6991543
6991542
6991541
6991540
6991539
6991538
6991537
6991536
6991535
6991534
6991533
6991532
6991531
6991530
6991529
6991528
6991527
6991526
6991525
6991524
6991523
6991522
6991521
6991520
6991519
6991518
6991517
6991516
6991515
6991514
6991513
6991512
6991511
6991510
6991509
6991508
6991507
6991506
6991505
6991504
6991503
6991502
6991501
6991500
6991499
6991498
6991497
6991496
6991495
6991494
6991493
6991492
6991491
6991490
6991489
6991488
6991487
6991486
6991485
6991484
6991483
6991482
6991481
6991480
6991479
6991478
6991477
6991476
6991475
6991474
6991473
6991472
6991471
6991470
6991469
6991468
6991467
6991466
6991465
6991464
6991463
6991462
6991461
6991460
6991459
6991458
6991457
6991456
6991455
6991454
6991453
6991452
6991451
6991450
6991449
6991448
6991447
6991446
6991445
6991444
6991443
6991442
6991441
6991440
6991439
6991438
6991437
6991436
6991435
6991434
6991433
6991432
6991431
6991430
6991429
6991428
6991427
6991426
6991425
6991424
6991423
6991422
6991421
6991420
6991419
6991418
6991417
6991416
6991415
6991414
6991413
6991412
6991411
6991410
6991409
6991408
6991407
6991406
6991405
6991404
6991403
6991402
6991401
6991400
6991399
6991398
6991397
6991396
6991395
6991394
6991393
6991392
6991391
6991390
6991389
6991388
6991387
6991386
6991385
6991384
6991383
6991382
6991381
6991380
6991379
6991378
6991377
6991376
6991375
6991374
6991373
6991372
6991371
6991370
6991369
6991368
6991367
6991366
6991365
6991364
6991363
6991362
6991361
6991360
6991359
6991358
6991357
6991356
6991355
6991354
6991353
6991352
6991351
6991350
6991349
6991348
6991347
6991346
6991345
6991344
6991343
6991342
6991341
6991340
6991339
6991338
6991337
6991336
6991335
6991334
6991333
6991332
6991331
6991330
6991329
6991328
6991327
6991326
6991325
6991324
6991323
6991322
6991321
6991320
6991319
6991318
6991317
6991316
6991315
6991314
6991313
6991312
6991311
6991310
6991309
6991308
6991307
6991306
6991305
6991304
6991303
6991302
6991301
6991300
6991299
6991298
6991297
6991296
6991295
6991294
6991293
6991292
6991291
6991290
6991289
6991288
6991287
6991286
6991285
6991284
6991283
6991282
6991281
6991280
6991279
6991278
6991277
6991276
6991275
6991274
6991273
6991272
6991271
6991270
6991269
6991268
6991267
6991266
6991265
6991264
6991263
6991262
6991261
6991260
6991259
6991258
6991257
6991256
6991255
6991254
6991253
6991252
6991251
6991250
6991249
6991248
6991247
6991246
6991245
6991244
6991243
6991242
6991241
6991240
6991239
6991238
6991237
6991236
6991235
6991234
6991233
6991232
6991231
6991230
6991229
6991228
6991227
6991226
6991225
6991224
6991223
6991222
6991221
6991220
6991219
6991218
6991217
6991216
6991215
6991214
6991213
6991212
6991211
6991210
6991209
6991208
6991207
6991206
6991205
6991204
6991203
6991202
6991201
6991200
6991199
6991198
6991197
6991196
6991195
6991194
6991193
6991192
6991191
6991190
6991189
6991188
6991187
6991186
6991185
6991184
6991183
6991182
6991181
6991180
6991179
6991178
6991177
6991176
6991175
6991174
6991173
6991172
6991171
6991170
6991169
6991168
6991167
6991166
6991165
6991164
6991163
6991162
6991161
6991160
6991159
6991158
6991157
6991156
6991155
6991154
6991153
6991152
6991151
6991150
6991149
6991148
6991147
6991146
6991145
6991144
6991143
6991142
6991141
6991140
6991139
6991138
6991137
6991136
6991135
6991134
6991133
6991132
6991131
6991130
6991129
6991128
6991127
6991126
6991125
6991124
6991123
6991122
6991121
6991120
6991119
6991118
6991117
6991116
6991115
6991114
6991113
6991112
6991111
6991110
6991109
6991108
6991107
6991106
6991105
6991104
6991103
6991102
6991101
6991100
6991099
6991098
6991097
6991096
6991095
6991094
6991093
6991092
6991091
6991090
6991089
6991088
6991087
6991086
6991085
6991084
6991083
6991082
6991081
6991080
6991079
6991078
6991077
6991076
6991075
6991074
6991073
6991072
6991071
6991070
6991069
6991068
6991067
6991066
6991065
6991064
6991063
6991062
6991061
6991060
6991059
6991058
6991057
6991056
6991055
6991054
6991053
6991052
6991051
6991050
6991049
6991048
6991047
6991046
6991045
6991044
6991043
6991042
6991041
6991040
6991039
6991038
6991037
6991036
6991035
6991034
6991033
6991032
6991031
6991030
6991029
6991028
6991027
6991026
6991025
6991024
6991023
6991022
6991021
6991020
6991019
6991018
6991017
6991016
6991015
6991014
6991013
6991012
6991011
6991010
6991009
6991008
6991007
6991006
6991005
6991004
6991003
6991002
6991001
6991000
6990999
6990998
6990997
6990996
6990995
6990994
6990993
6990992
6990991
6990990
6990989
6990988
6990987
6990986
6990985
6990984
6990983
6990982
6990981
6990980
6990979
6990978
6990977
6990976
6990975
6990974
6990973
6990972
6990971
6990970
6990969
6990968
6990967
6990966
6990965
6990964
6990963
6990962
6990961
6990960
6990959
6990958
6990957
6990956
6990955
6990954
6990953
6990952
6990951
6990950
6990949
6990948
6990947
6990946
6990945
6990944
6990943
6990942
6990941
6990940
6990939
6990938
6990937
6990936
6990935
6990934
6990933
6990932
6990931
6990930
6990929
6990928
6990927
6990926
6990925
6990924
6990923
6990922
6990921
6990920
6990919
6990918
6990917
6990916
6990915
6990914
6990913
6990912
6990911
6990910
6990909
6990908
6990907
6990906
6990905
6990904
6990903
6990902
6990901
6990900
6990899
6990898
6990897
6990896
6990895
6990894
6990893
6990892
6990891
6990890
6990889
6990888
6990887
6990886
6990885
6990884
6990883
6990882
6990881
6990880
6990879
6990878
6990877
6990876
6990875
6990874
6990873
6990872
6990871
6990870
6990869
6990868
6990867
6990866
6990865
6990864
6990863
6990862
6990861
6990860
6990859
6990858
6990857
6990856
6990855
6990854
6990853
6990852
6990851
6990850
6990849
6990848
6990847
6990846
6990845
6990844
6990843
6990842
6990841
6990840
6990839
6990838
6990837
6990836
6990835
6990834
6990833
6990832
6990831
6990830
6990829
6990828
6990827
6990826
6990825
6990824
6990823
6990822
6990821
6990820
6990819
6990818
6990817
6990816
6990815
6990814
6990813
6990812
6990811
6990810
6990809
6990808
6990807
6990806
6990805
6990804
6990803
6990802
6990801
6990800
6990799
6990798
6990797
6990796
6990795
6990794
6990793
6990792
6990791
6990790
6990789
6990788
6990787
6990786
6990785
6990784
6990783
6990782
6990781
6990780
6990779
6990778
6990777
6990776
6990775
6990774
6990773
6990772
6990771
6990770
6990769
6990768
6990767
6990766
6990765
6990764
6990763
6990762
6990761
6990760
6990759
6990758
6990757
6990756
6990755
6990754
6990753
6990752
6990751
6990750
6990749
6990748
6990747
6990746
6990745
6990744
6990743
6990742
6990741
6990740
6990739
6990738
6990737
6990736
6990735
6990734
6990733
6990732
6990731
6990730
6990729
6990728
6990727
6990726
6990725
6990724
6990723
6990722
6990721
6990720
6990719
6990718
6990717
6990716
6990715
6990714
6990713
6990712
6990711
6990710
6990709
6990708
6990707
6990706
6990705
6990704
6990703
6990702
6990701
6990700
6990699
6990698
6990697
6990696
6990695
6990694
6990693
6990692
6990691
6990690
6990689
6990688
6990687
6990686
6990685
6990684
6990683
6990682
6990681
6990680
6990679
6990678
6990677
6990676
6990675
6990674
6990673
6990672
6990671
6990670
6990669
6990668
6990667
6990666
6990665
6990664
6990663
6990662
6990661
6990660
6990659
6990658
6990657
6990656
6990655
6990654
6990653
6990652
6990651
6990650
6990649
6990648
6990647
6990646
6990645
6990644
6990643
6990642
6990641
6990640
6990639
6990638
6990637
6990636
6990635
6990634
6990633
6990632
6990631
6990630
6990629
6990628
6990627
6990626
6990625
6990624
6990623
6990622
6990621
6990620
6990619
6990618
6990617
6990616
6990615
6990614
6990613
6990612
6990611
6990610
6990609
6990608
6990607
6990606
6990605
6990604
6990603
6990602
6990601
6990600
6990599
6990598
6990597
6990596
6990595
6990594
6990593
6990592
6990591
6990590
6990589
6990588
6990587
6990586
6990585
6990584
6990583
6990582
6990581
6990580
6990579
6990578
6990577
6990576
6990575
6990574
6990573
6990572
6990571
6990570
6990569
6990568
6990567
6990566
6990565
6990564
6990563
6990562
6990561
6990560
6990559
6990558
6990557
6990556
6990555
6990554
6990553
6990552
6990551
6990550
6990549
6990548
6990547
6990546
6990545
6990544
6990543
6990542
6990541
6990540
6990539
6990538
6990537
6990536
6990535
6990534
6990533
6990532
6990531
6990530
6990529
6990528
6990527
6990526
6990525
6990524
6990523
6990522
6990521
6990520
6990519
6990518
6990517
6990516
6990515
6990514
6990513
6990512
6990511
6990510
6990509
6990508
6990507
6990506
6990505
6990504
6990503
6990502
6990501
6990500
6990499
6990498
6990497
6990496
6990495
6990494
6990493
6990492
6990491
6990490
6990489
6990488
6990487
6990486
6990485
6990484
6990483
6990482
6990481
6990480
6990479
6990478
6990477
6990476
6990475
6990474
6990473
6990472
6990471
6990470
6990469
6990468
6990467
6990466
6990465
6990464
6990463
6990462
6990461
6990460
6990459
6990458
6990457
6990456
6990455
6990454
6990453
6990452
6990451
6990450
6990449
6990448
6990447
6990446
6990445
6990444
6990443
6990442
6990441
6990440
6990439
6990438
6990437
6990436
6990435
6990434
6990433
6990432
6990431
6990430
6990429
6990428
6990427
6990426
6990425
6990424
6990423
6990422
6990421
6990420
6990419
6990418
6990417
6990416
6990415
6990414
6990413
6990412
6990411
6990410
6990409
6990408
6990407
6990406
6990405
6990404
6990403
6990402
6990401
6990400
6990399
6990398
6990397
6990396
6990395
6990394
6990393
6990392
6990391
6990390
6990389
6990388
6990387
6990386
6990385
6990384
6990383
6990382
6990381
6990380
6990379
6990378
6990377
6990376
6990375
6990374
6990373
6990372
6990371
6990370
6990369
6990368
6990367
6990366
6990365
6990364
6990363
6990362
6990361
6990360
6990359
6990358
6990357
6990356
6990355
6990354
6990353
6990352
6990351
6990350
6990349
6990348
6990347
6990346
6990345
6990344
6990343
6990342
6990341
6990340
6990339
6990338
6990337
6990336
6990335
6990334
6990333
6990332
6990331
6990330
6990329
6990328
6990327
6990326
6990325
6990324
6990323
6990322
6990321
6990320
6990319
6990318
6990317
6990316
6990315
6990314
6990313
6990312
6990311
6990310
6990309
6990308
6990307
6990306
6990305
6990304
6990303
6990302
6990301
6990300
6990299
6990298
6990297
6990296
6990295
6990294
6990293
6990292
6990291
6990290
6990289
6990288
6990287
6990286
6990285
6990284
6990283
6990282
6990281
6990280
6990279
6990278
6990277
6990276
6990275
6990274
6990273
6990272
6990271
6990270
6990269
6990268
6990267
6990266
6990265
6990264
6990263
6990262
6990261
6990260
6990259
6990258
6990257
6990256
6990255
6990254
6990253
6990252
6990251
6990250
6990249
6990248
6990247
6990246
6990245
6990244
6990243
6990242
6990241
6990240
6990239
6990238
6990237
6990236
6990235
6990234
6990233
6990232
6990231
6990230
6990229
6990228
6990227
6990226
6990225
6990224
6990223
6990222
6990221
6990220
6990219
6990218
6990217
6990216
6990215
6990214
6990213
6990212
6990211
6990210
6990209
6990208
6990207
6990206
6990205
6990204
6990203
6990202
6990201
6990200
6990199
6990198
6990197
6990196
6990195
6990194
6990193
6990192
6990191
6990190
6990189
6990188
6990187
6990186
6990185
6990184
6990183
6990182
6990181
6990180
6990179
6990178
6990177
6990176
6990175
6990174
6990173
6990172
6990171
6990170
6990169
6990168
6990167
6990166
6990165
6990164
6990163
6990162
6990161
6990160
6990159
6990158
6990157
6990156
6990155
6990154
6990153
6990152
6990151
6990150
6990149
6990148
6990147
6990146
6990145
6990144
6990143
6990142
6990141
6990140
6990139
6990138
6990137
6990136
6990135
6990134
6990133
6990132
6990131
6990130
6990129
6990128
6990127
6990126
6990125
6990124
6990123
6990122
6990121
6990120
6990119
6990118
6990117
6990116
6990115
6990114
6990113
6990112
6990111
6990110
6990109
6990108
6990107
6990106
6990105
6990104
6990103
6990102
6990101
6990100
6990099
6990098
6990097
6990096
6990095
6990094
6990093
6990092
6990091
6990090
6990089
6990088
6990087
6990086
6990085
6990084
6990083
6990082
6990081
6990080
6990079
6990078
6990077
6990076
6990075
6990074
6990073
6990072
6990071
6990070
6990069
6990068
6990067
6990066
6990065
6990064
6990063
6990062
6990061
6990060
6990059
6990058
6990057
6990056
6990055
6990054
6990053
6990052
6990051
6990050
6990049
6990048
6990047
6990046
6990045
6990044
6990043
6990042
6990041
6990040
6990039
6990038
6990037
6990036
6990035
6990034
6990033
6990032
6990031
6990030
6990029
6990028
6990027
6990026
6990025
6990024
6990023
6990022
6990021
6990020
6990019
6990018
6990017
6990016
6990015
6990014
6990013
6990012
6990011
6990010
6990009
6990008
6990007
6990006
6990005
6990004
6990003
6990002
6990001
