1000
7000000
6999999
6999998
6999997
6999996
6999995
6999994
6999993
6999992
6999991
6999990
6999989
6999988
6999987
6999986
6999985
6999984
6999983
6999982
6999981
6999980
6999979
6999978
6999977
6999976
6999975
6999974
6999973
6999972
6999971
6999970
6999969
6999968
6999967
6999966
6999965
6999964
6999963
6999962
6999961
6999960
6999959
6999958
6999957
6999956
6999955
6999954
6999953
6999952
6999951
6999950
6999949
6999948
6999947
6999946
6999945
6999944
6999943
6999942
6999941
6999940
6999939
6999938
6999937
6999936
6999935
6999934
6999933
6999932
6999931
6999930
6999929
6999928
6999927
6999926
6999925
6999924
6999923
6999922
6999921
6999920
6999919
6999918
6999917
6999916
6999915
6999914
6999913
6999912
6999911
6999910
6999909
6999908
6999907
6999906
6999905
6999904
6999903
6999902
6999901
6999900
6999899
6999898
6999897
6999896
6999895
6999894
6999893
6999892
6999891
6999890
6999889
6999888
6999887
6999886
6999885
6999884
6999883
6999882
6999881
6999880
6999879
6999878
6999877
6999876
6999875
6999874
6999873
6999872
6999871
6999870
6999869
6999868
6999867
6999866
6999865
6999864
6999863
6999862
6999861
6999860
6999859
6999858
6999857
6999856
6999855
6999854
6999853
6999852
6999851
6999850
6999849
6999848
6999847
6999846
6999845
6999844
6999843
6999842
6999841
6999840
6999839
6999838
6999837
6999836
6999835
6999834
6999833
6999832
6999831
6999830
6999829
6999828
6999827
6999826
6999825
6999824
6999823
6999822
6999821
6999820
6999819
6999818
6999817
6999816
6999815
6999814
6999813
6999812
6999811
6999810
6999809
6999808
6999807
6999806
6999805
6999804
6999803
6999802
6999801
6999800
6999799
6999798
6999797
6999796
6999795
6999794
6999793
6999792
6999791
6999790
6999789
6999788
6999787
6999786
6999785
6999784
6999783
6999782
6999781
6999780
6999779
6999778
6999777
6999776
6999775
6999774
6999773
6999772
6999771
6999770
6999769
6999768
6999767
6999766
6999765
6999764
6999763
6999762
6999761
6999760
6999759
6999758
6999757
6999756
6999755
6999754
6999753
6999752
6999751
6999750
6999749
6999748
6999747
6999746
6999745
6999744
6999743
6999742
6999741
6999740
6999739
6999738
6999737
6999736
6999735
6999734
6999733
6999732
6999731
6999730
6999729
6999728
6999727
6999726
6999725
6999724
6999723
6999722
6999721
6999720
6999719
6999718
6999717
6999716
6999715
6999714
6999713
6999712
6999711
6999710
6999709
6999708
6999707
6999706
6999705
6999704
6999703
6999702
6999701
6999700
6999699
6999698
6999697
6999696
6999695
6999694
6999693
6999692
6999691
6999690
6999689
6999688
6999687
6999686
6999685
6999684
6999683
6999682
6999681
6999680
6999679
6999678
6999677
6999676
6999675
6999674
6999673
6999672
6999671
6999670
6999669
6999668
6999667
6999666
6999665
6999664
6999663
6999662
6999661
6999660
6999659
6999658
6999657
6999656
6999655
6999654
6999653
6999652
6999651
6999650
6999649
6999648
6999647
6999646
6999645
6999644
6999643
6999642
6999641
6999640
6999639
6999638
6999637
6999636
6999635
6999634
6999633
6999632
6999631
6999630
6999629
6999628
6999627
6999626
6999625
6999624
6999623
6999622
6999621
6999620
6999619
6999618
6999617
6999616
6999615
6999614
6999613
6999612
6999611
6999610
6999609
6999608
6999607
6999606
6999605
6999604
6999603
6999602
6999601
6999600
6999599
6999598
6999597
6999596
6999595
6999594
6999593
6999592
6999591
6999590
6999589
6999588
6999587
6999586
6999585
6999584
6999583
6999582
6999581
6999580
6999579
6999578
6999577
6999576
6999575
6999574
6999573
6999572
6999571
6999570
6999569
6999568
6999567
6999566
6999565
6999564
6999563
6999562
6999561
6999560
6999559
6999558
6999557
6999556
6999555
6999554
6999553
6999552
6999551
6999550
6999549
6999548
6999547
6999546
6999545
6999544
6999543
6999542
6999541
6999540
6999539
6999538
6999537
6999536
6999535
6999534
6999533
6999532
6999531
6999530
6999529
6999528
6999527
6999526
6999525
6999524
6999523
6999522
6999521
6999520
6999519
6999518
6999517
6999516
6999515
6999514
6999513
6999512
6999511
6999510
6999509
6999508
6999507
6999506
6999505
6999504
6999503
6999502
6999501
6999500
6999499
6999498
6999497
6999496
6999495
6999494
6999493
6999492
6999491
6999490
6999489
6999488
6999487
6999486
6999485
6999484
6999483
6999482
6999481
6999480
6999479
6999478
6999477
6999476
6999475
6999474
6999473
6999472
6999471
6999470
6999469
6999468
6999467
6999466
6999465
6999464
6999463
6999462
6999461
6999460
6999459
6999458
6999457
6999456
6999455
6999454
6999453
6999452
6999451
6999450
6999449
6999448
6999447
6999446
6999445
6999444
6999443
6999442
6999441
6999440
6999439
6999438
6999437
6999436
6999435
6999434
6999433
6999432
6999431
6999430
6999429
6999428
6999427
6999426
6999425
6999424
6999423
6999422
6999421
6999420
6999419
6999418
6999417
6999416
6999415
6999414
6999413
6999412
6999411
6999410
6999409
6999408
6999407
6999406
6999405
6999404
6999403
6999402
6999401
6999400
6999399
6999398
6999397
6999396
6999395
6999394
6999393
6999392
6999391
6999390
6999389
6999388
6999387
6999386
6999385
6999384
6999383
6999382
6999381
6999380
6999379
6999378
6999377
6999376
6999375
6999374
6999373
6999372
6999371
6999370
6999369
6999368
6999367
6999366
6999365
6999364
6999363
6999362
6999361
6999360
6999359
6999358
6999357
6999356
6999355
6999354
6999353
6999352
6999351
6999350
6999349
6999348
6999347
6999346
6999345
6999344
6999343
6999342
6999341
6999340
6999339
6999338
6999337
6999336
6999335
6999334
6999333
6999332
6999331
6999330
6999329
6999328
6999327
6999326
6999325
6999324
6999323
6999322
6999321
6999320
6999319
6999318
6999317
6999316
6999315
6999314
6999313
6999312
6999311
6999310
6999309
6999308
6999307
6999306
6999305
6999304
6999303
6999302
6999301
6999300
6999299
6999298
6999297
6999296
6999295
6999294
6999293
6999292
6999291
6999290
6999289
6999288
6999287
6999286
6999285
6999284
6999283
6999282
6999281
6999280
6999279
6999278
6999277
6999276
6999275
6999274
6999273
6999272
6999271
6999270
6999269
6999268
6999267
6999266
6999265
6999264
6999263
6999262
6999261
6999260
6999259
6999258
6999257
6999256
6999255
6999254
6999253
6999252
6999251
6999250
6999249
6999248
6999247
6999246
6999245
6999244
6999243
6999242
6999241
6999240
6999239
6999238
6999237
6999236
6999235
6999234
6999233
6999232
6999231
6999230
6999229
6999228
6999227
6999226
6999225
6999224
6999223
6999222
6999221
6999220
6999219
6999218
6999217
6999216
6999215
6999214
6999213
6999212
6999211
6999210
6999209
6999208
6999207
6999206
6999205
6999204
6999203
6999202
6999201
6999200
6999199
6999198
6999197
6999196
6999195
6999194
6999193
6999192
6999191
6999190
6999189
6999188
6999187
6999186
6999185
6999184
6999183
6999182
6999181
6999180
6999179
6999178
6999177
6999176
6999175
6999174
6999173
6999172
6999171
6999170
6999169
6999168
6999167
6999166
6999165
6999164
6999163
6999162
6999161
6999160
6999159
6999158
6999157
6999156
6999155
6999154
6999153
6999152
6999151
6999150
6999149
6999148
6999147
6999146
6999145
6999144
6999143
6999142
6999141
6999140
6999139
6999138
6999137
6999136
6999135
6999134
6999133
6999132
6999131
6999130
6999129
6999128
6999127
6999126
6999125
6999124
6999123
6999122
6999121
6999120
6999119
6999118
6999117
6999116
6999115
6999114
6999113
6999112
6999111
6999110
6999109
6999108
6999107
6999106
6999105
6999104
6999103
6999102
6999101
6999100
6999099
6999098
6999097
6999096
6999095
6999094
6999093
6999092
6999091
6999090
6999089
6999088
6999087
6999086
6999085
6999084
6999083
6999082
6999081
6999080
6999079
6999078
6999077
6999076
6999075
6999074
6999073
6999072
6999071
6999070
6999069
6999068
6999067
6999066
6999065
6999064
6999063
6999062
6999061
6999060
6999059
6999058
6999057
6999056
6999055
6999054
6999053
6999052
6999051
6999050
6999049
6999048
6999047
6999046
6999045
6999044
6999043
6999042
6999041
6999040
6999039
6999038
6999037
6999036
6999035
6999034
6999033
6999032
6999031
6999030
6999029
6999028
6999027
6999026
6999025
6999024
6999023
6999022
6999021
6999020
6999019
6999018
6999017
6999016
6999015
6999014
6999013
6999012
6999011
6999010
6999009
6999008
6999007
6999006
6999005
6999004
6999003
6999002
6999001
