100
1153800
1153801
1153802
1153803
1153804
1153805
1153806
1153807
1153808
1153809
1153810
1153811
1153812
1153813
1153814
1153815
1153816
1153817
1153818
1153819
1153820
1153821
1153822
1153823
1153824
1153825
1153826
1153827
1153828
1153829
1153830
1153831
1153832
1153833
1153834
1153835
1153836
1153837
1153838
1153839
1153840
1153841
1153842
1153843
1153844
1153845
1153846
1153847
1153848
1153849
1153850
1153851
1153852
1153853
1153854
1153855
1153856
1153857
1153858
1153859
1153860
1153861
1153862
1153863
1153864
1153865
1153866
1153867
1153868
1153869
1153870
1153871
1153872
1153873
1153874
1153875
1153876
1153877
1153878
1153879
1153880
1153881
1153882
1153883
1153884
1153885
1153886
1153887
1153888
1153889
1153890
1153891
1153892
1153893
1153894
1153895
1153896
1153897
1153898
1153899
