10000
9999224
9998692
9998376
9997938
9997270
9996784
9996377
9995485
9995001
9994612
9992924
9991931
9991887
9991086
9990566
9990172
9989073
9989006
9988741
9987359
9985438
9985267
9983703
9983365
9983166
9982735
9982469
9981774
9980685
9980391
9980369
9980010
9979602
9978837
9977400
9976526
9974669
9973501
9970976
9970481
9969824
9969312
9964160
9963508
9961339
9960718
9958712
9958693
9958094
9957997
9957388
9954811
9953789
9952084
9950371
9949582
9948544
9948352
9947828
9947820
9947136
9946135
9945727
9945551
9944733
9944271
9943140
9943077
9942547
9941260
9941170
9941037
9939360
9938732
9938188
9936993
9936364
9935799
9935279
9935064
9934471
9932663
9932444
9931783
9928204
9927611
9927592
9927566
9927010
9926052
9926027
9925989
9924260
9922675
9922047
9921920
9918931
9918407
9917683
9915243
9911542
9910616
9910039
9909602
9908189
9907865
9903498
9900577
9900310
9899177
9898859
9897152
9897152
9896874
9896455
9895432
9895245
9894729
9892634
9891713
9891378
9890781
9890428
9890176
9889637
9887448
9886606
9885983
9885449
9884686
9883834
9883463
9882103
9881523
9878987
9878327
9878226
9875278
9874419
9873956
9873299
9872820
9872125
9870373
9869173
9868623
9868312
9867036
9863327
9863277
9862869
9861640
9859224
9857577
9855582
9855322
9854943
9853575
9853151
9851892
9850913
9850205
9850186
9848281
9845019
9844621
9844301
9843215
9841151
9841056
9840855
9840160
9839997
9838965
9838961
9838644
9838612
9838046
9837035
9836198
9836112
9835420
9833267
9832955
9830756
9830712
9830187
9829186
9829017
9828946
9828101
9826948
9826424
9826144
9824920
9824598
9823708
9822432
9821829
9820807
9819317
9817081
9816290
9813625
9812919
9812785
9812715
9808491
9807348
9806866
9805334
9803242
9802966
9799914
9799771
9799765
9799465
9799139
9797888
9797661
9797457
9796106
9795453
9793963
9793248
9792649
9789759
9789460
9788053
9787060
9785970
9785137
9784197
9784124
9781909
9781662
9781133
9780326
9779674
9775989
9775988
9774313
9773688
9772489
9772046
9771495
9770658
9770354
9769807
9769665
9769102
9767767
9767753
9766969
9766836
9765418
9764469
9763954
9761332
9761200
9760387
9759936
9759455
9758366
9758235
9758118
9755809
9755335
9754824
9753514
9750830
9750062
9748777
9748763
9748156
9747955
9747688
9747598
9747566
9747484
9747470
9747453
9747378
9747159
9746299
9745750
9744257
9743244
9742849
9742241
9740883
9740590
9739851
9739520
9739085
9738478
9738337
9737704
9735555
9735057
9735008
9734706
9734686
9732218
9731182
9729692
9729653
9726463
9726120
9725798
9725019
9723620
9723431
9723303
9723218
9723001
9722747
9721950
9720927
9719253
9718328
9716831
9716263
9715251
9714661
9712971
9711742
9710599
9709873
9709850
9706396
9704932
9704555
9704045
9703373
9702919
9701280
9700465
9700064
9699829
9698989
9698238
9698197
9697255
9696335
9692010
9691626
9691538
9690938
9690850
9690126
9689013
9688990
9688539
9687686
9687322
9685680
9685040
9684498
9683777
9682986
9682203
9681469
9680782
9680403
9680343
9679912
9679597
9678751
9676535
9675701
9675518
9675311
9674641
9673599
9673480
9673329
9672775
9672171
9672026
9671771
9671748
9671523
9671319
9671254
9670537
9669520
9668715
9667947
9666362
9664112
9662833
9662457
9661815
9661272
9659825
9658200
9657387
9655359
9655118
9654818
9654617
9652328
9652160
9651361
9651281
9649624
9649429
9648903
9648775
9648406
9648233
9645258
9642488
9641949
9640447
9640092
9639482
9639067
9638089
9637515
9636209
9634604
9634426
9633916
9633033
9631654
9631164
9631133
9630689
9630119
9629695
9629182
9628965
9628546
9627421
9625495
9624502
9623751
9623682
9623623
9621723
9621551
9616012
9613152
9612362
9611443
9610889
9610553
9609820
9609085
9607678
9607016
9606599
9605037
9604394
9604178
9603814
9601967
9601550
9600507
9600148
9600063
9599860
9599661
9598974
9598502
9596300
9596157
9594862
9594203
9594172
9592263
9592232
9591331
9590856
9590547
9589549
9588510
9588457
9587948
9586865
9581312
9581144
9580581
9580495
9580255
9580169
9576491
9575931
9575780
9572676
9569750
9568538
9568405
9568354
9563529
9562092
9560774
9560773
9559794
9559400
9559339
9559039
9558158
9557801
9557448
9555980
9555780
9553720
9552465
9550976
9550933
9550585
9550536
9549299
9547979
9547138
9546849
9546808
9542236
9540497
9538920
9537970
9537945
9536454
9536304
9534347
9534233
9534180
9534079
9533711
9533249
9533036
9532019
9531154
9530228
9529222
9526090
9525070
9524635
9524307
9523416
9521775
9520934
9519598
9519416
9518606
9517471
9515280
9514094
9513955
9511589
9511427
9510736
9510043
9509859
9509526
9508749
9507480
9507374
9506671
9506656
9505950
9505945
9505473
9505298
9505136
9503316
9503225
9502613
9501322
9500925
9498744
9497577
9497488
9496053
9495944
9495028
9494215
9493099
9493043
9490639
9490056
9489935
9489799
9489165
9486538
9486314
9485605
9484170
9482822
9482663
9482177
9482139
9482024
9481985
9480791
9480168
9480045
9478948
9477405
9476912
9476629
9474906
9473642
9473628
9473316
9471739
9470004
9468394
9467934
9467828
9466086
9465960
9465909
9465595
9460199
9457329
9457174
9455252
9452849
9451233
9450713
9449056
9448855
9447520
9443215
9443107
9442595
9440368
9439983
9439745
9438642
9435559
9433582
9432184
9430246
9429914
9429037
9426819
9426766
9425656
9425636
9423535
9422388
9422190
9420896
9420708
9419341
9419061
9417503
9417330
9416914
9416825
9414014
9413153
9412929
9412905
9412286
9412187
9410720
9409066
9406849
9406546
9405706
9405596
9404308
9404169
9403665
9403033
9402403
9397618
9397004
9396626
9396035
9394870
9393373
9392942
9392815
9392514
9391968
9390331
9390234
9388792
9388081
9386605
9386537
9385564
9385191
9384349
9382578
9381909
9381712
9381410
9379945
9379329
9379022
9377733
9376545
9375701
9375687
9375534
9375481
9374773
9372738
9371355
9371013
9370815
9370787
9370306
9369694
9368077
9367913
9367444
9366246
9364327
9363725
9363382
9361567
9359998
9359656
9359501
9357271
9357172
9356972
9356513
9355300
9354664
9352197
9351284
9350790
9349731
9349722
9349367
9348893
9347633
9347359
9346039
9345442
9345408
9344235
9341651
9340556
9340026
9337080
9336999
9335670
9334685
9334657
9334500
9334375
9334353
9333280
9332593
9332077
9331941
9331477
9331354
9331323
9329779
9328155
9327422
9326495
9326278
9326068
9325711
9322797
9322236
9320718
9320602
9320055
9318478
9318324
9317718
9317188
9314719
9314675
9314537
9314155
9313342
9313062
9312622
9312351
9312001
9311556
9311536
9309458
9308587
9306596
9303841
9302599
9301417
9300013
9299869
9299720
9299640
9298800
9295265
9295146
9294340
9293782
9293532
9292686
9292665
9292588
9291735
9290467
9286629
9285839
9285543
9279585
9279459
9278947
9276371
9275294
9274159
9273077
9272286
9272165
9271908
9271671
9271165
9270014
9267136
9266842
9266817
9263709
9261850
9261556
9259189
9258035
9257760
9256968
9255613
9254791
9253608
9252043
9250328
9250152
9249612
9248772
9248754
9248457
9247184
9246505
9245993
9245721
9245529
9245315
9245200
9244800
9244650
9243488
9242093
9241102
9238489
9237160
9235674
9234997
9234413
9234030
9234001
9233295
9232859
9232528
9230703
9229882
9229186
9228529
9228376
9226279
9225485
9225182
9225034
9224971
9224610
9224545
9223486
9222814
9222164
9220714
9220277
9220242
9219364
9219126
9218134
9216946
9215645
9215062
9213620
9211858
9211724
9210404
9208123
9206859
9206621
9205871
9205145
9205015
9203661
9202689
9202517
9202078
9200376
9199546
9199388
9192352
9185163
9183784
9183345
9183326
9183145
9182983
9182723
9182609
9180309
9180029
9179852
9179123
9178992
9178622
9177634
9177322
9176601
9176582
9175803
9175362
9175304
9172021
9171757
9169535
9168910
9168684
9168389
9167745
9165740
9162788
9162678
9161955
9161556
9161538
9161223
9159214
9157404
9157303
9157139
9155596
9154861
9152480
9152179
9151348
9150283
9148887
9147521
9147350
9146843
9144266
9143740
9143304
9142317
9142213
9141910
9139716
9136883
9135405
9134109
9133540
9133505
9130684
9127074
9125828
9125210
9125188
9125121
9124735
9122224
9121052
9120685
9120436
9118860
9118307
9116567
9116134
9115605
9115503
9115484
9114055
9110497
9109950
9108920
9108420
9105650
9104138
9102029
9101070
9100966
9099741
9099208
9097552
9096570
9095486
9094618
9094400
9092926
9090290
9088587
9088569
9088379
9087150
9086492
9086488
9085259
9084531
9084414
9083403
9082404
9080993
9080757
9079314
9079259
9079204
9078306
9076621
9076326
9074771
9074219
9073130
9072608
9072596
9072037
9071999
9071536
9069426
9069233
9068002
9067857
9067362
9065391
9064966
9063225
9062804
9062589
9062576
9061886
9061008
9059832
9058766
9057893
9056629
9054477
9053612
9052353
9052152
9051332
9047988
9046047
9043134
9038670
9038235
9037292
9036116
9035003
9034481
9034078
9031726
9031025
9030956
9030729
9030719
9029519
9029376
9029307
9028938
9027922
9027107
9026697
9025685
9025592
9024635
9024406
9024066
9022474
9022163
9019553
9017642
9016531
9016108
9015967
9015758
9015657
9014558
9013869
9013398
9012334
9011125
9011100
9010709
9010392
9010352
9010331
9009560
9009359
9007627
9004931
9003366
9002288
8999858
8999658
8999656
8998476
8997760
8997309
8996734
8995957
8994684
8993536
8992859
8990492
8988683
8987039
8986647
8986427
8984608
8983163
8981407
8981396
8980824
8979199
8977584
8977170
8976467
8976175
8975677
8975373
8974566
8974451
8972935
8970705
8970212
8969409
8968942
8968562
8968251
8967106
8966738
8966573
8963464
8963413
8960342
8957434
8956114
8955585
8953054
8952889
8952472
8952352
8951580
8950208
8949886
8949774
8947099
8946604
8946207
8945352
8942186
8941171
8940992
8940688
8939484
8938354
8936534
8933951
8932435
8932230
8931510
8930477
8929129
8928116
8926967
8926265
8925981
8925568
8925021
8923310
8923054
8922611
8922201
8921589
8921013
8920280
8918754
8918107
8917367
8915836
8915550
8915532
8914258
8913224
8912602
8911442
8911377
8909721
8909626
8908794
8905380
8903951
8903436
8903396
8902287
8901436
8901388
8900309
8900009
8899760
8899511
8899266
8899118
8898647
8896550
8895500
8894833
8894348
8894186
8894084
8894044
8893513
8893307
8891633
8890523
8889646
8889448
8888829
8888693
8886753
8886426
8886396
8886320
8884720
8881944
8881576
8876644
8875413
8875014
8874314
8874145
8871006
8869641
8869181
8869127
8866113
8864014
8863058
8862693
8861441
8861323
8860836
8859926
8859766
8858608
8858345
8857253
8856972
8856652
8856108
8855810
8855444
8854586
8854321
8853462
8851422
8850571
8850351
8849217
8848909
8847578
8846411
8843648
8840647
8839874
8839503
8837020
8836183
8835104
8835018
8833823
8832965
8831660
8830677
8829992
8829245
8828430
8825325
8824009
8823538
8823449
8821639
8819666
8818851
8816976
8815315
8812570
8810401
8808450
8806964
8805445
8804211
8803768
8803641
8802924
8802025
8801835
8801419
8801341
8800193
8796658
8796442
8795461
8795447
8795030
8794329
8794234
8794216
8793870
8792698
8791521
8791336
8790486
8790001
8788660
8788225
8787676
8787014
8786482
8785193
8784989
8784755
8784176
8783294
8783200
8782925
8782526
8782497
8782265
8781891
8780354
8779324
8775641
8774093
8772785
8772707
8771754
8771008
8770826
8769390
8768005
8767850
8766381
8766193
8765576
8764954
8763857
8763817
8763503
8762693
8762106
8762041
8761903
8761673
8761031
8760727
8760662
8760593
8760571
8759362
8758655
8757727
8756072
8755698
8754704
8751378
8751308
8745367
8744447
8744166
8743344
8741383
8741072
8740379
8740050
8738559
8738407
8737617
8737412
8736557
8735280
8734543
8733237
8733093
8732918
8732874
8732831
8732779
8732296
8731919
8730786
8730361
8730309
8729807
8729323
8728378
8727669
8726148
8725442
8725345
8724151
8723154
8723044
8720449
8720397
8720187
8718880
8717488
8717446
8717289
8716921
8716777
8716205
8715339
8714750
8714750
8712780
8712205
8711090
8710444
8710072
8708639
8708615
8707746
8707555
8706384
8703736
8703285
8701896
8701475
8700978
8700642
8700359
8700195
8699704
8698281
8697916
8697868
8697771
8695794
8694745
8694354
8694299
8693499
8693197
8693175
8692960
8691060
8690554
8690254
8687281
8686334
8685517
8685159
8684710
8684633
8683319
8683118
8682962
8682136
8681971
8681590
8680363
8680239
8679449
8678802
8677362
8677326
8677012
8675763
8674489
8671686
8671417
8671335
8671216
8670827
8670111
8669382
8669255
8666856
8665177
8664674
8664672
8664585
8661684
8660611
8659745
8657693
8657478
8657351
8655146
8653001
8650795
8650114
8649957
8649795
8648681
8648572
8646880
8646561
8646069
8645820
8645719
8645234
8642809
8641913
8640759
8640212
8639292
8638555
8638407
8637754
8635414
8634950
8631919
8631882
8631706
8631402
8631297
8629725
8629683
8629530
8627734
8627507
8624535
8624084
8623022
8622463
8622424
8622118
8621657
8620992
8620407
8620049
8619659
8619585
8619154
8618383
8616842
8615787
8615186
8614126
8614093
8613786
8609998
8609767
8609569
8607894
8603991
8603214
8602689
8602251
8602146
8601199
8601069
8597003
8595765
8594724
8594680
8592645
8592608
8592382
8591824
8591418
8591076
8589865
8589771
8589321
8589115
8588930
8588915
8587982
8586133
8586021
8583155
8580315
8577574
8576446
8575181
8574395
8573976
8572220
8570779
8570592
8568101
8567954
8566042
8565480
8564904
8564753
8564545
8564433
8564309
8563173
8561731
8560492
8560387
8560074
8559055
8558333
8557985
8556207
8555668
8555122
8554969
8554714
8551443
8549984
8549680
8549320
8548492
8548477
8547198
8546491
8545576
8544646
8543881
8542592
8539536
8538242
8537997
8537943
8537251
8535340
8535318
8535218
8535004
8534664
8533738
8532946
8532502
8532322
8531805
8529197
8527221
8527216
8526662
8526549
8526254
8525096
8524074
8523331
8522311
8521914
8521700
8520773
8519817
8519635
8511588
8509546
8506798
8506587
8506582
8506198
8505606
8504565
8503520
8503362
8503078
8502411
8501979
8501859
8501096
8499177
8499000
8498653
8498535
8497169
8495637
8495564
8495556
8495398
8494317
8494175
8493686
8493557
8492326
8491875
8491556
8491192
8489468
8488963
8488715
8488536
8488062
8487918
8486382
8486335
8485723
8484769
8482194
8480170
8479763
8478898
8478453
8477909
8477602
8477181
8475838
8471233
8471087
8470487
8469769
8469502
8469244
8467960
8466866
8466808
8461367
8459690
8459024
8457566
8454533
8454142
8454049
8453384
8451988
8451520
8451318
8449814
8448466
8448153
8445920
8445067
8444969
8443855
8443714
8443073
8441477
8439210
8438839
8437894
8437462
8436135
8433414
8432682
8432025
8431494
8430984
8430239
8430162
8428278
8427847
8427194
8426762
8425550
8425446
8423473
8423100
8422449
8419401
8418510
8417314
8416458
8416287
8416220
8415438
8415170
8415020
8414172
8412743
8411985
8410150
8409449
8407384
8405763
8404558
8404076
8403489
8403302
8403215
8403019
8402968
8402221
8401483
8401434
8400405
8399931
8396660
8394715
8394339
8392961
8390623
8390251
8389993
8389219
8388562
8386959
8384285
8383115
8381434
8381288
8378003
8376884
8376026
8375547
8374597
8374123
8372967
8372382
8371187
8370585
8370354
8370233
8369836
8368002
8367563
8365636
8364776
8363779
8362476
8362460
8361580
8358652
8358415
8355740
8354424
8353358
8352510
8352167
8351472
8351327
8350162
8349809
8343747
8343549
8342341
8342012
8341404
8339770
8339531
8338295
8337847
8337605
8336704
8336322
8336273
8336004
8335073
8335035
8333514
8333356
8332687
8332214
8330757
8330351
8329979
8329513
8327508
8326542
8323369
8322759
8322627
8320706
8320666
8318930
8317011
8316542
8316152
8314818
8314748
8314227
8311350
8309836
8309058
8304051
8303884
8303705
8303039
8302859
8302159
8301935
8300701
8299176
8298826
8298305
8297721
8295876
8295726
8293668
8293474
8292945
8292027
8291173
8290940
8289175
8287165
8285158
8284181
8283895
8283847
8283847
8283551
8283473
8283446
8282404
8281524
8280025
8279708
8278364
8278268
8277571
8277048
8277011
8276381
8276268
8275711
8273725
8272791
8272572
8272517
8272476
8271899
8271617
8271433
8270899
8269920
8269700
8268840
8268512
8267685
8266659
8264987
8262771
8260736
8260559
8259524
8259510
8258961
8258928
8258881
8256802
8254624
8254572
8253342
8251326
8250949
8249864
8249385
8249362
8247468
8244466
8244158
8243448
8242338
8242074
8241018
8238868
8238645
8238082
8237848
8237735
8235924
8235873
8234166
8233187
8231173
8231016
8228635
8228397
8226683
8226164
8226144
8225629
8225436
8224895
8222802
8222184
8221617
8220868
8220569
8220398
8220121
8219438
8219124
8217909
8217747
8217073
8216942
8216360
8215218
8212804
8212652
8212277
8211241
8210649
8210138
8209635
8209559
8209223
8207536
8207075
8206692
8206176
8205990
8203168
8203022
8201783
8201755
8201542
8200720
8200440
8200408
8199900
8199706
8199099
8198890
8198728
8197143
8197044
8195438
8195219
8194260
8191725
8190475
8189776
8189464
8189028
8188835
8188590
8188344
8187840
8186281
8183337
8183041
8182921
8182533
8182143
8180810
8180554
8180272
8180166
8179812
8179315
8178288
8177365
8173646
8173390
8172668
8172536
8171908
8169375
8168621
8168403
8168400
8168084
8167406
8166599
8165669
8165007
8164620
8163756
8163415
8163385
8160855
8160144
8159992
8159791
8158819
8156320
8155033
8152801
8150308
8148473
8148323
8147638
8145734
8145199
8145162
8144940
8144906
8144182
8143356
8142453
8140486
8140444
8140352
8139641
8138584
8137651
8136367
8134845
8134635
8134378
8134247
8133724
8133255
8132963
8131997
8131359
8129590
8127641
8126878
8126625
8125764
8125169
8123801
8121275
8119663
8119653
8118707
8118526
8116551
8116443
8115239
8114617
8113899
8113888
8113009
8112976
8112916
8112429
8110323
8110189
8109517
8107760
8103461
8103262
8102637
8102150
8101766
8101583
8100842
8100804
8098324
8095086
8094884
8094102
8092965
8090909
8089616
8089000
8087967
8087960
8087628
8084686
8084467
8084278
8083738
8081660
8081393
8081004
8079053
8078034
8077743
8075868
8075737
8075026
8072423
8072064
8071068
8070154
8067394
8067296
8066219
8065837
8065832
8063182
8060981
8059347
8058730
8058134
8057836
8057496
8055578
8055561
8054839
8054188
8053301
8053077
8052491
8052143
8049741
8048357
8048133
8046307
8046005
8045998
8044784
8043922
8042434
8042358
8041155
8039895
8039826
8037333
8035724
8035697
8035106
8034270
8032751
8032427
8031916
8031768
8031403
8030720
8030476
8029951
8026749
8025487
8022893
8022854
8022839
8021426
8020913
8020749
8020600
8019956
8017599
8016789
8016763
8016549
8016537
8016267
8015484
8014790
8013610
8012754
8011496
8010783
8010751
8008658
8005667
8002775
8002548
8001816
8001465
8000819
8000745
8000353
8000156
7996128
7995419
7994361
7993382
7993073
7989576
7989155
7988794
7988062
7987708
7985298
7984001
7983076
7982790
7982386
7981693
7980307
7980018
7979416
7976830
7976116
7975465
7975136
7974432
7972651
7971889
7970445
7970224
7969877
7969502
7969210
7968321
7967473
7966551
7966047
7964658
7964110
7963969
7962998
7962706
7962056
7961707
7960971
7960932
7959690
7958766
7956075
7955916
7955805
7955784
7954000
7953223
7952120
7951153
7951037
7949574
7949509
7948931
7948263
7947421
7946953
7946146
7942151
7940431
7939908
7938838
7937295
7936770
7936697
7936555
7936093
7934903
7931421
7931255
7929983
7929928
7929118
7927253
7924362
7923828
7923377
7922379
7921387
7921057
7920625
7920409
7920118
7919580
7919464
7918939
7918442
7916494
7914977
7914820
7912566
7912412
7908868
7908783
7908738
7907910
7907801
7907318
7905046
7897751
7897380
7896838
7896791
7895878
7895643
7895377
7895352
7895273
7894700
7894647
7894085
7894043
7893400
7889758
7889514
7889369
7889137
7887987
7887483
7887110
7887023
7884485
7882458
7881967
7881604
7880340
7878208
7877792
7877709
7876614
7873007
7872567
7871057
7869909
7869462
7868929
7867120
7867063
7866465
7866256
7862580
7861891
7861868
7861302
7860575
7858083
7857077
7856050
7852551
7851581
7851555
7851270
7851159
7847654
7847277
7846794
7845994
7845426
7845409
7845300
7843241
7842104
7841843
7838288
7837508
7837259
7837255
7836597
7836284
7835756
7835481
7834485
7833694
7831980
7831352
7830766
7828940
7828100
7827959
7827935
7827787
7826774
7826209
7825857
7825723
7825717
7824409
7823487
7823009
7822852
7822671
7821563
7821325
7820545
7820160
7819241
7818026
7817155
7815119
7814339
7813674
7813283
7812918
7812722
7811524
7811335
7810820
7810600
7809564
7809186
7809010
7808670
7807070
7806664
7805422
7805239
7804650
7804609
7804555
7804215
7804006
7803016
7802415
7799776
7799537
7798533
7797851
7795008
7793609
7793104
7792862
7792014
7790254
7789873
7787337
7785146
7785087
7782651
7781584
7780608
7778301
7777971
7775080
7774831
7773925
7772535
7769605
7769207
7768967
7768151
7767482
7767360
7765495
7764681
7763635
7763618
7763499
7762433
7762170
7761250
7761147
7758839
7756877
7754832
7754290
7753313
7751760
7750967
7750440
7749336
7748850
7747916
7746591
7746431
7745249
7744529
7742802
7741710
7740119
7739325
7739179
7738863
7737471
7737280
7736691
7733179
7732876
7732477
7732015
7731472
7730804
7730355
7729160
7728559
7728066
7727986
7726648
7726025
7725324
7724484
7724142
7720467
7720259
7718180
7717160
7715519
7715215
7714871
7713632
7712889
7709893
7708844
7708651
7708493
7708161
7708049
7707638
7707227
7704695
7701485
7701311
7700605
7700343
7700138
7700013
7696781
7695539
7691277
7690086
7689912
7689806
7689615
7689391
7688199
7685800
7685624
7684257
7682371
7681583
7679824
7679261
7678230
7678018
7677339
7676538
7676529
7675975
7675924
7675762
7674120
7673986
7670024
7669474
7668442
7667946
7666236
7666183
7663434
7663352
7661952
7659980
7659488
7658761
7657363
7656005
7654785
7653684
7653671
7653307
7652094
7651406
7651045
7649724
7646724
7645759
7644949
7642187
7642053
7639512
7638719
7638350
7638163
7637860
7636590
7634724
7634374
7633312
7632424
7631690
7630352
7629876
7628921
7627249
7624163
7622958
7622918
7622672
7622420
7620873
7619669
7619514
7619188
7618122
7617290
7616594
7616192
7616189
7612993
7611958
7611618
7608130
7607416
7606542
7605009
7604771
7604717
7604186
7602766
7602640
7602498
7601694
7601582
7601440
7598828
7598659
7597586
7597392
7596449
7595558
7595475
7595103
7594333
7594277
7594220
7593242
7591639
7590411
7590085
7588785
7587828
7586506
7585993
7585432
7585293
7581652
7580418
7580357
7579682
7577923
7577662
7577411
7576829
7574961
7573480
7572705
7571593
7569391
7568318
7567930
7567795
7565701
7565339
7565331
7565178
7563363
7563253
7562893
7561517
7560168
7560002
7559609
7559218
7558388
7556677
7555585
7553309
7551665
7551521
7548813
7547759
7547540
7545244
7544085
7543535
7543273
7540802
7540229
7540063
7539717
7539640
7538986
7538710
7538428
7538220
7536631
7535491
7534684
7533841
7533688
7532660
7530383
7530111
7529772
7529653
7529601
7528317
7527324
7527284
7527202
7525756
7525731
7524107
7523125
7522899
7522532
7522155
7521342
7521212
7520565
7520310
7520187
7519085
7518287
7517702
7517453
7516832
7516818
7516401
7515242
7514303
7513721
7512876
7512509
7511693
7511334
7511297
7509452
7508716
7508705
7508620
7508341
7506963
7506954
7506671
7505725
7505350
7505023
7503619
7503596
7502368
7501996
7501571
7501255
7501120
7499976
7498655
7498361
7497410
7497388
7495497
7495038
7492575
7491234
7489598
7488380
7487700
7486498
7485645
7483194
7481463
7481170
7480573
7480479
7478794
7477667
7477634
7476829
7475852
7472963
7468059
7467419
7465482
7465475
7464443
7464250
7463229
7463144
7462630
7462406
7462066
7461951
7461938
7461754
7460265
7459938
7458820
7457301
7454482
7453981
7451554
7451123
7449165
7448339
7447033
7444928
7444534
7443394
7442722
7442587
7442330
7440910
7440796
7439708
7438436
7437325
7436646
7436382
7436176
7436058
7434538
7434266
7433055
7431577
7430990
7430909
7430520
7429878
7429000
7426703
7425363
7424967
7423621
7423556
7423450
7423121
7422551
7422334
7419955
7419688
7418128
7417726
7416751
7413616
7412489
7412300
7411147
7409954
7408715
7407588
7407455
7405403
7404194
7404028
7401802
7401751
7399956
7398799
7398622
7398077
7397386
7395757
7395440
7395419
7395298
7393350
7390626
7387699
7387200
7386877
7386489
7386274
7385544
7384431
7383326
7382646
7382544
7380811
7380212
7378609
7378388
7377501
7376822
7375481
7374262
7373027
7372175
7369973
7368963
7368609
7368532
7366926
7366912
7366454
7364998
7362595
7361460
7357586
7357155
7357064
7355942
7354830
7353676
7352110
7351758
7350476
7346136
7343633
7342265
7341160
7339771
7336536
7335542
7332879
7332103
7331125
7330585
7329502
7329451
7328587
7328261
7327931
7327016
7326345
7326235
7326200
7326122
7325553
7325358
7324555
7323398
7321614
7320030
7319193
7316471
7314523
7314309
7312879
7311928
7311814
7309684
7309618
7308398
7308203
7307977
7306400
7305425
7305420
7304712
7301766
7301371
7299632
7299189
7298987
7298699
7298579
7297059
7293934
7290994
7290623
7289505
7289284
7287999
7287610
7286930
7285425
7285006
7284501
7283225
7282787
7281038
7279995
7279162
7278806
7277710
7275564
7275445
7275314
7274008
7273433
7271756
7271236
7269497
7268879
7267738
7266963
7265786
7265623
7265472
7262442
7261771
7261300
7260760
7260492
7259554
7258872
7258396
7258135
7257052
7256694
7256322
7255757
7255116
7254770
7254500
7254240
7253427
7253323
7253096
7251913
7250743
7250178
7250176
7249460
7248183
7246593
7246311
7246192
7243454
7242984
7241539
7241345
7240631
7240563
7239985
7239872
7239344
7236880
7236347
7236240
7235927
7235101
7232496
7231527
7231074
7230949
7230661
7229503
7229414
7228263
7227888
7226028
7225723
7225195
7224559
7224212
7223580
7222573
7220223
7217809
7217133
7216732
7216318
7215542
7213280
7212863
7212380
7211332
7210589
7209749
7206896
7205555
7204628
7204076
7202337
7201707
7201675
7201373
7200413
7200090
7198736
7198294
7197937
7197423
7197270
7195673
7194957
7194288
7193279
7189409
7187991
7180290
7179542
7176858
7176493
7176429
7175673
7174921
7174767
7174154
7173238
7172485
7170513
7169467
7169352
7168095
7166141
7165468
7164739
7164701
7164678
7164339
7163956
7163557
7163252
7162970
7162895
7162387
7162043
7161869
7161801
7160753
7160275
7159965
7159876
7159312
7158989
7158955
7158167
7157436
7156597
7156073
7154255
7154013
7152601
7151883
7150542
7149839
7148841
7147981
7147868
7147591
7147558
7147274
7144555
7142206
7141293
7140996
7140955
7140934
7138339
7136753
7135570
7134947
7134662
7134319
7131668
7131573
7130853
7129031
7127080
7126341
7125920
7125211
7124220
7122529
7121804
7120847
7118950
7118867
7118638
7117296
7114655
7114092
7112889
7112279
7112071
7111485
7111194
7110242
7110041
7109675
7109578
7107893
7103167
7102938
7102127
7101983
7101766
7100106
7099563
7099355
7098120
7098063
7097247
7096281
7095316
7093773
7093432
7092914
7092912
7092402
7090975
7089897
7089236
7087848
7085911
7085190
7083727
7083025
7082837
7081583
7080424
7079921
7079691
7078054
7077859
7077722
7077085
7076406
7074937
7074409
7074070
7073723
7073653
7072080
7070309
7070217
7069520
7068944
7066872
7065878
7065816
7064181
7062569
7062016
7059447
7059295
7059248
7058695
7058503
7057843
7057675
7056388
7055829
7055305
7054207
7053534
7052796
7051914
7051228
7051084
7048785
7048721
7048596
7048527
7046924
7046807
7046423
7046087
7044410
7044276
7042690
7042620
7041548
7039927
7037038
7036817
7036748
7031910
7031114
7030237
7028586
7027647
7025820
7024145
7023294
7023246
7023191
7022732
7021271
7020688
7017577
7017534
7017376
7017136
7015234
7015208
7014222
7013957
7013023
7012128
7012100
7011059
7010977
7007395
7007254
7006746
7006295
7004577
7002163
7001937
7001331
6998767
6997429
6997218
6995736
6995329
6992708
6992593
6991771
6991364
6991291
6991272
6990487
6990433
6989336
6988694
6988663
6988088
6988021
6983118
6982277
6981704
6981599
6980875
6980733
6980481
6979361
6978594
6974867
6972984
6972543
6972257
6971113
6970224
6967894
6967598
6967314
6966013
6965971
6965658
6963572
6963214
6962695
6961551
6961065
6960946
6960564
6959706
6959542
6957735
6956834
6955630
6954329
6954030
6953664
6952277
6952166
6951016
6950880
6949893
6949563
6948731
6947603
6946388
6946057
6945784
6945684
6945435
6944607
6943881
6943858
6943326
6942967
6940703
6939825
6939500
6938686
6938675
6938632
6937864
6933418
6932865
6931116
6929110
6924507
6923476
6921035
6919657
6919617
6919489
6918147
6917074
6915338
6914352
6914306
6913101
6912651
6909796
6908400
6908342
6907658
6907154
6906566
6905746
6904504
6903527
6903455
6903289
6901107
6900567
6900120
6898664
6898582
6898182
6897344
6897285
6896172
6894848
6894508
6892933
6891772
6887940
6887634
6886735
6885228
6884348
6884303
6883637
6880861
6879549
6879440
6876406
6875423
6875104
6874381
6871236
6870978
6869599
6868287
6868022
6867819
6867151
6866201
6865665
6864452
6863694
6862946
6861308
6859862
6859666
6859374
6857997
6857602
6857067
6856209
6855154
6855117
6853551
6852441
6852205
6851951
6851717
6849710
6847905
6844419
6844232
6843485
6841092
6841036
6840995
6838169
6837891
6837890
6837614
6837200
6836308
6834696
6834325
6834239
6833857
6831310
6830119
6829440
6828732
6827404
6827267
6825985
6825899
6825175
6824114
6821576
6821452
6818065
6816043
6815848
6815668
6815523
6815172
6813973
6813627
6813496
6813192
6812549
6812495
6811361
6810079
6809872
6808257
6803881
6803731
6803403
6802741
6802265
6800742
6796329
6794699
6793695
6793630
6791941
6791873
6791750
6787599
6787552
6786698
6786454
6786109
6785959
6785452
6782595
6781748
6781642
6781350
6779778
6779334
6778352
6777381
6775899
6775877
6774444
6774239
6773923
6773739
6773383
6771168
6770095
6769310
6768961
6767974
6767249
6766633
6766471
6766406
6766318
6763612
6762376
6757036
6756335
6756102
6754613
6754115
6753221
6752436
6751694
6751434
6751054
6749797
6749558
6749455
6748145
6746168
6745704
6744076
6743014
6742192
6741558
6741070
6740442
6738411
6737720
6736985
6735028
6732460
6732409
6728224
6727428
6726020
6725441
6725425
6722454
6722243
6722055
6721586
6720824
6720416
6719460
6718733
6718663
6718482
6717821
6717750
6717210
6716714
6715199
6714075
6713437
6713014
6712843
6712622
6712543
6710874
6709474
6709172
6707115
6707050
6706946
6706869
6704970
6702992
6702481
6702389
6702125
6698056
6698045
6697105
6697085
6696086
6696084
6695934
6695335
6695293
6694337
6693043
6692146
6690924
6690909
6689040
6688084
6686642
6685242
6684013
6683217
6683055
6682515
6680863
6678801
6676422
6674545
6673289
6672750
6670978
6669468
6668086
6667879
6666459
6666009
6664564
6663896
6662754
6662515
6661370
6660616
6660202
6659641
6659532
6656424
6654815
6654411
6653959
6653465
6652429
6648942
6648580
6647838
6646289
6645476
6644434
6644040
6644024
6643557
6635198
6634938
6634856
6634461
6633953
6632775
6627839
6624940
6621842
6621343
6621071
6620950
6620159
6619066
6617663
6617083
6616740
6616647
6616370
6614247
6613003
6612716
6611105
6608329
6608119
6607440
6606217
6605836
6605677
6604496
6604375
6603634
6602825
6602816
6602147
6600155
6599853
6599804
6598906
6597252
6595791
6594715
6593009
6592786
6592672
6592207
6591748
6590941
6589231
6588013
6586076
6585261
6584159
6583599
6582809
6582462
6581697
6581030
6580144
6578546
6578100
6576994
6576912
6576662
6574323
6573891
6573789
6571639
6570367
6569778
6568804
6568237
6567903
6567757
6567733
6567138
6567030
6566696
6566663
6565975
6565604
6564620
6564545
6562918
6561806
6561309
6560238
6558836
6558359
6556917
6556316
6554520
6554420
6553945
6550598
6548395
6548032
6546499
6541720
6541463
6540374
6540321
6539096
6538100
6537224
6536353
6536014
6535353
6535353
6535079
6534566
6534513
6531633
6531530
6531080
6530769
6529980
6529665
6529473
6529039
6528836
6528278
6526577
6526338
6525271
6522096
6521934
6521692
6521054
6520610
6520144
6519175
6517798
6517267
6516926
6516616
6516604
6515828
6515178
6514158
6513909
6512777
6511846
6511154
6510919
6510097
6508459
6508137
6507943
6506240
6505898
6505396
6502672
6500935
6500507
6500256
6500215
6500019
6499483
6498780
6498704
6498602
6498522
6497208
6496670
6496625
6495705
6495432
6495061
6493003
6492610
6492028
6491772
6491693
6491652
6491489
6490812
6490620
6489400
6487480
6487269
6486682
6485920
6485382
6485161
6484998
6484688
6483970
6483612
6481491
6480623
6480243
6479603
6479053
6478622
6478038
6476905
6476263
6475148
6474347
6471310
6469999
6469569
6469233
6468080
6467209
6465398
6465230
6465211
6464098
6463909
6463412
6463235
6462527
6462478
6461942
6461348
6461189
6459378
6459322
6459264
6458995
6458333
6457913
6455534
6453986
6453747
6452958
6451381
6451137
6451023
6450650
6450013
6449088
6448182
6447501
6447091
6446661
6445184
6444521
6444293
6443293
6442189
6441796
6441502
6441257
6441113
6440460
6439912
6439777
6438618
6436543
6436472
6435195
6435179
6434740
6434078
6431875
6431834
6430705
6427507
6426596
6426331
6426306
6424193
6423786
6422082
6421896
6421854
6421106
6420764
6419592
6419282
6418143
6416865
6416670
6416248
6415322
6415208
6413825
6413803
6410675
6410048
6409669
6409229
6407788
6404604
6404072
6403932
6402931
6402838
6402610
6401487
6401216
6400988
6400017
6399415
6396744
6396474
6396412
6395410
6393770
6392308
6392063
6390969
6389665
6389465
6389202
6389009
6388750
6388361
6388348
6387940
6384798
6384691
6384254
6383222
6382942
6382266
6381657
6381373
6380781
6380279
6379661
6378422
6377464
6375481
6374068
6373376
6372698
6371582
6368944
6368825
6368751
6367985
6366747
6366264
6365990
6359251
6357354
6355422
6352152
6350035
6349530
6349442
6348933
6348038
6347830
6347560
6347532
6346557
6346075
6344767
6344612
6344535
6343590
6341929
6340827
6340134
6338701
6338474
6337477
6336319
6336173
6334278
6334055
6334052
6334019
6333743
6333676
6332866
6331399
6331121
6329621
6329186
6327438
6326948
6323875
6323455
6321676
6320153
6319837
6318871
6318810
6318152
6317123
6316519
6316250
6315807
6314926
6313149
6311902
6310584
6308035
6307393
6307143
6306354
6305870
6305504
6304383
6304349
6303156
6302839
6301894
6300731
6299655
6297664
6297045
6295291
6295248
6292647
6292644
6292583
6291981
6291882
6291001
6290095
6289576
6286673
6286347
6286224
6286054
6285529
6285369
6284992
6282526
6282409
6282205
6281420
6280889
6280698
6280254
6279001
6276239
6275176
6274895
6274646
6274266
6272618
6272330
6271572
6270799
6270042
6268339
6266430
6265598
6264657
6263302
6263147
6262656
6262535
6260043
6259399
6259079
6258409
6256047
6255700
6255328
6254410
6251945
6246700
6246473
6246354
6246330
6245515
6243666
6242626
6240849
6240048
6239369
6239292
6239220
6239063
6238101
6237641
6236975
6236167
6235653
6235402
6235043
6234476
6232192
6230778
6230581
6230261
6227562
6227183
6226012
6225512
6225164
6224894
6224628
6223302
6222737
6222705
6221932
6221931
6221697
6220565
6220360
6218973
6218422
6218275
6216464
6215676
6215445
6214336
6213375
6213303
6212589
6211780
6211260
6211154
6211047
6210454
6208390
6208293
6207843
6207583
6207013
6206370
6206218
6206146
6205994
6205869
6205540
6203166
6202157
6202063
6201807
6201457
6199836
6199137
6198519
6195748
6195610
6194111
6193179
6192890
6192879
6192468
6191326
6190259
6189020
6188439
6187530
6185697
6185442
6185304
6185235
6184138
6183249
6181186
6181162
6181047
6180403
6179859
6179052
6175360
6174139
6173484
6173474
6172942
6171661
6169134
6167381
6167202
6166704
6166159
6165932
6165415
6165395
6164931
6164880
6162682
6162599
6162480
6162058
6161305
6161057
6159564
6157287
6156755
6153051
6152002
6149570
6149186
6148287
6147624
6147165
6146345
6145556
6144415
6143914
6143233
6143042
6140713
6140648
6138423
6138062
6138034
6135272
6134144
6133813
6133540
6132547
6132439
6131502
6130222
6129336
6129105
6128457
6128421
6127549
6127447
6127005
6124949
6123280
6122613
6122592
6121202
6121102
6119775
6119191
6119058
6118566
6118388
6117894
6117579
6116932
6114918
6114315
6114220
6113530
6113185
6112922
6111739
6111455
6110621
6110120
6109683
6109271
6109038
6108580
6107698
6107422
6107384
6106366
6105984
6104287
6102254
6102109
6101623
6101601
6100639
6098799
6098467
6096545
6096410
6096273
6095436
6094949
6094297
6093566
6093488
6091533
6089808
6089531
6088952
6087954
6086967
6086647
6086254
6084502
6084412
6084396
6082015
6080822
6079036
6078040
6076900
6076454
6075120
6073364
6073228
6071979
6071571
6071246
6070630
6070073
6068684
6068463
6068146
6067194
6065386
6064200
6063825
6062373
6060768
6060617
6060041
6059338
6057572
6057460
6057075
6055824
6055665
6054721
6053824
6053513
6053312
6053222
6053042
6052986
6052964
6050551
6047578
6046534
6045068
6044898
6044349
6043517
6042378
6042190
6042146
6040635
6040266
6037157
6037076
6036975
6033971
6032234
6032165
6032146
6030468
6030210
6028765
6027735
6026862
6026267
6025874
6025664
6025242
6022991
6021968
6021443
6019638
6018772
6017777
6017185
6014729
6014716
6014669
6014638
6013414
6013000
6012818
6012503
6011659
6011594
6011474
6011115
6010063
6009688
6007279
6006335
6005773
6004188
6003411
5999928
5998029
5997319
5995716
5994857
5994434
5993904
5993185
5992794
5992575
5991127
5990624
5990521
5989810
5989744
5988938
5988727
5987536
5986074
5985356
5984512
5983641
5983206
5982462
5982117
5981845
5980699
5979809
5979254
5978661
5978608
5978200
5977229
5976060
5975314
5974924
5974783
5974444
5974055
5971261
5970262
5969554
5969549
5967849
5966456
5966120
5965281
5965030
5964663
5964132
5963915
5963318
5963172
5963168
5963162
5961749
5961658
5961370
5958347
5957769
5957476
5956645
5955704
5955329
5955182
5953729
5953163
5952361
5951376
5951136
5950450
5950225
5949752
5949446
5948941
5948823
5948748
5947926
5946430
5945210
5944453
5944395
5942621
5941888
5940764
5940718
5940113
5939099
5937442
5937299
5936204
5935908
5935289
5934298
5933683
5933640
5933402
5929622
5928900
5927170
5926977
5926861
5926690
5926353
5923427
5923391
5923252
5923086
5921473
5921264
5920994
5920896
5920271
5919132
5918419
5918083
5918034
5917746
5915071
5910518
5910408
5907939
5904721
5904531
5904283
5903809
5902766
5902409
5902012
5901842
5901233
5900844
5899971
5899917
5899809
5896182
5895848
5895273
5894031
5893530
5893338
5891783
5891718
5889259
5889189
5889064
5888296
5887401
5886078
5885827
5883901
5883795
5880973
5880498
5879501
5879156
5878840
5877559
5877447
5877210
5877043
5875954
5874781
5872958
5872475
5872151
5872109
5870550
5869010
5867717
5867198
5865947
5863688
5862446
5862413
5858815
5856019
5855974
5854961
5854433
5853003
5851918
5851630
5851544
5846051
5845630
5845087
5843470
5837673
5836245
5832728
5831299
5829644
5829540
5828642
5828160
5828040
5825461
5824840
5824012
5822201
5821136
5820623
5820147
5818920
5817694
5817653
5817362
5817280
5816295
5814696
5814184
5813877
5813759
5813478
5810915
5809783
5808942
5808882
5808750
5808217
5807960
5807439
5806875
5805979
5805597
5804378
5803768
5803051
5801501
5799037
5797098
5797066
5796627
5796377
5795408
5795337
5794464
5791678
5790669
5790181
5788735
5787787
5785261
5784978
5784316
5784045
5782213
5780876
5780034
5779486
5779076
5778918
5778334
5778151
5777847
5777594
5775968
5775691
5775434
5775421
5774961
5772918
5771983
5770899
5769244
5768717
5768524
5768356
5766593
5766299
5765482
5763749
5763624
5762378
5760907
5760873
5760728
5760686
5760383
5760362
5758656
5758653
5758646
5757634
5757399
5757078
5756919
5755156
5754159
5753894
5752823
5752625
5751675
5750975
5750578
5748166
5746367
5745311
5744802
5744086
5743901
5743739
5743111
5742042
5741257
5739691
5738805
5738532
5736879
5736825
5736702
5734688
5731887
5730906
5728772
5728667
5727356
5724109
5723311
5722739
5721778
5720568
5718994
5718820
5718148
5718145
5716331
5716149
5715827
5714907
5714449
5713592
5712775
5711444
5710544
5709982
5709036
5706588
5706425
5706044
5705943
5705771
5705734
5705223
5704942
5704926
5703897
5702614
5702040
5701463
5699061
5698421
5698129
5697912
5695521
5695006
5693748
5693636
5692694
5692195
5691990
5690812
5690451
5690163
5689991
5688900
5688448
5687815
5686427
5685836
5685795
5684003
5683727
5682913
5680190
5679742
5679197
5678632
5677689
5677526
5676466
5676454
5676191
5676171
5675890
5675492
5674312
5673859
5673389
5671410
5670907
5670616
5668593
5666737
5665971
5664573
5664194
5662665
5661917
5661537
5661213
5657735
5657079
5656106
5655866
5651335
5651105
5650567
5649504
5647206
5644293
5642466
5641696
5641261
5638174
5636063
5634872
5634107
5633756
5632697
5630957
5629974
5629252
5627400
5625782
5625545
5625492
5621969
5621825
5618485
5614544
5613885
5610598
5608579
5608420
5608318
5608016
5606869
5606583
5605423
5605200
5605160
5603456
5602163
5602060
5601908
5601728
5599632
5599349
5598203
5598156
5597363
5597136
5594943
5593355
5593142
5592766
5592105
5589520
5587549
5587376
5586390
5585675
5585506
5584565
5584277
5584276
5583564
5583063
5581268
5579777
5579245
5577539
5577158
5575544
5574654
5573592
5571801
5570683
5569119
5568454
5568253
5568087
5566920
5566519
5565088
5565070
5564423
5562576
5562426
5561466
5561398
5560828
5559126
5559075
5557635
5555408
5554012
5553144
5548526
5546234
5544106
5543445
5543362
5543007
5541329
5538058
5538021
5537941
5535485
5533597
5531131
5529150
5528660
5528309
5527753
5527752
5527363
5526744
5526349
5524556
5524054
5524005
5523954
5522281
5522271
5522212
5521787
5517338
5514694
5514516
5512986
5512132
5511263
5509983
5509551
5509516
5508336
5507650
5506923
5506794
5506627
5506455
5506435
5505867
5505735
5505159
5504173
5503226
5503021
5501372
5501347
5501227
5500264
5500017
5497394
5496984
5496553
5495483
5494727
5494159
5493888
5492040
5491399
5491107
5490837
5490516
5490355
5486823
5485711
5485602
5485377
5484128
5484045
5483617
5483238
5480915
5480910
5480220
5479997
5479091
5478528
5478169
5476959
5476170
5475978
5475882
5475283
5472259
5472178
5471668
5470356
5470297
5469591
5469517
5468199
5467039
5466819
5466201
5465559
5465187
5464913
5464811
5463136
5462269
5462209
5461703
5461587
5461472
5460368
5458436
5458337
5457284
5456926
5456437
5454995
5454567
5453982
5453708
5452868
5452701
5451935
5450121
5450008
5449606
5448588
5447978
5447176
5446712
5446168
5445166
5445134
5443502
5443220
5441150
5439662
5437774
5437062
5433081
5432900
5431898
5429611
5427795
5427720
5426687
5425560
5424600
5424473
5424095
5423031
5422723
5421204
5420456
5420439
5418558
5418136
5418076
5417556
5417247
5416642
5416436
5415995
5413868
5411315
5410641
5409677
5409653
5408716
5408559
5407995
5407911
5406948
5405948
5405062
5404650
5404486
5404222
5403299
5400835
5399087
5397114
5396320
5394939
5394163
5392494
5390659
5390093
5389808
5389381
5387370
5386492
5386429
5385275
5384939
5382999
5381334
5379929
5376987
5376126
5375844
5375676
5375467
5375406
5372623
5370692
5370310
5370267
5369326
5369289
5368434
5367002
5366703
5365934
5364133
5363276
5362427
5361450
5361355
5360666
5359883
5359425
5359317
5359034
5358360
5357043
5356853
5354328
5353334
5350410
5345753
5344105
5343749
5343333
5342434
5341260
5340740
5340058
5339610
5337060
5336682
5335757
5331421
5331171
5330604
5328569
5326763
5325749
5322755
5321832
5321625
5321174
5321125
5320234
5319863
5319155
5318861
5317458
5316475
5315194
5314041
5312901
5311716
5311341
5308255
5307236
5306375
5306186
5305694
5305263
5304181
5302895
5302716
5302302
5301691
5299002
5297332
5296870
5296293
5296024
5294358
5293716
5292413
5289518
5289422
5289196
5288231
5287571
5287174
5286689
5286468
5285390
5285165
5284803
5284372
5284214
5283476
5282985
5281217
5281151
5280874
5278173
5274928
5273610
5272714
5272416
5271884
5271247
5270106
5269937
5268836
5268796
5268696
5265582
5265546
5264536
5264436
5263503
5263372
5261898
5259335
5258755
5258424
5257798
5257757
5257311
5253749
5251608
5249173
5247902
5246419
5246128
5245780
5245064
5244319
5242628
5242479
5242459
5241937
5240244
5240174
5239398
5234771
5232485
5230192
5229771
5229459
5228928
5228319
5226766
5226695
5225999
5225930
5225724
5225119
5224291
5219734
5218770
5218635
5217869
5217281
5215376
5215127
5214464
5212720
5212698
5212298
5211085
5210731
5208242
5206031
5201989
5201487
5201288
5200120
5199744
5199612
5199042
5196896
5195495
5193870
5193765
5193254
5193250
5192473
5190150
5189449
5186608
5185650
5184570
5183264
5181272
5180832
5180540
5180002
5179661
5179198
5178923
5177057
5176912
5176907
5176201
5176047
5175622
5174946
5174851
5174223
5172736
5172415
5170938
5170910
5170813
5170796
5170454
5169267
5168956
5168897
5168322
5167412
5167080
5165624
5165438
5164952
5164939
5162943
5160128
5159414
5159077
5158394
5157423
5157396
5157186
5156259
5156180
5156100
5154816
5154695
5154668
5152830
5152016
5150281
5147754
5146683
5146615
5145414
5145112
5144366
5143964
5142954
5142070
5142029
5141481
5141412
5140682
5139501
5138571
5136714
5135891
5135686
5134274
5133038
5131962
5131702
5131268
5130066
5129077
5128938
5125956
5125932
5125756
5125735
5125732
5124842
5124751
5122010
5121983
5118983
5118973
5117808
5117013
5116883
5116763
5116691
5114545
5114384
5112433
5111680
5110630
5109850
5109287
5106439
5106172
5106125
5105314
5103074
5102951
5102856
5102654
5101390
5100466
5100441
5098916
5098875
5098805
5098319
5098045
5097544
5097479
5096470
5095993
5094856
5094550
5094451
5094274
5093416
5093274
5092840
5091531
5089131
5089027
5088365
5087547
5086725
5086450
5086447
5085740
5085498
5084751
5084020
5084004
5083376
5083369
5083358
5082043
5081718
5077845
5077474
5077149
5076775
5076604
5075489
5075349
5075191
5074300
5072970
5072198
5069972
5069900
5068937
5068657
5068230
5068182
5068162
5067289
5066699
5065127
5065019
5063034
5060190
5059921
5058415
5058055
5057103
5056607
5055332
5055157
5055059
5053841
5053368
5053364
5050759
5049745
5049691
5047282
5046344
5046282
5045784
5043535
5043226
5042549
5040894
5038046
5037898
5035458
5033824
5033811
5033795
5033269
5032072
5031818
5030908
5030459
5030449
5028078
5027471
5026318
5025638
5024735
5024086
5023546
5023205
5023187
5023187
5019269
5018502
5018427
5016646
5016283
5015624
5014555
5012611
5012528
5011869
5010209
5009650
5009607
5009591
5008497
5006890
5004919
5004094
5002865
5002798
5002337
4998454
4997626
4997545
4997425
4996141
4995746
4995707
4993702
4993561
4993540
4992552
4989674
4989345
4988475
4987092
4986929
4984537
4983775
4983562
4979031
4977549
4976157
4975152
4973542
4972387
4971726
4971188
4970454
4970269
4970238
4969669
4969283
4968195
4967879
4966050
4965700
4963651
4963403
4963382
4963046
4961798
4961113
4960944
4950436
4949960
4947859
4946959
4946956
4946142
4944351
4944003
4943514
4943211
4943200
4941750
4940902
4937331
4934369
4933334
4932895
4931928
4930486
4928494
4927559
4926576
4925241
4923997
4923707
4923364
4923025
4922894
4922742
4921336
4919336
4917976
4917587
4916508
4915951
4915333
4914999
4913805
4913747
4912911
4912691
4912174
4911438
4910329
4909477
4909287
4909111
4908916
4908713
4907652
4907621
4906751
4906716
4904930
4903433
4902999
4902524
4901661
4900654
4899878
4899796
4898789
4896866
4896153
4896074
4895315
4893483
4893093
4891984
4890166
4888270
4887939
4886745
4886008
4885254
4885114
4884985
4884810
4884555
4884425
4884087
4880136
4877818
4877147
4877070
4876939
4876905
4876052
4875061
4874648
4873533
4873131
4872939
4871620
4871028
4870988
4870216
4867891
4866043
4865633
4863774
4863598
4863281
4863158
4862447
4860757
4860553
4858777
4856286
4855410
4855383
4855019
4854873
4852830
4852792
4852000
4851465
4851018
4849350
4846886
4845666
4844817
4844184
4842375
4842322
4841163
4840868
4836503
4836211
4834141
4834061
4833783
4833384
4829434
4827493
4827068
4826428
4823722
4823537
4821621
4820057
4819244
4818483
4817505
4817341
4816776
4816169
4814668
4813891
4813619
4813294
4813059
4812561
4809924
4808933
4808585
4808483
4808117
4807460
4806710
4805686
4805223
4804295
4804070
4803911
4802969
4801945
4801008
4800105
4799870
4798704
4798704
4798549
4798354
4797757
4795373
4793726
4793041
4792486
4792057
4791739
4790235
4788040
4787793
4785190
4784704
4784461
4783564
4783563
4783344
4782501
4781720
4781266
4781256
4780935
4780669
4780500
4780043
4779870
4778938
4778196
4777217
4776349
4775675
4771413
4771333
4770960
4770584
4769696
4767650
4766286
4766154
4764858
4764605
4764312
4763695
4762236
4761015
4760842
4759791
4757598
4757338
4757313
4755715
4755515
4753972
4753491
4752116
4751928
4751733
4751581
4750809
4750180
4749338
4749317
4747855
4745328
4744887
4742485
4741964
4738005
4737939
4736395
4733240
4731651
4730251
4728918
4728572
4728501
4728367
4728336
4728016
4727944
4727431
4725178
4725116
4724132
4722782
4718147
4717928
4716199
4716015
4715675
4713576
4713123
4712497
4711583
4707202
4705628
4705557
4705183
4703764
4703031
4702077
4701878
4701755
4701681
4700318
4699589
4697337
4696861
4695305
4694820
4691629
4691462
4689478
4688338
4687820
4687654
4687528
4687207
4686201
4685014
4684271
4683052
4683024
4681329
4680671
4680345
4678827
4678441
4677184
4674144
4672707
4672135
4671619
4670155
4670001
4669678
4668481
4667255
4667127
4666831
4666746
4666267
4665405
4665250
4664256
4664129
4664056
4663692
4662954
4660237
4659485
4658166
4657181
4655583
4653337
4653020
4652147
4651981
4651104
4649180
4649097
4646708
4646231
4645709
4645009
4644485
4644480
4643114
4642032
4641565
4639668
4639423
4638116
4637230
4636116
4634587
4634090
4633502
4632603
4631946
4630451
4630156
4628199
4627330
4626075
4624105
4623210
4623143
4623017
4622841
4621667
4620520
4619306
4618857
4618853
4618554
4618301
4618036
4617450
4617217
4617118
4616851
4615570
4614033
4613746
4612402
4611462
4610440
4609936
4608621
4606418
4605775
4605542
4605374
4605339
4604476
4604464
4604383
4604262
4604138
4603424
4602551
4602533
4602316
4602071
4601257
4600879
4599594
4597774
4594967
4594811
4594432
4593760
4592437
4590399
4590094
4589679
4588755
4588074
4587831
4585124
4581000
4580772
4580236
4579053
4579050
4576201
4575513
4575028
4573139
4572661
4572178
4572130
4571624
4570709
4569234
4567677
4566538
4566230
4564631
4563689
4562759
4560364
4560282
4560120
4559772
4557626
4556713
4556339
4554456
4553276
4552716
4551770
4551684
4551564
4551558
4550529
4550448
4549396
4549122
4548957
4546521
4545727
4543294
4543227
4541004
4539388
4539373
4538958
4538480
4537283
4536828
4536523
4534445
4531672
4529050
4528415
4527668
4524978
4524447
4523798
4523694
4523419
4521624
4519529
4519432
4518851
4517349
4512641
4509862
4509604
4509012
4508041
4507798
4505250
4504728
4504245
4504144
4502747
4499528
4498684
4498259
4497118
4496369
4496075
4495546
4494969
4494416
4494252
4493897
4492973
4492844
4491974
4490413
4489885
4489327
4489155
4488391
4485828
4483906
4483211
4481433
4480195
4478205
4476765
4473847
4473846
4473843
4473066
4472818
4468910
4466036
4465139
4464366
4463234
4462808
4462676
4461222
4461073
4460809
4459576
4459466
4459442
4459252
4457575
4457318
4454567
4454022
4453673
4452568
4451461
4448588
4448488
4448262
4446683
4445071
4443571
4442920
4442426
4440066
4438186
4434955
4434924
4434042
4433381
4433059
4430834
4430792
4430623
4429411
4428871
4428163
4427523
4427163
4424516
4422205
4422143
4421622
4420553
4420032
4419307
4419072
4418693
4417977
4417697
4416682
4415699
4414851
4414675
4414349
4414155
4412772
4412693
4410440
4410142
4410101
4409331
4409174
4409081
4409017
4408895
4407014
4405142
4404157
4404059
4402721
4402064
4401568
4400404
4399544
4399385
4398513
4397324
4396320
4394422
4392374
4389932
4386598
4385641
4384924
4383643
4383299
4382351
4382041
4379918
4378694
4377947
4377722
4376551
4376338
4375456
4374626
4372571
4371398
4370546
4370298
4368166
4367466
4367210
4366783
4366051
4364193
4364114
4363849
4363427
4361210
4361193
4360911
4360329
4358315
4357692
4357466
4357349
4353889
4353347
4352790
4351315
4351240
4350954
4350339
4349582
4349274
4348131
4347828
4346823
4344802
4343501
4343168
4343043
4342198
4338392
4338129
4337779
4337612
4337540
4337313
4336043
4335255
4333312
4332929
4332729
4332398
4331401
4330472
4329324
4329132
4328602
4327449
4327135
4326877
4326728
4325529
4324370
4322866
4321789
4321620
4320325
4318918
4316584
4315088
4314114
4314090
4312662
4312024
4310802
4310348
4309205
4302406
4301454
4300253
4299833
4299827
4299619
4299532
4296810
4296250
4296042
4295550
4295550
4294643
4293339
4293118
4292699
4292688
4292434
4291978
4291270
4290749
4290669
4289657
4287587
4287365
4287142
4285742
4285721
4285306
4282746
4281636
4280969
4280413
4279615
4277964
4276450
4276176
4275547
4275465
4275025
4274019
4273527
4273168
4272893
4270164
4269268
4269160
4268105
4264857
4262050
4261806
4261685
4260351
4258737
4257920
4257707
4257187
4256972
4256564
4255159
4252644
4251631
4249241
4248430
4247535
4247527
4247457
4247262
4246762
4246209
4246101
4242236
4241310
4240993
4235494
4235438
4234565
4234313
4233810
4233607
4233369
4233193
4232503
4230981
4230650
4230482
4229392
4228766
4227770
4227721
4227262
4226948
4224902
4224001
4223755
4223379
4222157
4220956
4220425
4219844
4219844
4219414
4218893
4218323
4218091
4218039
4217968
4217493
4216566
4211558
4210396
4208192
4207813
4207101
4206419
4205960
4204831
4204494
4204414
4204226
4203660
4203018
4201963
4200643
4200218
4199270
4199252
4197601
4197310
4196132
4196046
4195985
4195605
4195327
4194188
4194097
4187922
4187291
4186987
4183816
4182918
4180426
4179810
4179442
4178959
4178556
4178309
4175097
4174315
4172856
4172190
4171532
4171160
4171014
4170851
4170263
4169131
4167051
4166364
4163547
4162708
4160494
4160432
4159852
4159728
4158572
4158330
4157564
4157499
4156562
4156254
4155400
4153518
4148274
4146873
4145298
4144756
4143816
4142333
4142254
4141618
4139886
4139475
4138999
4138502
4134660
4133917
4133278
4132154
4130362
4128048
4126352
4126112
4124727
4122331
4122324
4121957
4120043
4119432
4119341
4119021
4118583
4117998
4115550
4115422
4114244
4113386
4112396
4112022
4110688
4107691
4107671
4106735
4105971
4105739
4105302
4104701
4104415
4104321
4103684
4103466
4103336
4102563
4102356
4101351
4101317
4100868
4100836
4099010
4098125
4096845
4095881
4095635
4094206
4093758
4093120
4091409
4090684
4087945
4087203
4087113
4085896
4085827
4084722
4082414
4081925
4080445
4079556
4079127
4078666
4078411
4075708
4075697
4075140
4075133
4072017
4069686
4069631
4069039
4068883
4068709
4068555
4067989
4067952
4067241
4067220
4063425
4062853
4062531
4061500
4061168
4059955
4059477
4059356
4058714
4058424
4058035
4057864
4057671
4057016
4056114
4054303
4052694
4051558
4050918
4050181
4050045
4049684
4048487
4046852
4045184
4043837
4043492
4042025
4041761
4041633
4041286
4040214
4039154
4037962
4037636
4033937
4033562
4032654
4032579
4031677
4031267
4028737
4028087
4027331
4027086
4026927
4026849
4026211
4025907
4025473
4025166
4023846
4021133
4020448
4020171
4019123
4018994
4016048
4015482
4014708
4012030
4010779
4010372
4009915
4009456
4009257
4008105
4007383
4007032
4006881
4006186
4005965
4005889
4005558
4005259
4002554
4002192
4002183
4000605
4000515
4000069
3999447
3999344
3999303
3998531
3998500
3994937
3993183
3992448
3991895
3991298
3990195
3989742
3989740
3989467
3989177
3988532
3988494
3988013
3984979
3984476
3984466
3983425
3981860
3981456
3981360
3981077
3978991
3977454
3975981
3975096
3974828
3974396
3973615
3973450
3971950
3971575
3971370
3970474
3968201
3967610
3966586
3965338
3964915
3962304
3962261
3961921
3960554
3958844
3956456
3956305
3956059
3955449
3954551
3954328
3953889
3953294
3952035
3951999
3951740
3951232
3950965
3950505
3950453
3949660
3949531
3949250
3949021
3945267
3942702
3942168
3941994
3940345
3940055
3939063
3937261
3936677
3936355
3934177
3934101
3934037
3933820
3933704
3933399
3933136
3931430
3931072
3930905
3929179
3928910
3927806
3927428
3925895
3925203
3924935
3924267
3921525
3920220
3919038
3918658
3914896
3912987
3912870
3912591
3910893
3910833
3910415
3910242
3909962
3909690
3909424
3908950
3908566
3907315
3906434
3906188
3905469
3904561
3903123
3902386
3902181
3901976
3901215
3899224
3899130
3897128
3895998
3895921
3895866
3893857
3892488
3892255
3890003
3889307
3888597
3886526
3886469
3885828
3884677
3883566
3883234
3881545
3881252
3880936
3877498
3877113
3875259
3873279
3873136
3873084
3872710
3871240
3870974
3867920
3867160
3865960
3864282
3864152
3864037
3863140
3862988
3862237
3862031
3860339
3860090
3860068
3859143
3857329
3857074
3856328
3856088
3854781
3854733
3854612
3854578
3853351
3851697
3851441
3850507
3849706
3848967
3845959
3845869
3845219
3844947
3844729
3843613
3842325
3841722
3840823
3838788
3838757
3838231
3834939
3834766
3834237
3832397
3831523
3831251
3830413
3829202
3825066
3823954
3823652
3822617
3822561
3821272
3819335
3819049
3818921
3817263
3816466
3816387
3815888
3815045
3814777
3814210
3813134
3812871
3811190
3810718
3810079
3809601
3809394
3807303
3807212
3805846
3805219
3802781
3801939
3801360
3800235
3799728
3798015
3797979
3797572
3797384
3793249
3792835
3792696
3792261
3791533
3791053
3790491
3790168
3789163
3788310
3786266
3786118
3783218
3782477
3779680
3779196
3777561
3777492
3777073
3774136
3774117
3773770
3773674
3773241
3772383
3771885
3770674
3768085
3767874
3765736
3765048
3764818
3763821
3761421
3761158
3760798
3760540
3759080
3758459
3757299
3756952
3756083
3755776
3754594
3754512
3752127
3750877
3749490
3748943
3747825
3747269
3746811
3744125
3743921
3743896
3743595
3743492
3742612
3741840
3741781
3741194
3737178
3735023
3734514
3733463
3732829
3732673
3732335
3731931
3730758
3729783
3729397
3729022
3727941
3727877
3727118
3725815
3725059
3722334
3721473
3718321
3718048
3716930
3713618
3713150
3712968
3712187
3711189
3711026
3709813
3709105
3708576
3706529
3705102
3704495
3704147
3703442
3703399
3702189
3700082
3699184
3698974
3698601
3698189
3697564
3696639
3696231
3696043
3695399
3694293
3692849
3692164
3692161
3691844
3690591
3690282
3689669
3689056
3688309
3687770
3684858
3684581
3683875
3682976
3682829
3682533
3679795
3679645
3674346
3673397
3672499
3671957
3670655
3670124
3666576
3666512
3666155
3663565
3663253
3660074
3657462
3657369
3657242
3656947
3656631
3656182
3655925
3653477
3653360
3653122
3652160
3651868
3648301
3646588
3646469
3645559
3645326
3644930
3644216
3642688
3640522
3638476
3638147
3637943
3637904
3637878
3634730
3633939
3632927
3632731
3632380
3629966
3629755
3628643
3627466
3627223
3624991
3623596
3620663
3619689
3618936
3618279
3616618
3616028
3615294
3615239
3613715
3613583
3611629
3610653
3609895
3609635
3609098
3608026
3607961
3607800
3606206
3605905
3605405
3605291
3605192
3605169
3602289
3601441
3601181
3600730
3597443
3594704
3591785
3591110
3589990
3587634
3587577
3587010
3586596
3585477
3585374
3585246
3584308
3584188
3583705
3583694
3581550
3579469
3579126
3577573
3577039
3576079
3575990
3575287
3573386
3572712
3571575
3571015
3570645
3570058
3569634
3568667
3567694
3567671
3567289
3567035
3566997
3564050
3563929
3563590
3563468
3563216
3559434
3558991
3557837
3557526
3556227
3556182
3556129
3555354
3553261
3552781
3550909
3550104
3549866
3548394
3544259
3544214
3542997
3542058
3540821
3540428
3540130
3536800
3535451
3535363
3534909
3533804
3533442
3532642
3531798
3531351
3531215
3531141
3530857
3530120
3528707
3528616
3526911
3525741
3524337
3522734
3522684
3522248
3522168
3521944
3521300
3519310
3518518
3518174
3517919
3517870
3517748
3517666
3516994
3516655
3516524
3515984
3515906
3515186
3514984
3514933
3511362
3511089
3510906
3509101
3508864
3507204
3506247
3506156
3505847
3505191
3504954
3504365
3503303
3499519
3498453
3497936
3497619
3496006
3495295
3494684
3494563
3491685
3490073
3487454
3487386
3483993
3483863
3483077
3482840
3481978
3481059
3480691
3478553
3476469
3476346
3476176
3475853
3475799
3474392
3473316
3470828
3470612
3469592
3468165
3466493
3464391
3463483
3463020
3462871
3462205
3460821
3460774
3460093
3459035
3458926
3458761
3456910
3456885
3456607
3456372
3455916
3455768
3455608
3454983
3454795
3454763
3453720
3453301
3452228
3451250
3450943
3449902
3448707
3448108
3446865
3446785
3445776
3445363
3444923
3444005
3443759
3443468
3443028
3442929
3442843
3442705
3440283
3437419
3436562
3436320
3436247
3435472
3434260
3433897
3432551
3432033
3430897
3429707
3429256
3429115
3428213
3428079
3426815
3425768
3425670
3425370
3425312
3425127
3424770
3424717
3424036
3423332
3421878
3421689
3421144
3420455
3420130
3419983
3419916
3419555
3419505
3417954
3417891
3417675
3414989
3414050
3413822
3413037
3412965
3412631
3410473
3410280
3405221
3403771
3403612
3402226
3400092
3399440
3399183
3398537
3398523
3398261
3397960
3396991
3393495
3393411
3393218
3392268
3391972
3389345
3388847
3388008
3383542
3383263
3380101
3378533
3376993
3376927
3376429
3375702
3375664
3373120
3372417
3372268
3371859
3371762
3371234
3371058
3371008
3370470
3369365
3369352
3367158
3365169
3361643
3361133
3361031
3360255
3360176
3353887
3352837
3352496
3352443
3350806
3350135
3349723
3349547
3349428
3349254
3347498
3345527
3345128
3345058
3344828
3344524
3342087
3341161
3339762
3338690
3337501
3337362
3335237
3334893
3334090
3333415
3332367
3331735
3331053
3330879
3330557
3330349
3327450
3327416
3326574
3325544
3324549
3324510
3323307
3321662
3321432
3320656
3319269
3318341
3317994
3317987
3314280
3314199
3313685
3312639
3310553
3309568
3308767
3308225
3306312
3305633
3305235
3304642
3304121
3304042
3303030
3302929
3302917
3301662
3301526
3301091
3300323
3299931
3297698
3297686
3295524
3295435
3294527
3294361
3294032
3293880
3293774
3292589
3290614
3290565
3289924
3289227
3288883
3288469
3288396
3287980
3287391
3285765
3284906
3284851
3284465
3283969
3281993
3280219
3278602
3276679
3275565
3275256
3274456
3273894
3273355
3272607
3271279
3269671
3269301
3268567
3267661
3266713
3266154
3264561
3262726
3259369
3257830
3256349
3254494
3254278
3253623
3251800
3251326
3250038
3249741
3249048
3248830
3247448
3246636
3245462
3245306
3244535
3244491
3244470
3242920
3242261
3238912
3237916
3235987
3235464
3235245
3235186
3232675
3232668
3232572
3232531
3232432
3231038
3229538
3227133
3225024
3224318
3222370
3222000
3221058
3219834
3218764
3218709
3218566
3218231
3216306
3209324
3208301
3208091
3205597
3205021
3203210
3203038
3202024
3200583
3200469
3199324
3198686
3197777
3197023
3196630
3196431
3196287
3195551
3193999
3193878
3193173
3192762
3192489
3190285
3189216
3188619
3188406
3188311
3187933
3187520
3187209
3184361
3183217
3183195
3182928
3181809
3181334
3180975
3179974
3179581
3176508
3176022
3173939
3173164
3173132
3173018
3172942
3172305
3171891
3169283
3169116
3168990
3168751
3167473
3167147
3166938
3165319
3163790
3163400
3162986
3161195
3160357
3160097
3160052
3159528
3157139
3156601
3155867
3155767
3155384
3154880
3154370
3154221
3153561
3152957
3152503
3152257
3151707
3149016
3148590
3148536
3148267
3147485
3147235
3147197
3146777
3145649
3145102
3144800
3144658
3144486
3144028
3143743
3140349
3140018
3138701
3136709
3136664
3134642
3134270
3134174
3133699
3132659
3132555
3132290
3131784
3131719
3131195
3130330
3129448
3127268
3126521
3126043
3123021
3122305
3121801
3121699
3120629
3120215
3120183
3118931
3118803
3118606
3118577
3116999
3115467
3114312
3113546
3112092
3109575
3108448
3107730
3106703
3105691
3104477
3104088
3102317
3101786
3100114
3100045
3099975
3099776
3097087
3095706
3095389
3093431
3090600
3089518
3088742
3086938
3085342
3082137
3081713
3081705
3081158
3080164
3079726
3079152
3075674
3075349
3074488
3074192
3073673
3073391
3073316
3071491
3070594
3068202
3067931
3066853
3066556
3066115
3065815
3064704
3063191
3059942
3059348
3057840
3057809
3057320
3056114
3055962
3055204
3054960
3053842
3052357
3052167
3051971
3050830
3049269
3047313
3046464
3043786
3042383
3042169
3040778
3038230
3037902
3035856
3035189
3034708
3034293
3034267
3033024
3032814
3032315
3029202
3027769
3026236
3024746
3024007
3023512
3023147
3023132
3022459
3021963
3021552
3021403
3021323
3020958
3019664
3019398
3018783
3015501
3014997
3014787
3012568
3012446
3011674
3010369
3007353
3006706
3006112
3002226
3001622
3001389
3001259
3000949
3000565
3000296
3000036
2999737
2999025
2998093
2997639
2996969
2996020
2994417
2992495
2992446
2990903
2990818
2988535
2987809
2987704
2987511
2987502
2986551
2985714
2985398
2985128
2984442
2983142
2982295
2981127
2980261
2979112
2977993
2977394
2975515
2974176
2973442
2971660
2971137
2969933
2969453
2968138
2968102
2967493
2967399
2966583
2966281
2966256
2963211
2962498
2962042
2961967
2961516
2961492
2959963
2957224
2956446
2955618
2955600
2954541
2953172
2948008
2947839
2946516
2941825
2940226
2938807
2938798
2938510
2938356
2937703
2936800
2934831
2934144
2934025
2933902
2933850
2932770
2931457
2928901
2928877
2927502
2926965
2926915
2926211
2926078
2924983
2924844
2922754
2921780
2920136
2919981
2919965
2919965
2919519
2917738
2916480
2916017
2915947
2915902
2914028
2913191
2912404
2912361
2912275
2909703
2909018
2908802
2908018
2906335
2905163
2903418
2903081
2899933
2899703
2897148
2895091
2894854
2894337
2894050
2893506
2892486
2891831
2889781
2889223
2888927
2888662
2887578
2886762
2886757
2886381
2885969
2885900
2885859
2885636
2882974
2882213
2881545
2880337
2879802
2878424
2877065
2876861
2875377
2874381
2873492
2872718
2872713
2872090
2869255
2867711
2867313
2866616
2863037
2862765
2861816
2861759
2861432
2861342
2860779
2859920
2859332
2858729
2855883
2855228
2855127
2854233
2852142
2851885
2851755
2850952
2850237
2849671
2848031
2847130
2847055
2846696
2842429
2842347
2841811
2841447
2841368
2840920
2840542
2840339
2839108
2839057
2836831
2835527
2835128
2832383
2831939
2828727
2828360
2827705
2827244
2826283
2826037
2820690
2820578
2820538
2820294
2819317
2819023
2817642
2817524
2817429
2816778
2816424
2816063
2813918
2813713
2812492
2811784
2810975
2810790
2808605
2808161
2807824
2807736
2806992
2806902
2806546
2806453
2805966
2805609
2805493
2804297
2802003
2801995
2801564
2801540
2800356
2800078
2799820
2799710
2799124
2798730
2798647
2798394
2798100
2798079
2797990
2797852
2796714
2796251
2796066
2796026
2795712
2793847
2792677
2792371
2791051
2790886
2789675
2789546
2789184
2787416
2786490
2784720
2783371
2782753
2782739
2782180
2782129
2781973
2780046
2779808
2778754
2778647
2778271
2778062
2775830
2775362
2774075
2773906
2772526
2771801
2771064
2770261
2769641
2769051
2767154
2765211
2764066
2762965
2762588
2761099
2758373
2758334
2758018
2757360
2757067
2756436
2756423
2755664
2754363
2753698
2753036
2752456
2747065
2746453
2745999
2744956
2743820
2742833
2741966
2741161
2737624
2737218
2736004
2735583
2735471
2734634
2734492
2734157
2734099
2733927
2732015
2730495
2729055
2727470
2725920
2725472
2723306
2721812
2720464
2720167
2719525
2718839
2718330
2718297
2717809
2715253
2714422
2713759
2712783
2712550
2711926
2710445
2710441
2709308
2709305
2708839
2708437
2707001
2706679
2706518
2706374
2706370
2706324
2705780
2704637
2704083
2702478
2702390
2701478
2701400
2701333
2700976
2700973
2700093
2697786
2697147
2697060
2696841
2694826
2693410
2692664
2692074
2691431
2690843
2689423
2685126
2683458
2683119
2682713
2682377
2682375
2682232
2681525
2680216
2678751
2677768
2674709
2674348
2673702
2673433
2671765
2671257
2671103
2670155
2669749
2668277
2667753
2667527
2666887
2662886
2662762
2662632
2659025
2658424
2658262
2658243
2658006
2657873
2654563
2651845
2651812
2651089
2650921
2647538
2647235
2647165
2645813
2645335
2645166
2644379
2644116
2644017
2643423
2642311
2641852
2641307
2641042
2640659
2636573
2636565
2634523
2633928
2632862
2630469
2629743
2629575
2627492
2625478
2625064
2624817
2624316
2624110
2624085
2623632
2622871
2622542
2621050
2620923
2619770
2619456
2618894
2618554
2617598
2617487
2616718
2616416
2616036
2615245
2613632
2611423
2609954
2609625
2608600
2608425
2607249
2605110
2604440
2604301
2603166
2603036
2602938
2602644
2600608
2600471
2599790
2599068
2598887
2597186
2594037
2592660
2591682
2589224
2589078
2587832
2587803
2587608
2586802
2586043
2585998
2585429
2584849
2584548
2582861
2580669
2579263
2576178
2575660
2575198
2573813
2572117
2571204
2571030
2570906
2569897
2569687
2569383
2569086
2566942
2565127
2565097
2565024
2564026
2560816
2560398
2558788
2556527
2556522
2555865
2555374
2552698
2547851
2547626
2547504
2546901
2542555
2541376
2539904
2539315
2539150
2539137
2538130
2536966
2536516
2536263
2535994
2533383
2533073
2533006
2532888
2529265
2528716
2527111
2526752
2521821
2521613
2521135
2521088
2519243
2517079
2516881
2515925
2515282
2515098
2513375
2513090
2512788
2511250
2509000
2506344
2505127
2505052
2503170
2501781
2499082
2498517
2496972
2495587
2493739
2491594
2491032
2489607
2488596
2486920
2486186
2485572
2483788
2480981
2479824
2476574
2476160
2476103
2476089
2475683
2475310
2475074
2473725
2473408
2472231
2471347
2468577
2467748
2466957
2466595
2465663
2465024
2462276
2462012
2461092
2459977
2459001
2458970
2458577
2457927
2455650
2452871
2451169
2450800
2450417
2447868
2447490
2447109
2446538
2446471
2445449
2444712
2443665
2442732
2442117
2442075
2441917
2441820
2441746
2441214
2440128
2440029
2439052
2436922
2435913
2434950
2433062
2432776
2432216
2432013
2431672
2431564
2429274
2428690
2428055
2426890
2426412
2425302
2424080
2423507
2423171
2423053
2421872
2421073
2420384
2419618
2418430
2418371
2416223
2416195
2416048
2415274
2413958
2412565
2412313
2408748
2407698
2407503
2407027
2406789
2405332
2405308
2403585
2402921
2402632
2400995
2399638
2397475
2396380
2396054
2395731
2395160
2394411
2394015
2393023
2392521
2392444
2391213
2390436
2390311
2390230
2389010
2388798
2388496
2388414
2388313
2388257
2387321
2384943
2382389
2381598
2380182
2379280
2378596
2378517
2378251
2376033
2375841
2375613
2374632
2374612
2373787
2373119
2372767
2372484
2371129
2371040
2370105
2368154
2366906
2366599
2366366
2366363
2366141
2363695
2363287
2362876
2362442
2361757
2359950
2359836
2358150
2357219
2356187
2355992
2355797
2354531
2354375
2353850
2352982
2352226
2351991
2351675
2351337
2350849
2347400
2347028
2346960
2345330
2344056
2343867
2343390
2342986
2342898
2341862
2341402
2340689
2339702
2339198
2337654
2337409
2336759
2335368
2335133
2331841
2331238
2331235
2330687
2329935
2329868
2328390
2326177
2325689
2324763
2324760
2323892
2323610
2323332
2323044
2321259
2320985
2320529
2319240
2318647
2318587
2318209
2317236
2313672
2313303
2312249
2311335
2311236
2309453
2308673
2308532
2308132
2307691
2307154
2305546
2304581
2300133
2299576
2297993
2297917
2296854
2296821
2296293
2294868
2294755
2294622
2294421
2294104
2292735
2292723
2288390
2287564
2287120
2285937
2285283
2284949
2281986
2281225
2279122
2278934
2278697
2278620
2278151
2278013
2275771
2275500
2274239
2273490
2271850
2270931
2270907
2269747
2268912
2268868
2268760
2267111
2266772
2266213
2265581
2265324
2264724
2264041
2263681
2262965
2262698
2261842
2260361
2259904
2259413
2258578
2258501
2255767
2254666
2253475
2253113
2252068
2250505
2249539
2246157
2244549
2243757
2243360
2241641
2240519
2240144
2240119
2239451
2239182
2237904
2235878
2234875
2234551
2233392
2232817
2231554
2231167
2230831
2228640
2228463
2227702
2227695
2227123
2226671
2226279
2226049
2225424
2223917
2222260
2220828
2220273
2219241
2219045
2218942
2216994
2216697
2215737
2215125
2214665
2214412
2214027
2212542
2211931
2211771
2211724
2210788
2207671
2207394
2206419
2203977
2201159
2201145
2200647
2196317
2193915
2193737
2192602
2191533
2191183
2191053
2190115
2188843
2188376
2187933
2187592
2187498
2185341
2184167
2183980
2183347
2180510
2178344
2177414
2177195
2177111
2176517
2175657
2175239
2174914
2174548
2174295
2172170
2171534
2168126
2167118
2166145
2166018
2165941
2165187
2165168
2164446
2164349
2164058
2162992
2162924
2161499
2160224
2158294
2157600
2157480
2156669
2155222
2154920
2154078
2153482
2152033
2151807
2148474
2148386
2146204
2145211
2142975
2142790
2141501
2140913
2140451
2138944
2138854
2137804
2137572
2137086
2137049
2135179
2134737
2134481
2133668
2131234
2130563
2129039
2128798
2128144
2126966
2125642
2125229
2124814
2124447
2122580
2117889
2117821
2114833
2113706
2113651
2112452
2111870
2110806
2110174
2109131
2108100
2107834
2105664
2104414
2104373
2104057
2104018
2103293
2101884
2101262
2100954
2099147
2098946
2097241
2095285
2095020
2094689
2094535
2093248
2092861
2091801
2091715
2090321
2088817
2088562
2086678
2085900
2084900
2084299
2082041
2081095
2080943
2080674
2076814
2075300
2073822
2073761
2070826
2069723
2068608
2063739
2062517
2061986
2061899
2061593
2061138
2060580
2058360
2057351
2056615
2055931
2055091
2053702
2052463
2052241
2051693
2051359
2050045
2049523
2048912
2046875
2045559
2044268
2043467
2043066
2041116
2040680
2039788
2039489
2034548
2034266
2034203
2033985
2033885
2032838
2031137
2030503
2030457
2028029
2027020
2026939
2023627
2023441
2023260
2023132
2021876
2021845
2019173
2018779
2017436
2016059
2015758
2012672
2010678
2010046
2009741
2009003
2008811
2007440
2007433
2007350
2004945
2004695
2003298
2002300
2002228
2001675
1999987
1999496
1999392
1999270
1998536
1998119
1997194
1994285
1994254
1993159
1993158
1992374
1992145
1990717
1990070
1988890
1988825
1985260
1984984
1984687
1984337
1984007
1983232
1982419
1980206
1980000
1976910
1975010
1974968
1974846
1974341
1974337
1970513
1969742
1969608
1969371
1968389
1967973
1965947
1965776
1962410
1960813
1959343
1957577
1957487
1956651
1956484
1956085
1955208
1954978
1954070
1953746
1953681
1951419
1951260
1951125
1950675
1949447
1946139
1944103
1942615
1942461
1940624
1940456
1939704
1938009
1937645
1936799
1936716
1935411
1933980
1933778
1933487
1933397
1931029
1930527
1930346
1929437
1925641
1925119
1924688
1923843
1923724
1923691
1923497
1923426
1922151
1921620
1920712
1920421
1920107
1918799
1918468
1917595
1915899
1915766
1914650
1912520
1911389
1910150
1909991
1909058
1908628
1908606
1908208
1907781
1907632
1904376
1903892
1902166
1901633
1899243
1897946
1897153
1894328
1893764
1892562
1889658
1888168
1887424
1886775
1886428
1884768
1880300
1878650
1876785
1875377
1874617
1874004
1872312
1870710
1870547
1868003
1866316
1864396
1863603
1861515
1861086
1860775
1860597
1860321
1859308
1859221
1857823
1854987
1853820
1853070
1852047
1851452
1851276
1850025
1849904
1848994
1848938
1847660
1846247
1844352
1844312
1843740
1842855
1841267
1840449
1840025
1837876
1836489
1835304
1833817
1833238
1832310
1832249
1831426
1831049
1830374
1830185
1829516
1828513
1827325
1824721
1824157
1823272
1820525
1818216
1817913
1817264
1815497
1815218
1813271
1813123
1810087
1806270
1804601
1803908
1803678
1802886
1801346
1800687
1796308
1794870
1794154
1792537
1792482
1791911
1791902
1791403
1790451
1789981
1789864
1788760
1788503
1787980
1787864
1787188
1786993
1785823
1785214
1784824
1784790
1784478
1783895
1783112
1783110
1782055
1780744
1779987
1779445
1776764
1775402
1774997
1774380
1774266
1772758
1772288
1770774
1769277
1769267
1768242
1767006
1765084
1763159
1763038
1761340
1760869
1760751
1759894
1759285
1758591
1758177
1758051
1757240
1756464
1756461
1755906
1754864
1754860
1753752
1753135
1752121
1751980
1751671
1751554
1751275
1749647
1749161
1748288
1746593
1746592
1745882
1745709
1745437
1744401
1744323
1743241
1742669
1742360
1740998
1740699
1740391
1740154
1738186
1735629
1735607
1735443
1735292
1734890
1734372
1732344
1732301
1731525
1731474
1728691
1728331
1727419
1726107
1725998
1722874
1721969
1721231
1720228
1718312
1717515
1715343
1715305
1714349
1714334
1712823
1712599
1712178
1710392
1710002
1709124
1708855
1708061
1707929
1707765
1707533
1706049
1705790
1705628
1704910
1701525
1700052
1699039
1698684
1698282
1694224
1692731
1692688
1692003
1691162
1690135
1689860
1689531
1689038
1689037
1688447
1687547
1687115
1686000
1685729
1685648
1685467
1684111
1683225
1682796
1682067
1680851
1679718
1679316
1678692
1677201
1676029
1674317
1673025
1672664
1671851
1670906
1670321
1670121
1670114
1668672
1665933
1665769
1665472
1665174
1664036
1662779
1661049
1660632
1660057
1659312
1658600
1658356
1657852
1657607
1657135
1656488
1655576
1655028
1654623
1651424
1650117
1648749
1648290
1647786
1647582
1647431
1645999
1645984
1645786
1644957
1644652
1643746
1642717
1642600
1640568
1640150
1638392
1638155
1638145
1637378
1637209
1636502
1634479
1631595
1630665
1630450
1629001
1628223
1623956
1623956
1622886
1622011
1621193
1619498
1618634
1618125
1617578
1616900
1616851
1616345
1616300
1615979
1615688
1614886
1614795
1614737
1613950
1612119
1611211
1611074
1610619
1610275
1609901
1608471
1607797
1607076
1606662
1606372
1605151
1604656
1603970
1603465
1602780
1602392
1602231
1601732
1601456
1599638
1598461
1598069
1597704
1596334
1596098
1594904
1593219
1591614
1591181
1590742
1590468
1590325
1589320
1588872
1588768
1588707
1587208
1585507
1584664
1583982
1583820
1581573
1579469
1578026
1576872
1576089
1573265
1573035
1568060
1567165
1566546
1564704
1563751
1562957
1562830
1562181
1561367
1560757
1560333
1560155
1557459
1555535
1554770
1553873
1553754
1553048
1550854
1550739
1550425
1548407
1548012
1547741
1546777
1546647
1544963
1543650
1543572
1543460
1543137
1543085
1542629
1541005
1539659
1539401
1538574
1538403
1538187
1536511
1536450
1536291
1534750
1531543
1531385
1530632
1529173
1529156
1528629
1527913
1527723
1526466
1522058
1521342
1520345
1519390
1518666
1518592
1518157
1518068
1514541
1513481
1512710
1512581
1511700
1510954
1509125
1508741
1508498
1507459
1506389
1505659
1505059
1504828
1504148
1503594
1503443
1502350
1502311
1501353
1500011
1497826
1497510
1497102
1496148
1495629
1495236
1494349
1492800
1491149
1490664
1490492
1490282
1490019
1489561
1487624
1487153
1486879
1486735
1486674
1485806
1482806
1482762
1482366
1481691
1480344
1478408
1478010
1475624
1474641
1473511
1471036
1468221
1467537
1467532
1466598
1465710
1465225
1465081
1461585
1460570
1460126
1457954
1457540
1457083
1456255
1454287
1453493
1451418
1450748
1450672
1450534
1448452
1448409
1447857
1446889
1446642
1446469
1446144
1444061
1443713
1442910
1442291
1441425
1441091
1440883
1439989
1439520
1438473
1437406
1437095
1437022
1434913
1434356
1434303
1434243
1433809
1432198
1432151
1431988
1431489
1430482
1430090
1429427
1429072
1428303
1427169
1427023
1426981
1426717
1426397
1425586
1425018
1424224
1423045
1422905
1422882
1422132
1422093
1422070
1421795
1421632
1419143
1417527
1417037
1416873
1415367
1412604
1412418
1411560
1410839
1410359
1410349
1409021
1407450
1406773
1405100
1404336
1403400
1400228
1399507
1399424
1398808
1398314
1397769
1397262
1396534
1396424
1395829
1393307
1393264
1391962
1391694
1388040
1386806
1386159
1386098
1385734
1383126
1382350
1382288
1381642
1380639
1379616
1378451
1378401
1377317
1377071
1376952
1376645
1374136
1373913
1373214
1369171
1368969
1368212
1368089
1366386
1365178
1365169
1364641
1364405
1363631
1363523
1361945
1361660
1360981
1360167
1358361
1357842
1357652
1355407
1354021
1353981
1353898
1353685
1351659
1350239
1349437
1349413
1349282
1349275
1349091
1349061
1348725
1348082
1346981
1346452
1346363
1343115
1343077
1342796
1341989
1341072
1340961
1340085
1339736
1339355
1338812
1336311
1335709
1334287
1334184
1333441
1332328
1332044
1330298
1330235
1330025
1328387
1328102
1325865
1324418
1324208
1321249
1321049
1318856
1318690
1318428
1317338
1317183
1317180
1317126
1315225
1315145
1313959
1313688
1310720
1307572
1307046
1306688
1306029
1304909
1300866
1300518
1294997
1293468
1292375
1291352
1289468
1289427
1288251
1285981
1284755
1284498
1283466
1283432
1283014
1282660
1282531
1282277
1281743
1280896
1280516
1279446
1277948
1273824
1273496
1271301
1271297
1271096
1270960
1269927
1269533
1269173
1268611
1267014
1265800
1265669
1265387
1261377
1260269
1260235
1258923
1257477
1257183
1253181
1253135
1251452
1249140
1248877
1248652
1247969
1247528
1247095
1247092
1242587
1242321
1238070
1237854
1237340
1237317
1236795
1235442
1233700
1232936
1232893
1232434
1231038
1228047
1227006
1224984
1224253
1223328
1221850
1221755
1221123
1220497
1219197
1218976
1218732
1216785
1216238
1215522
1214098
1211619
1211438
1211091
1210342
1209649
1206964
1206932
1206477
1203980
1203267
1200593
1197909
1197778
1197090
1197056
1196994
1196580
1195577
1192652
1189787
1189119
1187829
1187224
1184942
1184589
1182403
1182147
1181706
1180593
1180363
1179695
1178236
1177506
1175618
1175559
1174874
1174007
1173928
1173599
1169574
1169253
1166213
1165831
1165182
1164501
1164015
1163986
1159443
1159104
1157996
1157293
1154257
1152483
1152397
1152353
1151655
1151182
1150577
1150412
1144048
1143158
1142742
1140445
1139789
1139114
1138631
1138297
1136705
1136592
1135847
1135312
1134764
1132906
1132489
1131479
1131477
1128765
1128225
1128191
1126738
1125346
1125099
1124454
1124150
1121227
1120653
1118469
1116875
1114339
1111464
1109783
1109535
1109417
1108628
1108568
1108540
1107948
1107443
1107370
1107361
1106341
1101882
1101410
1101022
1097523
1096221
1095443
1095381
1095179
1094321
1094156
1090212
1089967
1086791
1086415
1082792
1082744
1082434
1080554
1080319
1079815
1078963
1078300
1077626
1076831
1076820
1075451
1074571
1073403
1071421
1070502
1070099
1068290
1063019
1062482
1061949
1061261
1060949
1058459
1056185
1055317
1054371
1053158
1052102
1051550
1049673
1048829
1048433
1047720
1047192
1045965
1045032
1042996
1042804
1042506
1041924
1041800
1041675
1041627
1040872
1039655
1039294
1037539
1037206
1036486
1034342
1033778
1031560
1031544
1031240
1031070
1029619
1029188
1027081
1024843
1023584
1023489
1023185
1022823
1022809
1022325
1021788
1021637
1021492
1021352
1020345
1019997
1019122
1019092
1018449
1016235
1015453
1010603
1007584
1006050
1005200
1004039
1002409
1001889
1000981
1000821
1000150
1000099
