1000
886220397
9983765
9976414
9963593
9957326
9941980
9928825
9915425
9911223
9903861
9896987
9895219
9890298
9888471
9887126
9886688
9878881
9875561
9855529
9840154
9836151
9834491
9831144
9822931
9809164
9791788
9787106
9772639
9768885
9763012
9746974
9746413
9741563
9738090
9735786
9733245
9730456
9719005
9709165
9694180
9693503
9666927
9665086
9661747
9647992
9644808
9635895
9635437
9618536
9605730
9599102
9555273
9534952
9522098
9520355
9516896
9515546
9493725
9486663
9481506
9463815
9448161
9443365
9442156
9437710
9416247
9415080
9406607
9403927
9402921
9399668
9381008
9377529
9370831
9366487
9363127
9344119
9334830
9326600
9317004
9303824
9301137
9299334
9299308
9286167
9271017
9262459
9247786
9243215
9243053
9240177
9240085
9227128
9221918
9221907
9212637
9190765
9180872
9157803
9141445
9125367
9110373
9101555
9070333
9064115
9064018
9056775
9053554
9045876
9027375
9021866
9004527
9001989
8997149
8995714
8985518
8976105
8943170
8932245
8931086
8929220
8917067
8916065
8915147
8913626
8913453
8911480
8910234
8901680
8897863
8892993
8885061
8884010
8877113
8873610
8868029
8867847
8858011
8857536
8856567
8852130
8842322
8841198
8839725
8838360
8812094
8798570
8795508
8794338
8756408
8755359
8744980
8739241
8733002
8732726
8718622
8697026
8685015
8683471
8678462
8671797
8662670
8658222
8653515
8651334
8643714
8642195
8635567
8610742
8605708
8604439
8601378
8601200
8580218
8575998
8569396
8567261
8512493
8475203
8472450
8461805
8445492
8426766
8415349
8409814
8404489
8388876
8388504
8383281
8364348
8343481
8336899
8335172
8325816
8323756
8319734
8317505
8310557
8298990
8292573
8286601
8268260
8261369
8260947
8250981
8250167
8227602
8224258
8220322
8215921
8212198
8191802
8190225
8173857
8167811
8162249
8160987
8153088
8129668
8128910
8113329
8106542
8105928
8099709
8093717
8075199
8067807
8047652
8046460
8029299
8017003
7995311
7972118
7967142
7960600
7953169
7944623
7940609
7939364
7936531
7933296
7932783
7916571
7907603
7900420
7900419
7897439
7897369
7892672
7885659
7868693
7865710
7860983
7860130
7856100
7837900
7819368
7816249
7793004
7781574
7776990
7771311
7765905
7735570
7723123
7719461
7713564
7707946
7706025
7702285
7692408
7690207
7677501
7677147
7676832
7667705
7665077
7647189
7620064
7617249
7599655
7574127
7558613
7544398
7540914
7536127
7500462
7499315
7488004
7477335
7460171
7458496
7450607
7445751
7443589
7441872
7427742
7426616
7417969
7404627
7402835
7386094
7379196
7370822
7360949
7353053
7350450
7347158
7343628
7329210
7314959
7310630
7309423
7304818
7302455
7299185
7277192
7262504
7259699
7255014
7250895
7248453
7239391
7223833
7222782
7183739
7180284
7146085
7141627
7131403
7113965
7109801
7107086
7089963
7080418
7044388
7043418
7040362
7037084
7032942
6995673
6986288
6974646
6971313
6955123
6939597
6924742
6918673
6908064
6898429
6883606
6873495
6871125
6867361
6851389
6850892
6832552
6825298
6805902
6802555
6778603
6777600
6777488
6767712
6727870
6725297
6723849
6713602
6707914
6702430
6702414
6694438
6688851
6681113
6678378
6678188
6676777
6661386
6659979
6657990
6643782
6630192
6609366
6605237
6599940
6589880
6583280
6565820
6547086
6545700
6537742
6532636
6532110
6508324
6489897
6485769
6478119
6476980
6470464
6469203
6462060
6461109
6455250
6423210
6422130
6415555
6406992
6401525
6394849
6370693
6366759
6366207
6340371
6336488
6303319
6287090
6284550
6284413
6281651
6269748
6265174
6264542
6258241
6250828
6224920
6205546
6196149
6195183
6185693
6183325
6179268
6174801
6149173
6147081
6142479
6141693
6135898
6133895
6133387
6123933
6123089
6091754
6080866
6078971
6060431
6050509
6035370
6014548
6011231
5991779
5984176
5981912
5979888
5975484
5933526
5925789
5916084
5915073
5911304
5900552
5883272
5868944
5851400
5847699
5839122
5838634
5828799
5820760
5813948
5812082
5808834
5805483
5805374
5803641
5796157
5792132
5777077
5766485
5755899
5737744
5724040
5720530
5714191
5709581
5700656
5695555
5687260
5682809
5681785
5680226
5677475
5659487
5658243
5656072
5639639
5605711
5599510
5576639
5573669
5571287
5557835
5556855
5556469
5542106
5526192
5525267
5497381
5492007
5491546
5464560
5461468
5