1000
1999001
1999002
1999003
1999004
1999005
1999006
1999007
1999008
1999009
1999010
1999011
1999012
1999013
1999014
1999015
1999016
1999017
1999018
1999019
1999020
1999021
1999022
1999023
1999024
1999025
1999026
1999027
1999028
1999029
1999030
1999031
1999032
1999033
1999034
1999035
1999036
1999037
1999038
1999039
1999040
1999041
1999042
1999043
1999044
1999045
1999046
1999047
1999048
1999049
1999050
1999051
1999052
1999053
1999054
1999055
1999056
1999057
1999058
1999059
1999060
1999061
1999062
1999063
1999064
1999065
1999066
1999067
1999068
1999069
1999070
1999071
1999072
1999073
1999074
1999075
1999076
1999077
1999078
1999079
1999080
1999081
1999082
1999083
1999084
1999085
1999086
1999087
1999088
1999089
1999090
1999091
1999092
1999093
1999094
1999095
1999096
1999097
1999098
1999099
1999100
1999101
1999102
1999103
1999104
1999105
1999106
1999107
1999108
1999109
1999110
1999111
1999112
1999113
1999114
1999115
1999116
1999117
1999118
1999119
1999120
1999121
1999122
1999123
1999124
1999125
1999126
1999127
1999128
1999129
1999130
1999131
1999132
1999133
1999134
1999135
1999136
1999137
1999138
1999139
1999140
1999141
1999142
1999143
1999144
1999145
1999146
1999147
1999148
1999149
1999150
1999151
1999152
1999153
1999154
1999155
1999156
1999157
1999158
1999159
1999160
1999161
1999162
1999163
1999164
1999165
1999166
1999167
1999168
1999169
1999170
1999171
1999172
1999173
1999174
1999175
1999176
1999177
1999178
1999179
1999180
1999181
1999182
1999183
1999184
1999185
1999186
1999187
1999188
1999189
1999190
1999191
1999192
1999193
1999194
1999195
1999196
1999197
1999198
1999199
1999200
1999201
1999202
1999203
1999204
1999205
1999206
1999207
1999208
1999209
1999210
1999211
1999212
1999213
1999214
1999215
1999216
1999217
1999218
1999219
1999220
1999221
1999222
1999223
1999224
1999225
1999226
1999227
1999228
1999229
1999230
1999231
1999232
1999233
1999234
1999235
1999236
1999237
1999238
1999239
1999240
1999241
1999242
1999243
1999244
1999245
1999246
1999247
1999248
1999249
1999250
1999251
1999252
1999253
1999254
1999255
1999256
1999257
1999258
1999259
1999260
1999261
1999262
1999263
1999264
1999265
1999266
1999267
1999268
1999269
1999270
1999271
1999272
1999273
1999274
1999275
1999276
1999277
1999278
1999279
1999280
1999281
1999282
1999283
1999284
1999285
1999286
1999287
1999288
1999289
1999290
1999291
1999292
1999293
1999294
1999295
1999296
1999297
1999298
1999299
1999300
1999301
1999302
1999303
1999304
1999305
1999306
1999307
1999308
1999309
1999310
1999311
1999312
1999313
1999314
1999315
1999316
1999317
1999318
1999319
1999320
1999321
1999322
1999323
1999324
1999325
1999326
1999327
1999328
1999329
1999330
1999331
1999332
1999333
1999334
1999335
1999336
1999337
1999338
1999339
1999340
1999341
1999342
1999343
1999344
1999345
1999346
1999347
1999348
1999349
1999350
1999351
1999352
1999353
1999354
1999355
1999356
1999357
1999358
1999359
1999360
1999361
1999362
1999363
1999364
1999365
1999366
1999367
1999368
1999369
1999370
1999371
1999372
1999373
1999374
1999375
1999376
1999377
1999378
1999379
1999380
1999381
1999382
1999383
1999384
1999385
1999386
1999387
1999388
1999389
1999390
1999391
1999392
1999393
1999394
1999395
1999396
1999397
1999398
1999399
1999400
1999401
1999402
1999403
1999404
1999405
1999406
1999407
1999408
1999409
1999410
1999411
1999412
1999413
1999414
1999415
1999416
1999417
1999418
1999419
1999420
1999421
1999422
1999423
1999424
1999425
1999426
1999427
1999428
1999429
1999430
1999431
1999432
1999433
1999434
1999435
1999436
1999437
1999438
1999439
1999440
1999441
1999442
1999443
1999444
1999445
1999446
1999447
1999448
1999449
1999450
1999451
1999452
1999453
1999454
1999455
1999456
1999457
1999458
1999459
1999460
1999461
1999462
1999463
1999464
1999465
1999466
1999467
1999468
1999469
1999470
1999471
1999472
1999473
1999474
1999475
1999476
1999477
1999478
1999479
1999480
1999481
1999482
1999483
1999484
1999485
1999486
1999487
1999488
1999489
1999490
1999491
1999492
1999493
1999494
1999495
1999496
1999497
1999498
1999499
1999500
1999501
1999502
1999503
1999504
1999505
1999506
1999507
1999508
1999509
1999510
1999511
1999512
1999513
1999514
1999515
1999516
1999517
1999518
1999519
1999520
1999521
1999522
1999523
1999524
1999525
1999526
1999527
1999528
1999529
1999530
1999531
1999532
1999533
1999534
1999535
1999536
1999537
1999538
1999539
1999540
1999541
1999542
1999543
1999544
1999545
1999546
1999547
1999548
1999549
1999550
1999551
1999552
1999553
1999554
1999555
1999556
1999557
1999558
1999559
1999560
1999561
1999562
1999563
1999564
1999565
1999566
1999567
1999568
1999569
1999570
1999571
1999572
1999573
1999574
1999575
1999576
1999577
1999578
1999579
1999580
1999581
1999582
1999583
1999584
1999585
1999586
1999587
1999588
1999589
1999590
1999591
1999592
1999593
1999594
1999595
1999596
1999597
1999598
1999599
1999600
1999601
1999602
1999603
1999604
1999605
1999606
1999607
1999608
1999609
1999610
1999611
1999612
1999613
1999614
1999615
1999616
1999617
1999618
1999619
1999620
1999621
1999622
1999623
1999624
1999625
1999626
1999627
1999628
1999629
1999630
1999631
1999632
1999633
1999634
1999635
1999636
1999637
1999638
1999639
1999640
1999641
1999642
1999643
1999644
1999645
1999646
1999647
1999648
1999649
1999650
1999651
1999652
1999653
1999654
1999655
1999656
1999657
1999658
1999659
1999660
1999661
1999662
1999663
1999664
1999665
1999666
1999667
1999668
1999669
1999670
1999671
1999672
1999673
1999674
1999675
1999676
1999677
1999678
1999679
1999680
1999681
1999682
1999683
1999684
1999685
1999686
1999687
1999688
1999689
1999690
1999691
1999692
1999693
1999694
1999695
1999696
1999697
1999698
1999699
1999700
1999701
1999702
1999703
1999704
1999705
1999706
1999707
1999708
1999709
1999710
1999711
1999712
1999713
1999714
1999715
1999716
1999717
1999718
1999719
1999720
1999721
1999722
1999723
1999724
1999725
1999726
1999727
1999728
1999729
1999730
1999731
1999732
1999733
1999734
1999735
1999736
1999737
1999738
1999739
1999740
1999741
1999742
1999743
1999744
1999745
1999746
1999747
1999748
1999749
1999750
1999751
1999752
1999753
1999754
1999755
1999756
1999757
1999758
1999759
1999760
1999761
1999762
1999763
1999764
1999765
1999766
1999767
1999768
1999769
1999770
1999771
1999772
1999773
1999774
1999775
1999776
1999777
1999778
1999779
1999780
1999781
1999782
1999783
1999784
1999785
1999786
1999787
1999788
1999789
1999790
1999791
1999792
1999793
1999794
1999795
1999796
1999797
1999798
1999799
1999800
1999801
1999802
1999803
1999804
1999805
1999806
1999807
1999808
1999809
1999810
1999811
1999812
1999813
1999814
1999815
1999816
1999817
1999818
1999819
1999820
1999821
1999822
1999823
1999824
1999825
1999826
1999827
1999828
1999829
1999830
1999831
1999832
1999833
1999834
1999835
1999836
1999837
1999838
1999839
1999840
1999841
1999842
1999843
1999844
1999845
1999846
1999847
1999848
1999849
1999850
1999851
1999852
1999853
1999854
1999855
1999856
1999857
1999858
1999859
1999860
1999861
1999862
1999863
1999864
1999865
1999866
1999867
1999868
1999869
1999870
1999871
1999872
1999873
1999874
1999875
1999876
1999877
1999878
1999879
1999880
1999881
1999882
1999883
1999884
1999885
1999886
1999887
1999888
1999889
1999890
1999891
1999892
1999893
1999894
1999895
1999896
1999897
1999898
1999899
1999900
1999901
1999902
1999903
1999904
1999905
1999906
1999907
1999908
1999909
1999910
1999911
1999912
1999913
1999914
1999915
1999916
1999917
1999918
1999919
1999920
1999921
1999922
1999923
1999924
1999925
1999926
1999927
1999928
1999929
1999930
1999931
1999932
1999933
1999934
1999935
1999936
1999937
1999938
1999939
1999940
1999941
1999942
1999943
1999944
1999945
1999946
1999947
1999948
1999949
1999950
1999951
1999952
1999953
1999954
1999955
1999956
1999957
1999958
1999959
1999960
1999961
1999962
1999963
1999964
1999965
1999966
1999967
1999968
1999969
1999970
1999971
1999972
1999973
1999974
1999975
1999976
1999977
1999978
1999979
1999980
1999981
1999982
1999983
1999984
1999985
1999986
1999987
1999988
1999989
1999990
1999991
1999992
1999993
1999994
1999995
1999996
1999997
1999998
1999999
2000000
