100
8000000
8000001
8000002
8000003
8000004
8000005
8000006
8000007
8000008
8000009
8000010
8000011
8000012
8000013
8000014
8000015
8000016
8000017
8000018
8000019
8000020
8000021
8000022
8000023
8000024
8000025
8000026
8000027
8000028
8000029
8000030
8000031
8000032
8000033
8000034
8000035
8000036
8000037
8000038
8000039
8000040
8000041
8000042
8000043
8000044
8000045
8000046
8000047
8000048
8000049
8000050
8000051
8000052
8000053
8000054
8000055
8000056
8000057
8000058
8000059
8000060
8000061
8000062
8000063
8000064
8000065
8000066
8000067
8000068
8000069
8000070
8000071
8000072
8000073
8000074
8000075
8000076
8000077
8000078
8000079
8000080
8000081
8000082
8000083
8000084
8000085
8000086
8000087
8000088
8000089
8000090
8000091
8000092
8000093
8000094
8000095
8000096
8000097
8000098
8000099
