100
186900
186899
186898
186897
186896
186895
186894
186893
186892
186891
186890
186889
186888
186887
186886
186885
186884
186883
186882
186881
186880
186879
186878
186877
186876
186875
186874
186873
186872
186871
186870
186869
186868
186867
186866
186865
186864
186863
186862
186861
186860
186859
186858
186857
186856
186855
186854
186853
186852
186851
186850
186849
186848
186847
186846
186845
186844
186843
186842
186841
186840
186839
186838
186837
186836
186835
186834
186833
186832
186831
186830
186829
186828
186827
186826
186825
186824
186823
186822
186821
186820
186819
186818
186817
186816
186815
186814
186813
186812
186811
186810
186809
186808
186807
186806
186805
186804
186803
186802
186801
