1000
2067100
2067099
2067098
2067097
2067096
2067095
2067094
2067093
2067092
2067091
2067090
2067089
2067088
2067087
2067086
2067085
2067084
2067083
2067082
2067081
2067080
2067079
2067078
2067077
2067076
2067075
2067074
2067073
2067072
2067071
2067070
2067069
2067068
2067067
2067066
2067065
2067064
2067063
2067062
2067061
2067060
2067059
2067058
2067057
2067056
2067055
2067054
2067053
2067052
2067051
2067050
2067049
2067048
2067047
2067046
2067045
2067044
2067043
2067042
2067041
2067040
2067039
2067038
2067037
2067036
2067035
2067034
2067033
2067032
2067031
2067030
2067029
2067028
2067027
2067026
2067025
2067024
2067023
2067022
2067021
2067020
2067019
2067018
2067017
2067016
2067015
2067014
2067013
2067012
2067011
2067010
2067009
2067008
2067007
2067006
2067005
2067004
2067003
2067002
2067001
2067000
2066999
2066998
2066997
2066996
2066995
2066994
2066993
2066992
2066991
2066990
2066989
2066988
2066987
2066986
2066985
2066984
2066983
2066982
2066981
2066980
2066979
2066978
2066977
2066976
2066975
2066974
2066973
2066972
2066971
2066970
2066969
2066968
2066967
2066966
2066965
2066964
2066963
2066962
2066961
2066960
2066959
2066958
2066957
2066956
2066955
2066954
2066953
2066952
2066951
2066950
2066949
2066948
2066947
2066946
2066945
2066944
2066943
2066942
2066941
2066940
2066939
2066938
2066937
2066936
2066935
2066934
2066933
2066932
2066931
2066930
2066929
2066928
2066927
2066926
2066925
2066924
2066923
2066922
2066921
2066920
2066919
2066918
2066917
2066916
2066915
2066914
2066913
2066912
2066911
2066910
2066909
2066908
2066907
2066906
2066905
2066904
2066903
2066902
2066901
2066900
2066899
2066898
2066897
2066896
2066895
2066894
2066893
2066892
2066891
2066890
2066889
2066888
2066887
2066886
2066885
2066884
2066883
2066882
2066881
2066880
2066879
2066878
2066877
2066876
2066875
2066874
2066873
2066872
2066871
2066870
2066869
2066868
2066867
2066866
2066865
2066864
2066863
2066862
2066861
2066860
2066859
2066858
2066857
2066856
2066855
2066854
2066853
2066852
2066851
2066850
2066849
2066848
2066847
2066846
2066845
2066844
2066843
2066842
2066841
2066840
2066839
2066838
2066837
2066836
2066835
2066834
2066833
2066832
2066831
2066830
2066829
2066828
2066827
2066826
2066825
2066824
2066823
2066822
2066821
2066820
2066819
2066818
2066817
2066816
2066815
2066814
2066813
2066812
2066811
2066810
2066809
2066808
2066807
2066806
2066805
2066804
2066803
2066802
2066801
2066800
2066799
2066798
2066797
2066796
2066795
2066794
2066793
2066792
2066791
2066790
2066789
2066788
2066787
2066786
2066785
2066784
2066783
2066782
2066781
2066780
2066779
2066778
2066777
2066776
2066775
2066774
2066773
2066772
2066771
2066770
2066769
2066768
2066767
2066766
2066765
2066764
2066763
2066762
2066761
2066760
2066759
2066758
2066757
2066756
2066755
2066754
2066753
2066752
2066751
2066750
2066749
2066748
2066747
2066746
2066745
2066744
2066743
2066742
2066741
2066740
2066739
2066738
2066737
2066736
2066735
2066734
2066733
2066732
2066731
2066730
2066729
2066728
2066727
2066726
2066725
2066724
2066723
2066722
2066721
2066720
2066719
2066718
2066717
2066716
2066715
2066714
2066713
2066712
2066711
2066710
2066709
2066708
2066707
2066706
2066705
2066704
2066703
2066702
2066701
2066700
2066699
2066698
2066697
2066696
2066695
2066694
2066693
2066692
2066691
2066690
2066689
2066688
2066687
2066686
2066685
2066684
2066683
2066682
2066681
2066680
2066679
2066678
2066677
2066676
2066675
2066674
2066673
2066672
2066671
2066670
2066669
2066668
2066667
2066666
2066665
2066664
2066663
2066662
2066661
2066660
2066659
2066658
2066657
2066656
2066655
2066654
2066653
2066652
2066651
2066650
2066649
2066648
2066647
2066646
2066645
2066644
2066643
2066642
2066641
2066640
2066639
2066638
2066637
2066636
2066635
2066634
2066633
2066632
2066631
2066630
2066629
2066628
2066627
2066626
2066625
2066624
2066623
2066622
2066621
2066620
2066619
2066618
2066617
2066616
2066615
2066614
2066613
2066612
2066611
2066610
2066609
2066608
2066607
2066606
2066605
2066604
2066603
2066602
2066601
2066600
2066599
2066598
2066597
2066596
2066595
2066594
2066593
2066592
2066591
2066590
2066589
2066588
2066587
2066586
2066585
2066584
2066583
2066582
2066581
2066580
2066579
2066578
2066577
2066576
2066575
2066574
2066573
2066572
2066571
2066570
2066569
2066568
2066567
2066566
2066565
2066564
2066563
2066562
2066561
2066560
2066559
2066558
2066557
2066556
2066555
2066554
2066553
2066552
2066551
2066550
2066549
2066548
2066547
2066546
2066545
2066544
2066543
2066542
2066541
2066540
2066539
2066538
2066537
2066536
2066535
2066534
2066533
2066532
2066531
2066530
2066529
2066528
2066527
2066526
2066525
2066524
2066523
2066522
2066521
2066520
2066519
2066518
2066517
2066516
2066515
2066514
2066513
2066512
2066511
2066510
2066509
2066508
2066507
2066506
2066505
2066504
2066503
2066502
2066501
2066500
2066499
2066498
2066497
2066496
2066495
2066494
2066493
2066492
2066491
2066490
2066489
2066488
2066487
2066486
2066485
2066484
2066483
2066482
2066481
2066480
2066479
2066478
2066477
2066476
2066475
2066474
2066473
2066472
2066471
2066470
2066469
2066468
2066467
2066466
2066465
2066464
2066463
2066462
2066461
2066460
2066459
2066458
2066457
2066456
2066455
2066454
2066453
2066452
2066451
2066450
2066449
2066448
2066447
2066446
2066445
2066444
2066443
2066442
2066441
2066440
2066439
2066438
2066437
2066436
2066435
2066434
2066433
2066432
2066431
2066430
2066429
2066428
2066427
2066426
2066425
2066424
2066423
2066422
2066421
2066420
2066419
2066418
2066417
2066416
2066415
2066414
2066413
2066412
2066411
2066410
2066409
2066408
2066407
2066406
2066405
2066404
2066403
2066402
2066401
2066400
2066399
2066398
2066397
2066396
2066395
2066394
2066393
2066392
2066391
2066390
2066389
2066388
2066387
2066386
2066385
2066384
2066383
2066382
2066381
2066380
2066379
2066378
2066377
2066376
2066375
2066374
2066373
2066372
2066371
2066370
2066369
2066368
2066367
2066366
2066365
2066364
2066363
2066362
2066361
2066360
2066359
2066358
2066357
2066356
2066355
2066354
2066353
2066352
2066351
2066350
2066349
2066348
2066347
2066346
2066345
2066344
2066343
2066342
2066341
2066340
2066339
2066338
2066337
2066336
2066335
2066334
2066333
2066332
2066331
2066330
2066329
2066328
2066327
2066326
2066325
2066324
2066323
2066322
2066321
2066320
2066319
2066318
2066317
2066316
2066315
2066314
2066313
2066312
2066311
2066310
2066309
2066308
2066307
2066306
2066305
2066304
2066303
2066302
2066301
2066300
2066299
2066298
2066297
2066296
2066295
2066294
2066293
2066292
2066291
2066290
2066289
2066288
2066287
2066286
2066285
2066284
2066283
2066282
2066281
2066280
2066279
2066278
2066277
2066276
2066275
2066274
2066273
2066272
2066271
2066270
2066269
2066268
2066267
2066266
2066265
2066264
2066263
2066262
2066261
2066260
2066259
2066258
2066257
2066256
2066255
2066254
2066253
2066252
2066251
2066250
2066249
2066248
2066247
2066246
2066245
2066244
2066243
2066242
2066241
2066240
2066239
2066238
2066237
2066236
2066235
2066234
2066233
2066232
2066231
2066230
2066229
2066228
2066227
2066226
2066225
2066224
2066223
2066222
2066221
2066220
2066219
2066218
2066217
2066216
2066215
2066214
2066213
2066212
2066211
2066210
2066209
2066208
2066207
2066206
2066205
2066204
2066203
2066202
2066201
2066200
2066199
2066198
2066197
2066196
2066195
2066194
2066193
2066192
2066191
2066190
2066189
2066188
2066187
2066186
2066185
2066184
2066183
2066182
2066181
2066180
2066179
2066178
2066177
2066176
2066175
2066174
2066173
2066172
2066171
2066170
2066169
2066168
2066167
2066166
2066165
2066164
2066163
2066162
2066161
2066160
2066159
2066158
2066157
2066156
2066155
2066154
2066153
2066152
2066151
2066150
2066149
2066148
2066147
2066146
2066145
2066144
2066143
2066142
2066141
2066140
2066139
2066138
2066137
2066136
2066135
2066134
2066133
2066132
2066131
2066130
2066129
2066128
2066127
2066126
2066125
2066124
2066123
2066122
2066121
2066120
2066119
2066118
2066117
2066116
2066115
2066114
2066113
2066112
2066111
2066110
2066109
2066108
2066107
2066106
2066105
2066104
2066103
2066102
2066101
