1000
6000000
5999999
5999998
5999997
5999996
5999995
5999994
5999993
5999992
5999991
5999990
5999989
5999988
5999987
5999986
5999985
5999984
5999983
5999982
5999981
5999980
5999979
5999978
5999977
5999976
5999975
5999974
5999973
5999972
5999971
5999970
5999969
5999968
5999967
5999966
5999965
5999964
5999963
5999962
5999961
5999960
5999959
5999958
5999957
5999956
5999955
5999954
5999953
5999952
5999951
5999950
5999949
5999948
5999947
5999946
5999945
5999944
5999943
5999942
5999941
5999940
5999939
5999938
5999937
5999936
5999935
5999934
5999933
5999932
5999931
5999930
5999929
5999928
5999927
5999926
5999925
5999924
5999923
5999922
5999921
5999920
5999919
5999918
5999917
5999916
5999915
5999914
5999913
5999912
5999911
5999910
5999909
5999908
5999907
5999906
5999905
5999904
5999903
5999902
5999901
5999900
5999899
5999898
5999897
5999896
5999895
5999894
5999893
5999892
5999891
5999890
5999889
5999888
5999887
5999886
5999885
5999884
5999883
5999882
5999881
5999880
5999879
5999878
5999877
5999876
5999875
5999874
5999873
5999872
5999871
5999870
5999869
5999868
5999867
5999866
5999865
5999864
5999863
5999862
5999861
5999860
5999859
5999858
5999857
5999856
5999855
5999854
5999853
5999852
5999851
5999850
5999849
5999848
5999847
5999846
5999845
5999844
5999843
5999842
5999841
5999840
5999839
5999838
5999837
5999836
5999835
5999834
5999833
5999832
5999831
5999830
5999829
5999828
5999827
5999826
5999825
5999824
5999823
5999822
5999821
5999820
5999819
5999818
5999817
5999816
5999815
5999814
5999813
5999812
5999811
5999810
5999809
5999808
5999807
5999806
5999805
5999804
5999803
5999802
5999801
5999800
5999799
5999798
5999797
5999796
5999795
5999794
5999793
5999792
5999791
5999790
5999789
5999788
5999787
5999786
5999785
5999784
5999783
5999782
5999781
5999780
5999779
5999778
5999777
5999776
5999775
5999774
5999773
5999772
5999771
5999770
5999769
5999768
5999767
5999766
5999765
5999764
5999763
5999762
5999761
5999760
5999759
5999758
5999757
5999756
5999755
5999754
5999753
5999752
5999751
5999750
5999749
5999748
5999747
5999746
5999745
5999744
5999743
5999742
5999741
5999740
5999739
5999738
5999737
5999736
5999735
5999734
5999733
5999732
5999731
5999730
5999729
5999728
5999727
5999726
5999725
5999724
5999723
5999722
5999721
5999720
5999719
5999718
5999717
5999716
5999715
5999714
5999713
5999712
5999711
5999710
5999709
5999708
5999707
5999706
5999705
5999704
5999703
5999702
5999701
5999700
5999699
5999698
5999697
5999696
5999695
5999694
5999693
5999692
5999691
5999690
5999689
5999688
5999687
5999686
5999685
5999684
5999683
5999682
5999681
5999680
5999679
5999678
5999677
5999676
5999675
5999674
5999673
5999672
5999671
5999670
5999669
5999668
5999667
5999666
5999665
5999664
5999663
5999662
5999661
5999660
5999659
5999658
5999657
5999656
5999655
5999654
5999653
5999652
5999651
5999650
5999649
5999648
5999647
5999646
5999645
5999644
5999643
5999642
5999641
5999640
5999639
5999638
5999637
5999636
5999635
5999634
5999633
5999632
5999631
5999630
5999629
5999628
5999627
5999626
5999625
5999624
5999623
5999622
5999621
5999620
5999619
5999618
5999617
5999616
5999615
5999614
5999613
5999612
5999611
5999610
5999609
5999608
5999607
5999606
5999605
5999604
5999603
5999602
5999601
5999600
5999599
5999598
5999597
5999596
5999595
5999594
5999593
5999592
5999591
5999590
5999589
5999588
5999587
5999586
5999585
5999584
5999583
5999582
5999581
5999580
5999579
5999578
5999577
5999576
5999575
5999574
5999573
5999572
5999571
5999570
5999569
5999568
5999567
5999566
5999565
5999564
5999563
5999562
5999561
5999560
5999559
5999558
5999557
5999556
5999555
5999554
5999553
5999552
5999551
5999550
5999549
5999548
5999547
5999546
5999545
5999544
5999543
5999542
5999541
5999540
5999539
5999538
5999537
5999536
5999535
5999534
5999533
5999532
5999531
5999530
5999529
5999528
5999527
5999526
5999525
5999524
5999523
5999522
5999521
5999520
5999519
5999518
5999517
5999516
5999515
5999514
5999513
5999512
5999511
5999510
5999509
5999508
5999507
5999506
5999505
5999504
5999503
5999502
5999501
5999500
5999499
5999498
5999497
5999496
5999495
5999494
5999493
5999492
5999491
5999490
5999489
5999488
5999487
5999486
5999485
5999484
5999483
5999482
5999481
5999480
5999479
5999478
5999477
5999476
5999475
5999474
5999473
5999472
5999471
5999470
5999469
5999468
5999467
5999466
5999465
5999464
5999463
5999462
5999461
5999460
5999459
5999458
5999457
5999456
5999455
5999454
5999453
5999452
5999451
5999450
5999449
5999448
5999447
5999446
5999445
5999444
5999443
5999442
5999441
5999440
5999439
5999438
5999437
5999436
5999435
5999434
5999433
5999432
5999431
5999430
5999429
5999428
5999427
5999426
5999425
5999424
5999423
5999422
5999421
5999420
5999419
5999418
5999417
5999416
5999415
5999414
5999413
5999412
5999411
5999410
5999409
5999408
5999407
5999406
5999405
5999404
5999403
5999402
5999401
5999400
5999399
5999398
5999397
5999396
5999395
5999394
5999393
5999392
5999391
5999390
5999389
5999388
5999387
5999386
5999385
5999384
5999383
5999382
5999381
5999380
5999379
5999378
5999377
5999376
5999375
5999374
5999373
5999372
5999371
5999370
5999369
5999368
5999367
5999366
5999365
5999364
5999363
5999362
5999361
5999360
5999359
5999358
5999357
5999356
5999355
5999354
5999353
5999352
5999351
5999350
5999349
5999348
5999347
5999346
5999345
5999344
5999343
5999342
5999341
5999340
5999339
5999338
5999337
5999336
5999335
5999334
5999333
5999332
5999331
5999330
5999329
5999328
5999327
5999326
5999325
5999324
5999323
5999322
5999321
5999320
5999319
5999318
5999317
5999316
5999315
5999314
5999313
5999312
5999311
5999310
5999309
5999308
5999307
5999306
5999305
5999304
5999303
5999302
5999301
5999300
5999299
5999298
5999297
5999296
5999295
5999294
5999293
5999292
5999291
5999290
5999289
5999288
5999287
5999286
5999285
5999284
5999283
5999282
5999281
5999280
5999279
5999278
5999277
5999276
5999275
5999274
5999273
5999272
5999271
5999270
5999269
5999268
5999267
5999266
5999265
5999264
5999263
5999262
5999261
5999260
5999259
5999258
5999257
5999256
5999255
5999254
5999253
5999252
5999251
5999250
5999249
5999248
5999247
5999246
5999245
5999244
5999243
5999242
5999241
5999240
5999239
5999238
5999237
5999236
5999235
5999234
5999233
5999232
5999231
5999230
5999229
5999228
5999227
5999226
5999225
5999224
5999223
5999222
5999221
5999220
5999219
5999218
5999217
5999216
5999215
5999214
5999213
5999212
5999211
5999210
5999209
5999208
5999207
5999206
5999205
5999204
5999203
5999202
5999201
5999200
5999199
5999198
5999197
5999196
5999195
5999194
5999193
5999192
5999191
5999190
5999189
5999188
5999187
5999186
5999185
5999184
5999183
5999182
5999181
5999180
5999179
5999178
5999177
5999176
5999175
5999174
5999173
5999172
5999171
5999170
5999169
5999168
5999167
5999166
5999165
5999164
5999163
5999162
5999161
5999160
5999159
5999158
5999157
5999156
5999155
5999154
5999153
5999152
5999151
5999150
5999149
5999148
5999147
5999146
5999145
5999144
5999143
5999142
5999141
5999140
5999139
5999138
5999137
5999136
5999135
5999134
5999133
5999132
5999131
5999130
5999129
5999128
5999127
5999126
5999125
5999124
5999123
5999122
5999121
5999120
5999119
5999118
5999117
5999116
5999115
5999114
5999113
5999112
5999111
5999110
5999109
5999108
5999107
5999106
5999105
5999104
5999103
5999102
5999101
5999100
5999099
5999098
5999097
5999096
5999095
5999094
5999093
5999092
5999091
5999090
5999089
5999088
5999087
5999086
5999085
5999084
5999083
5999082
5999081
5999080
5999079
5999078
5999077
5999076
5999075
5999074
5999073
5999072
5999071
5999070
5999069
5999068
5999067
5999066
5999065
5999064
5999063
5999062
5999061
5999060
5999059
5999058
5999057
5999056
5999055
5999054
5999053
5999052
5999051
5999050
5999049
5999048
5999047
5999046
5999045
5999044
5999043
5999042
5999041
5999040
5999039
5999038
5999037
5999036
5999035
5999034
5999033
5999032
5999031
5999030
5999029
5999028
5999027
5999026
5999025
5999024
5999023
5999022
5999021
5999020
5999019
5999018
5999017
5999016
5999015
5999014
5999013
5999012
5999011
5999010
5999009
5999008
5999007
5999006
5999005
5999004
5999003
5999002
5999001
