100
1003982
1037522
1164395
1282580
1374301
1403139
1517539
1571422
1650347
1667692
1746541
1975922
2102378
2174526
2198981
2200297
2253611
2259321
2336762
2355429
2484160
2687871
2745426
3016952
3072547
3171037
3287434
3441751
3467427
3549859
3653728
3689311
3859459
3892980
4021318
4064672
4256603
4288897
4306009
4313082
4369070
4465641
4496930
4527765
4538297
4578310
4706656
5085060
5121858
5132553
5189285
5233670
5280552
5343062
5474527
5563290
5565438
5605798
6092791
6140002
6233646
6234201
6236306
6265984
6400532
6763990
6844403
6865815
6903350
6923734
7173240
7218627
7315069
7328569
7360706
7538632
7606328
7859895
8157176
8300527
8340815
8443819
8446682
8622254
8638691
8650022
8652348
8836588
8848580
8969551
9047070
9283632
9317746
9319102
9419143
9486553
9545805
9772087
9946031
9968828
