10000
1000265
1002148
1003070
1003516
1005375
1005465
1005853
1006121
1006342
1006705
1007564
1007799
1008418
1008483
1008858
1010555
1010578
1011494
1011651
1011724
1012418
1014306
1015983
1017280
1017596
1018497
1020019
1020649
1022524
1022703
1024514
1025575
1026915
1027488
1029911
1030475
1033450
1035347
1035350
1038451
1039164
1039242
1041510
1042185
1043364
1043961
1044094
1044187
1044733
1044861
1044898
1046162
1047394
1049614
1052629
1053007
1054120
1056583
1058644
1058845
1060119
1060786
1062903
1064693
1064978
1065251
1067557
1067881
1069965
1070186
1070293
1070619
1070966
1071174
1071614
1072801
1074673
1077913
1077934
1078338
1079568
1080130
1080954
1081719
1082499
1083189
1086509
1086927
1087052
1087166
1088435
1089220
1089274
1089839
1092782
1094716
1096632
1099028
1100932
1102485
1102930
1103614
1103815
1103892
1105017
1106519
1107157
1107244
1108668
1109163
1109284
1110792
1111452
1111705
1112379
1114534
1115625
1117966
1119764
1120470
1120673
1122129
1123094
1123797
1125398
1126888
1127421
1128043
1129022
1129677
1130456
1132519
1133058
1135207
1135474
1139908
1141126
1142831
1144377
1146558
1147115
1147310
1148162
1148331
1148354
1148508
1149033
1152406
1152749
1152840
1153069
1153141
1153602
1154068
1155533
1156649
1157439
1158192
1158698
1158782
1159074
1159263
1162589
1164705
1166668
1167478
1167645
1168785
1168869
1169203
1170336
1171135
1171254
1172075
1172119
1173222
1174362
1174547
1176551
1178404
1180347
1180911
1182701
1185860
1188247
1189258
1190008
1190346
1190440
1191851
1195998
1197761
1197936
1200124
1202009
1203519
1203794
1203966
1204421
1205005
1205460
1207154
1208078
1208474
1209594
1209664
1210035
1211340
1212401
1212414
1212880
1213548
1214237
1214739
1216467
1220179
1220202
1220299
1221216
1222295
1223456
1223891
1224243
1224999
1227712
1228383
1232736
1232960
1233562
1233662
1233804
1234195
1235566
1236370
1236412
1237002
1237029
1237349
1240533
1242676
1242719
1242777
1243995
1244690
1245304
1245817
1245995
1247450
1248881
1249598
1250294
1250367
1251002
1252411
1252605
1253473
1253883
1258183
1258219
1258743
1258894
1260689
1260863
1261153
1261756
1264098
1264478
1266060
1266340
1267376
1269112
1269631
1269635
1269759
1269789
1269954
1270834
1271047
1271781
1272582
1273454
1275077
1277006
1277504
1277629
1278085
1280740
1281265
1282337
1282762
1282863
1283336
1284191
1284233
1285722
1286353
1287524
1290048
1290274
1290609
1292171
1292602
1292717
1293228
1294261
1295813
1296363
1298104
1298357
1299080
1299096
1299394
1299900
1300382
1301951
1303227
1305402
1306106
1306865
1309199
1311736
1311975
1312755
1312957
1313336
1314746
1315923
1316947
1318463
1318930
1319147
1320201
1321477
1323406
1323803
1324039
1326039
1326584
1327939
1329003
1329763
1329774
1336521
1336801
1336893
1337799
1338157
1339269
1339319
1340532
1341788
1342448
1342546
1342728
1343042
1346776
1347784
1348085
1350082
1350571
1350781
1351126
1352186
1352893
1353207
1353407
1353591
1356826
1357058
1357232
1357497
1358216
1359029
1359110
1359246
1359432
1360916
1361775
1362469
1365193
1365687
1365834
1366344
1366826
1367096
1367168
1367430
1367607
1367664
1368363
1369968
1370300
1370727
1371520
1371862
1372403
1372984
1373124
1373657
1374797
1375761
1377407
1377589
1378215
1381376
1382137
1383857
1384463
1385411
1388273
1388311
1388721
1389227
1389682
1391022
1392827
1394253
1394402
1394424
1396976
1397135
1397351
1397355
1398408
1398728
1402479
1403160
1403977
1404461
1405180
1405983
1406650
1406957
1407292
1408037
1408415
1409528
1412161
1413229
1413526
1414785
1415404
1420268
1422272
1423090
1423810
1423949
1424418
1425104
1426007
1426632
1429247
1431941
1432591
1432701
1440275
1440365
1440888
1440971
1440997
1442852
1443993
1444631
1444907
1445113
1446737
1446882
1447337
1447672
1453316
1454401
1454497
1455425
1456421
1457169
1458181
1458782
1459919
1460356
1460371
1460511
1461658
1462867
1463894
1465004
1467933
1468118
1469562
1469992
1470026
1470808
1471806
1472412
1472687
1473927
1474478
1476431
1478639
1481604
1481796
1482660
1482930
1484079
1484782
1484971
1485068
1485643
1487265
1488567
1490006
1490125
1490636
1491081
1491579
1491655
1491882
1493151
1494555
1494998
1495407
1496100
1497965
1498083
1498441
1498846
1499935
1500047
1501729
1503360
1504209
1505390
1507991
1508275
1508345
1508540
1508750
1510627
1512743
1513007
1515912
1516449
1517043
1518147
1518541
1519836
1520510
1522595
1522607
1522829
1524112
1524685
1526765
1527308
1527353
1528898
1529370
1529931
1530358
1530418
1532173
1532392
1533346
1535500
1537530
1537870
1538894
1543499
1545120
1545775
1547054
1547658
1548178
1548753
1549064
1549262
1549290
1549581
1550109
1550218
1551352
1552938
1553906
1554956
1554992
1556214
1556279
1556385
1556816
1557869
1557943
1557955
1558050
1559255
1560074
1560208
1560287
1560740
1560937
1561175
1561541
1561754
1562243
1563668
1565438
1567001
1567468
1568368
1568406
1570442
1570499
1571390
1571444
1571877
1572286
1574489
1574750
1576385
1576540
1577784
1578271
1579759
1580843
1581068
1581649
1581695
1582020
1583302
1583663
1584502
1585289
1587035
1589082
1589419
1590690
1591426
1591616
1591757
1592670
1593229
1593343
1594595
1595531
1597574
1598557
1598656
1598852
1601355
1601902
1605307
1607030
1607128
1607281
1607303
1607346
1609983
1610915
1611102
1612306
1612817
1614085
1614339
1615076
1616470
1617525
1619690
1620194
1623775
1625711
1626308
1627444
1627888
1629250
1629641
1630615
1632885
1634190
1634508
1634640
1635237
1635610
1636037
1636175
1636888
1637248
1637322
1637797
1638535
1639261
1640527
1640698
1641121
1642171
1643227
1643242
1643989
1644153
1644198
1645767
1646888
1647388
1647454
1650813
1652321
1652375
1652972
1653268
1653670
1654635
1654694
1656249
1657525
1657806
1659038
1659400
1659435
1660745
1660906
1665649
1666837
1666860
1668335
1668857
1669022
1671325
1671502
1672368
1674405
1675085
1675995
1678083
1679179
1679225
1681219
1681914
1683026
1683193
1684091
1685492
1686416
1686970
1687557
1690202
1692734
1693870
1695731
1696994
1697250
1697462
1697608
1699153
1700353
1700476
1700524
1700707
1701308
1702409
1703268
1703381
1703530
1705379
1707026
1707502
1708633
1710212
1710352
1710530
1710576
1710783
1711936
1712174
1713829
1713955
1714170
1714629
1715154
1715341
1715909
1720360
1720991
1722534
1722685
1722955
1722988
1723606
1725321
1725420
1728293
1728779
1730135
1732339
1732823
1733631
1735076
1737271
1739366
1740264
1741479
1743233
1743913
1745083
1746093
1747116
1749826
1750288
1752405
1752409
1753227
1754735
1755945
1756036
1756481
1757842
1764123
1764133
1764458
1765431
1767299
1767589
1768321
1768330
1768416
1771317
1771366
1771507
1771714
1775410
1775811
1777507
1778471
1780313
1782171
1783142
1787280
1788643
1788975
1791142
1791897
1792283
1794663
1794923
1795385
1797620
1797623
1798915
1799512
1800066
1801074
1801109
1801134
1802003
1802252
1804247
1805518
1805874
1806452
1807149
1807839
1808626
1809555
1809658
1809699
1810116
1810417
1811340
1813380
1813511
1813922
1814465
1816576
1817410
1817660
1817700
1818034
1818305
1818312
1820269
1820899
1822752
1824490
1825455
1826500
1826829
1826917
1827417
1827673
1828876
1830311
1831163
1831748
1832747
1833518
1833755
1835298
1835780
1836109
1836731
1837211
1838574
1838590
1839314
1839337
1842378
1842415
1842425
1843384
1843738
1843866
1843938
1844119
1845027
1845425
1847180
1847588
1848704
1849656
1849881
1849885
1850862
1851050
1851270
1853224
1853241
1853252
1853976
1854498
1854516
1855185
1855621
1856109
1856362
1859087
1860898
1860919
1862170
1863987
1864641
1865387
1865733
1867952
1870431
1871089
1871765
1872125
1872236
1872267
1874302
1875342
1875731
1876295
1876641
1878110
1880109
1880184
1882282
1882675
1883626
1885462
1886191
1887140
1893488
1893974
1894304
1894350
1894553
1894626
1896603
1896651
1897143
1898001
1898073
1898169
1899446
1901524
1901761
1902213
1902236
1902938
1904036
1904134
1904251
1904459
1904626
1911116
1911180
1912449
1913243
1914220
1917204
1917577
1917735
1917736
1919350
1921012
1921215
1921849
1922438
1924793
1924888
1925397
1926288
1926331
1926685
1929034
1929601
1930338
1931878
1932591
1933275
1934342
1935044
1935637
1936839
1937795
1938924
1939520
1941001
1941555
1946688
1947884
1948626
1948644
1950193
1950252
1953861
1953990
1954327
1956058
1956497
1956527
1956955
1957094
1957654
1957679
1959843
1961289
1962958
1962990
1963061
1963583
1965946
1967633
1969599
1969706
1969820
1971743
1971963
1972219
1973137
1973338
1974300
1974878
1975815
1977152
1980241
1981051
1983382
1983582
1983740
1984854
1988073
1988176
1988848
1990973
1992049
1992454
1993361
1994560
1995177
1997610
1999270
2001387
2003857
2003928
2005463
2006860
2007036
2007835
2008011
2008612
2008729
2011615
2013461
2017061
2017539
2018593
2019787
2022583
2025466
2027591
2027994
2028394
2029473
2031843
2031873
2032335
2032827
2032833
2033041
2033164
2034370
2034479
2036277
2037209
2037661
2038262
2038319
2038428
2038841
2039353
2039530
2041757
2042253
2042663
2042998
2043994
2044129
2045530
2046549
2049291
2049931
2050108
2051753
2052310
2052398
2053808
2055893
2056390
2057786
2057878
2058140
2058909
2059459
2059946
2060025
2060821
2061369
2063173
2063631
2066814
2068734
2069468
2071691
2071988
2072796
2073101
2073977
2074081
2075098
2075518
2077631
2080130
2080175
2080255
2081272
2081464
2082070
2082863
2083314
2083536
2085284
2086289
2088030
2088232
2091406
2091618
2092805
2093640
2094730
2094763
2095059
2095238
2095722
2096712
2097013
2098725
2098758
2099109
2100951
2104924
2105224
2105499
2107691
2108240
2108388
2108518
2109149
2109693
2111473
2111957
2112348
2112535
2114511
2114658
2114860
2115115
2115674
2115752
2116972
2117360
2117662
2117696
2118020
2118851
2119005
2119485
2120464
2121751
2122758
2126143
2126852
2127052
2128838
2130242
2132370
2132842
2135286
2137470
2137614
2137680
2137948
2139408
2140228
2143187
2143201
2143694
2144440
2144995
2145077
2145123
2145977
2147651
2153508
2154266
2154405
2156212
2157365
2157484
2158015
2158246
2162166
2162523
2163704
2164525
2164745
2165241
2165563
2166319
2166551
2169280
2171637
2172112
2173095
2174702
2175985
2176244
2179300
2179367
2180855
2181256
2181455
2182671
2182762
2184486
2184639
2186398
2187436
2187706
2187990
2189157
2190559
2191459
2193754
2194950
2195802
2196951
2197728
2197768
2197798
2198898
2199034
2200503
2200997
2201175
2203087
2203166
2203374
2203909
2203975
2204178
2204196
2204255
2204311
2204702
2205315
2205529
2206749
2206833
2206866
2209205
2209367
2210131
2211490
2212585
2213621
2215360
2215750
2216202
2221107
2221191
2221557
2221826
2222001
2222199
2222226
2222286
2223485
2225914
2227896
2228402
2231500
2235826
2236232
2236765
2238052
2238644
2244993
2245563
2246119
2246510
2249319
2251593
2251636
2251937
2252649
2252770
2253381
2253720
2254592
2254882
2255453
2263036
2263317
2264179
2265283
2265422
2265502
2265564
2266168
2267188
2267708
2268130
2269369
2271697
2271752
2272562
2273041
2273112
2273536
2276584
2277501
2278119
2281032
2281294
2282646
2283378
2283499
2285253
2287758
2289033
2289077
2290235
2290828
2291200
2291956
2294116
2295583
2295646
2296439
2298635
2301991
2302062
2302617
2303154
2304196
2304365
2305373
2308174
2308386
2308544
2309020
2311406
2311538
2312870
2313398
2314643
2314836
2315693
2315709
2319610
2320371
2320745
2321045
2321184
2321292
2322590
2323351
2323943
2324494
2325495
2326241
2327455
2327770
2327776
2327855
2328848
2329041
2329490
2329925
2332804
2333327
2334045
2334478
2334843
2336107
2336584
2336812
2337187
2337703
2338406
2339073
2340849
2341926
2341944
2342344
2343009
2343063
2343305
2343825
2344197
2344350
2345693
2345720
2347588
2347594
2348394
2350466
2350507
2351185
2353381
2353422
2354378
2354841
2355512
2355522
2355648
2357849
2358082
2359198
2361913
2364982
2365999
2367185
2367989
2368207
2371585
2372106
2372243
2374377
2374687
2375099
2376573
2377597
2378192
2382003
2382682
2384554
2385569
2388404
2388540
2389000
2390469
2390994
2392432
2393472
2395622
2395978
2396518
2396664
2397512
2400254
2400490
2400521
2400697
2401885
2403408
2403583
2403627
2404029
2406531
2407252
2407293
2408355
2409030
2409061
2410509
2412799
2414033
2415103
2415205
2416641
2416877
2417752
2417798
2418182
2419992
2420295
2420355
2421816
2423063
2423227
2423871
2424556
2424588
2426430
2426528
2426658
2427223
2428783
2428949
2429369
2431402
2431757
2431871
2433629
2433821
2434093
2434358
2434570
2434598
2434826
2435020
2435068
2435748
2436096
2440145
2441195
2441263
2441465
2441652
2443105
2443735
2444068
2444942
2447426
2449674
2450254
2450704
2451228
2452330
2453409
2454207
2454874
2455986
2456155
2456920
2457572
2458294
2460243
2460588
2462059
2462079
2462604
2463647
2464118
2464332
2464376
2465630
2465827
2466055
2467020
2467078
2467540
2468455
2469003
2469022
2472205
2472224
2473360
2473424
2474308
2474331
2475040
2477883
2478278
2480067
2480222
2480363
2481949
2482774
2483478
2484030
2484199
2485378
2488129
2488152
2488499
2488866
2489072
2489867
2490827
2493613
2493672
2493689
2494722
2495471
2495486
2495729
2495966
2496166
2496572
2500871
2501378
2501724
2502512
2503089
2503836
2505295
2506253
2506597
2510250
2512050
2514237
2515789
2516217
2516560
2518390
2518596
2519461
2520719
2521445
2522941
2523364
2523458
2524038
2524069
2528159
2528602
2529416
2529824
2530918
2532775
2532870
2533934
2534079
2534796
2535585
2536389
2537330
2539726
2540123
2540640
2541122
2543075
2547850
2548876
2549701
2551096
2551692
2557381
2559402
2561504
2563654
2564376
2565619
2565997
2566376
2566492
2567339
2567653
2567929
2570718
2571294
2571467
2574152
2574375
2574424
2575445
2576331
2577820
2577989
2579281
2580268
2580810
2584087
2584145
2585170
2585613
2586302
2586711
2588482
2589500
2589602
2591207
2591961
2592616
2593596
2593825
2593969
2596077
2597851
2598766
2600569
2600786
2600868
2602328
2604113
2604260
2605171
2605309
2606935
2608099
2609263
2610060
2610868
2610936
2611109
2611999
2612068
2612247
2612891
2613755
2614227
2616457
2616528
2616820
2617047
2617138
2618125
2618763
2619512
2620292
2621169
2622546
2623025
2623900
2624079
2624576
2624851
2626281
2626339
2626773
2627027
2628392
2629301
2631022
2631192
2631470
2632613
2632833
2632842
2633436
2634427
2634442
2635204
2635253
2635356
2635836
2635880
2636838
2637055
2637539
2637608
2638604
2639074
2639520
2642055
2642275
2642358
2642383
2643184
2643198
2643487
2647902
2648412
2648479
2649408
2650021
2651300
2651672
2652007
2653934
2653958
2653972
2654805
2655259
2656145
2656892
2657282
2659631
2659744
2662324
2662715
2662807
2663006
2667507
2667746
2668137
2669050
2670522
2671094
2672162
2672728
2673050
2673450
2674054
2676169
2676677
2676678
2676998
2677941
2678051
2679133
2679447
2681601
2683607
2684381
2685201
2685419
2685719
2686352
2687869
2688528
2688548
2688732
2689832
2690554
2691337
2692028
2692705
2692927
2693769
2695876
2696517
2697245
2697623
2701659
2704014
2705039
2705451
2707881
2710367
2711712
2711880
2712674
2712757
2712883
2712999
2713577
2713674
2715746
2715848
2716971
2717335
2720899
2720965
2721048
2721261
2723025
2724421
2724533
2725426
2727348
2727868
2728582
2728970
2730572
2732154
2732447
2733092
2733629
2733692
2734933
2735179
2737837
2738125
2738363
2738974
2739205
2739978
2740093
2740289
2742731
2744817
2744983
2748340
2748852
2749665
2750065
2751803
2752253
2753048
2755778
2757137
2757474
2757613
2758452
2758669
2758932
2759559
2759869
2760043
2760834
2761381
2762545
2762619
2763310
2766749
2766864
2768116
2768524
2769875
2770357
2771106
2771136
2771154
2777012
2777673
2777731
2778452
2778495
2778636
2779068
2780178
2780410
2781409
2781867
2782462
2782673
2786498
2787290
2787588
2787696
2788506
2789308
2789924
2790898
2791254
2791373
2793689
2794872
2797247
2797877
2798853
2799375
2800618
2800625
2801955
2802252
2802318
2802886
2803872
2804635
2804822
2805836
2808583
2809274
2809468
2809661
2810156
2810661
2813712
2814914
2815005
2815868
2817203
2817284
2818007
2819342
2819772
2819902
2819918
2821643
2823371
2824205
2825059
2825309
2825445
2825670
2826373
2831088
2831521
2831944
2833586
2834155
2834230
2834689
2837113
2837506
2839000
2840076
2840268
2840925
2841211
2843132
2843274
2843281
2845578
2846886
2847602
2848182
2851271
2852734
2853294
2854905
2855451
2855641
2858251
2860337
2860496
2860545
2863507
2863586
2863928
2863975
2864648
2866295
2866674
2868441
2869301
2869570
2869954
2870463
2871401
2871458
2871558
2872071
2873121
2873570
2873625
2873727
2873836
2875363
2876185
2877284
2877989
2878951
2879916
2880402
2880690
2881570
2882106
2883839
2884002
2884153
2885728
2887042
2887671
2888714
2890035
2890201
2891527
2892203
2892214
2893018
2893190
2893923
2895063
2895445
2896101
2896297
2898499
2898595
2900192
2900195
2900468
2901030
2902977
2904316
2904690
2905057
2907960
2908836
2910231
2910695
2911102
2912438
2914717
2914847
2916542
2918324
2918470
2920114
2921823
2921937
2922569
2923083
2925060
2925248
2927559
2927838
2927913
2928098
2929533
2929865
2931609
2933048
2933177
2933804
2935214
2935417
2935698
2936876
2937130
2938462
2938717
2938756
2939024
2939252
2941156
2941655
2942452
2943081
2943850
2944411
2945230
2945441
2946622
2948301
2948425
2948789
2951653
2952253
2952633
2953113
2953867
2953964
2960168
2962816
2963094
2963680
2963694
2963945
2965085
2965822
2967810
2969910
2970208
2970514
2973771
2973918
2974653
2979647
2980639
2981146
2982521
2983365
2983815
2983924
2985216
2985799
2989224
2990379
2990583
2990699
2991964
2992990
2993280
2993458
2993686
2993719
2993902
2994773
2998451
2998981
2999127
2999625
3002100
3002133
3003222
3005369
3006792
3008005
3009080
3009664
3011665
3011862
3013844
3015463
3015545
3019059
3020729
3020973
3021090
3021486
3023021
3023678
3024483
3024799
3025099
3025868
3026602
3027572
3029985
3030020
3030021
3030947
3031923
3032157
3032634
3033050
3034189
3034310
3037627
3037976
3038008
3038175
3038830
3040066
3041035
3043232
3043470
3043954
3044057
3044071
3044843
3046027
3047124
3047841
3048068
3048545
3050227
3050736
3050807
3050879
3051948
3052019
3052495
3053135
3054184
3054380
3054528
3054927
3055114
3055431
3055989
3056422
3056954
3056976
3057089
3058109
3059409
3060513
3060516
3062575
3063757
3065800
3066526
3067394
3067407
3068290
3068547
3069187
3070748
3072881
3072957
3075589
3075816
3075878
3076451
3078678
3079217
3079626
3080460
3082002
3082809
3083840
3083916
3084676
3084755
3085551
3085980
3087177
3088274
3089328
3089460
3089781
3089787
3091375
3091976
3093070
3093622
3095275
3097323
3097798
3099640
3102914
3103496
3104156
3106089
3107593
3107682
3108082
3108203
3109217
3109576
3110456
3111119
3113629
3113636
3115319
3115386
3115489
3116532
3118642
3119997
3121588
3121989
3122456
3122644
3125200
3125670
3130194
3134551
3135098
3136088
3136635
3138352
3140209
3140334
3140623
3141509
3142691
3142836
3143645
3144061
3144845
3144922
3145753
3146372
3147157
3147823
3150509
3150771
3151949
3154063
3154112
3156624
3156675
3156742
3157018
3157466
3157534
3158661
3159081
3159117
3159259
3160053
3160179
3161197
3162301
3163254
3164113
3166247
3167308
3167389
3168233
3168463
3168846
3170981
3171240
3172337
3172421
3174990
3177409
3177896
3178062
3178089
3178298
3178901
3179250
3179657
3181023
3181685
3181715
3181719
3181766
3181783
3182036
3182759
3182996
3184039
3184811
3185022
3185388
3185584
3187046
3189285
3189793
3191599
3191772
3193662
3193895
3194176
3194444
3195724
3196119
3196974
3197529
3197849
3197937
3198267
3198674
3199195
3200314
3204676
3206734
3207519
3209112
3210788
3211207
3211374
3211396
3211522
3212621
3213118
3213123
3213128
3213303
3213416
3213946
3216092
3216407
3217451
3217471
3217808
3219377
3219587
3220414
3221188
3223232
3223971
3224462
3224479
3224617
3225798
3226276
3228843
3229524
3230022
3230564
3230765
3232419
3233075
3233522
3233645
3236106
3236339
3239989
3240798
3241744
3242167
3242229
3242724
3242850
3245570
3245656
3246717
3246720
3247688
3248290
3249428
3250173
3250227
3250421
3253724
3254499
3254993
3256135
3257224
3257438
3257773
3261691
3261864
3264031
3265979
3270211
3270995
3271376
3271620
3271888
3272688
3272717
3274029
3276385
3276917
3277458
3277482
3277533
3278342
3278983
3280105
3280405
3280813
3281359
3281502
3281974
3282246
3282879
3283869
3284892
3285202
3286564
3286582
3286618
3286900
3288053
3288678
3289255
3289476
3289519
3289636
3290499
3291206
3291591
3292604
3293166
3293307
3294158
3294643
3296307
3296854
3296894
3297079
3297462
3299052
3301039
3301557
3302786
3302877
3304549
3305502
3306465
3306588
3306733
3307018
3308926
3310291
3312079
3313351
3313646
3314129
3316079
3316580
3316679
3316988
3318577
3319544
3320529
3321350
3321455
3321990
3322960
3323926
3326244
3326934
3328923
3329065
3329196
3329275
3329696
3330348
3330632
3331098
3331515
3332802
3333088
3333593
3336021
3336271
3337476
3337744
3337828
3338753
3340056
3341345
3341958
3342504
3342705
3344023
3345167
3345803
3345933
3346270
3348392
3348775
3349076
3349492
3349565
3349674
3352602
3354539
3354937
3355432
3357481
3358724
3359995
3360546
3362860
3363308
3363788
3365191
3365360
3366351
3370246
3371055
3372492
3372914
3373261
3373573
3374327
3374994
3375492
3376571
3377175
3378181
3378472
3379184
3380694
3383608
3383718
3386273
3387261
3387598
3388712
3388931
3389151
3389750
3389830
3391022
3391183
3391886
3392738
3393589
3393849
3393884
3395023
3395262
3395334
3396276
3396424
3397400
3397503
3397827
3400150
3402725
3402876
3402957
3404235
3405105
3405486
3407266
3407492
3408466
3408802
3409950
3410747
3410824
3412225
3412375
3414015
3415158
3418315
3418910
3419585
3421590
3424500
3427497
3429496
3429931
3430637
3431094
3431245
3431384
3431949
3432810
3434816
3436143
3437404
3437441
3437555
3437805
3438268
3438773
3439878
3440135
3441707
3442144
3442722
3442862
3443378
3444299
3444738
3444883
3446211
3447425
3448504
3448541
3448669
3451652
3452591
3453271
3453772
3454434
3454885
3456933
3457808
3459651
3460150
3460259
3460770
3461886
3462336
3464017
3464193
3464486
3465600
3468403
3469010
3469644
3470491
3472381
3472655
3472922
3472994
3475077
3476615
3477417
3479321
3480049
3480436
3480738
3483262
3484700
3485639
3486795
3486799
3487847
3489150
3489267
3489609
3491700
3493633
3493689
3494565
3494593
3496308
3496985
3497179
3498470
3498613
3498903
3498946
3499244
3501087
3501467
3501532
3501921
3502014
3502572
3503455
3503835
3504127
3505185
3505947
3507309
3507335
3507418
3508313
3509085
3510249
3510294
3511046
3511489
3511953
3513432
3513817
3515642
3518637
3518936
3519251
3521818
3522000
3523616
3523834
3524363
3526414
3527006
3527381
3528650
3529133
3530872
3531680
3532217
3532331
3532852
3533784
3537450
3538385
3538785
3541426
3542191
3543079
3543393
3543918
3547405
3547951
3550828
3551709
3553379
3554142
3554307
3556368
3556995
3557816
3559422
3560652
3560690
3560987
3561780
3562409
3564146
3564158
3564748
3564924
3564964
3565011
3565279
3565325
3565986
3566023
3566878
3568792
3570073
3570352
3570885
3571615
3571674
3572497
3573313
3574478
3578906
3579598
3581985
3582429
3584335
3584446
3585610
3586513
3589211
3589303
3592103
3592294
3592849
3593595
3594200
3594956
3595279
3595937
3596754
3596898
3597482
3597741
3597980
3598425
3598639
3598990
3599697
3600560
3602662
3603214
3603362
3604695
3604955
3605117
3606676
3607507
3607515
3608781
3608898
3609307
3609924
3610252
3611026
3611041
3612585
3614609
3615542
3618165
3618465
3619733
3620243
3620962
3621095
3622369
3624260
3624379
3624650
3625469
3625747
3626692
3627052
3627268
3628022
3630034
3630195
3630290
3631027
3632722
3633639
3633840
3636113
3636929
3637512
3638594
3639406
3641607
3641798
3643269
3645959
3647383
3647575
3647882
3648129
3649116
3649805
3651142
3651528
3652770
3653334
3655656
3656469
3656707
3657002
3657452
3659315
3659511
3660927
3661076
3663483
3664699
3666568
3667933
3669531
3669713
3669774
3670049
3670902
3673932
3674089
3674305
3675776
3676202
3676527
3677344
3677886
3678024
3679281
3679535
3679641
3679909
3682101
3682181
3682220
3682390
3683858
3684458
3685054
3685223
3686845
3687116
3687732
3689550
3691728
3693192
3693369
3693705
3696681
3697196
3697305
3697504
3697667
3698711
3699651
3700552
3704294
3707744
3708492
3708716
3709034
3709299
3710052
3711395
3711654
3713097
3713222
3713465
3713736
3713870
3714018
3714939
3715459
3716296
3717277
3717302
3718766
3719193
3719743
3719871
3721559
3721857
3723375
3725068
3725524
3725629
3725675
3725772
3725975
3726111
3727371
3729055
3729513
3732353
3734789
3734882
3735156
3738653
3738703
3739274
3739590
3740606
3741499
3742692
3743883
3744095
3744513
3745801
3746421
3746573
3747162
3747548
3748289
3748636
3749388
3749564
3750876
3752452
3752960
3754669
3754850
3755560
3756924
3757208
3757343
3757799
3759302
3759925
3760515
3760565
3760831
3761588
3763623
3763937
3765269
3765477
3766566
3767463
3769062
3770114
3771016
3771242
3771335
3773053
3773467
3773507
3775339
3775724
3775844
3775905
3776716
3779666
3783141
3783460
3785040
3785132
3785768
3785959
3787913
3788945
3788951
3789703
3791166
3791452
3792718
3792915
3794096
3794849
3797049
3802910
3804657
3805102
3805454
3806098
3806695
3806771
3810493
3811745
3813353
3814033
3814509
3816144
3816198
3816666
3817334
3817845
3823289
3824560
3824737
3824934
3826464
3830301
3832815
3832877
3833541
3833829
3835838
3836471
3837736
3838188
3838635
3840099
3841395
3843222
3844070
3844741
3844776
3845799
3845941
3848494
3852197
3852461
3853117
3855159
3855356
3855403
3856132
3856461
3858184
3859284
3859747
3860792
3860910
3861078
3861648
3862375
3862448
3863559
3864169
3866361
3868158
3868556
3870014
3870543
3870900
3871292
3872994
3875961
3876294
3876735
3877189
3877346
3878974
3879316
3879400
3884661
3884762
3885055
3885559
3886493
3886581
3886675
3887075
3891216
3892321
3893026
3893546
3893685
3894137
3894762
3895298
3896925
3897187
3898887
3900756
3902477
3906392
3906978
3907372
3907426
3907849
3908873
3909608
3909941
3910478
3912062
3912866
3915620
3916700
3917869
3918882
3919474
3919591
3920100
3922995
3923659
3924430
3924949
3925574
3926848
3927281
3927617
3928839
3929203
3930398
3930447
3930567
3930667
3931709
3932057
3932452
3936980
3939066
3939947
3940615
3940775
3940963
3941091
3941403
3943542
3943865
3944167
3945135
3945548
3949772
3951488
3951728
3952824
3953576
3954475
3956673
3957236
3957492
3958006
3958044
3958359
3959567
3960393
3961666
3963595
3965034
3966492
3967438
3969140
3970331
3970862
3971237
3971944
3973741
3975810
3976284
3976294
3978157
3978562
3979127
3980541
3983279
3983719
3984472
3984769
3984846
3985415
3986055
3988134
3988698
3990610
3992163
3992526
3993270
3994054
3995435
3995963
3996503
3997399
3997556
3998691
3998935
3998993
4000429
4001618
4004019
4005277
4006527
4006660
4007807
4007855
4009122
4010892
4011510
4012246
4012373
4012563
4012950
4013277
4015217
4015905
4016640
4017606
4017672
4017981
4019576
4019811
4021562
4021710
4023365
4024069
4025531
4026367
4026391
4026506
4028103
4029572
4029624
4034261
4034406
4035251
4036044
4036783
4037863
4039792
4039797
4039806
4040267
4040808
4040841
4040927
4041224
4041838
4041971
4043487
4043660
4044178
4044876
4046047
4046622
4046926
4048811
4049715
4049772
4049804
4050091
4051054
4051913
4053556
4054073
4055163
4055676
4055945
4056027
4056261
4056961
4060457
4061620
4063740
4063848
4065192
4065273
4065585
4065671
4067980
4068741
4069443
4069462
4070431
4070584
4071018
4072172
4072823
4073050
4073867
4073989
4074068
4074852
4074900
4075230
4076052
4076141
4076438
4078273
4079096
4079808
4079959
4081806
4083102
4083306
4084724
4087464
4087564
4087837
4089729
4091363
4091831
4092145
4093790
4094833
4095546
4095888
4096026
4096925
4098576
4099046
4100626
4101371
4104246
4104439
4107753
4109948
4110570
4113132
4114099
4114374
4116854
4121182
4123296
4124324
4124433
4124576
4124780
4125670
4125676
4125740
4126147
4127595
4128194
4128606
4130937
4130970
4131112
4131828
4132258
4132266
4133408
4133707
4133786
4136120
4136917
4137710
4138143
4138241
4138471
4140733
4142419
4142619
4143041
4143375
4144065
4144310
4145720
4146162
4146376
4146722
4147694
4148287
4149084
4149319
4149422
4149478
4151432
4154115
4156393
4156459
4157099
4157601
4160012
4161520
4163791
4163987
4164875
4169722
4169770
4169914
4171365
4171506
4172468
4172800
4172882
4173589
4173746
4175379
4176334
4176875
4176931
4177308
4177432
4178889
4179321
4180194
4180540
4181939
4182576
4182595
4182991
4184166
4184683
4185666
4185822
4187067
4189785
4190229
4190352
4191790
4191877
4193191
4195133
4195887
4196393
4197019
4198954
4199479
4200021
4200541
4201035
4201446
4201643
4201644
4201700
4202451
4204310
4205376
4206565
4206805
4207634
4208181
4208235
4210237
4210505
4210618
4210910
4211515
4213355
4214191
4214468
4216136
4216766
4217690
4218014
4219208
4219332
4219420
4221205
4221296
4221384
4221407
4222313
4223592
4224189
4224364
4224558
4225013
4225131
4227869
4228121
4231100
4231130
4233953
4235956
4236631
4238234
4239372
4241518
4241827
4241895
4242239
4242421
4242504
4243526
4245335
4246029
4247628
4249585
4249904
4250015
4250263
4252384
4252911
4253057
4253057
4253094
4253471
4253747
4253932
4254707
4255525
4255837
4257223
4259104
4259600
4260486
4260662
4261472
4264212
4264629
4264880
4265084
4265115
4268251
4268308
4268977
4269459
4270086
4270465
4270738
4270777
4270976
4271726
4271948
4272460
4273012
4273593
4274279
4275393
4275862
4276132
4277125
4277127
4277677
4280129
4280247
4280841
4282062
4282981
4285137
4286233
4286802
4289044
4289802
4290412
4293886
4293893
4294059
4295420
4295850
4296224
4297151
4297194
4297542
4297781
4298342
4298875
4299336
4300190
4302776
4303089
4303621
4306908
4307281
4307653
4308183
4308355
4309420
4309666
4309971
4310333
4311658
4312978
4313875
4314367
4315609
4316087
4317104
4319299
4319653
4320474
4320686
4323903
4324530
4325079
4325529
4325564
4325595
4329034
4329686
4330135
4330493
4331285
4332434
4333762
4333791
4334693
4335437
4335796
4336360
4336735
4338595
4339836
4340133
4341393
4342534
4343332
4343706
4346324
4346884
4348042
4348720
4349009
4349568
4349989
4350807
4350899
4352997
4353192
4353743
4353759
4355613
4356407
4358079
4358681
4359157
4359197
4359463
4359757
4361132
4362041
4365371
4366074
4366253
4367212
4367869
4368892
4372116
4372712
4373046
4373391
4374546
4375328
4375379
4375635
4376158
4376642
4376738
4379670
4381541
4382206
4382361
4384024
4384185
4384394
4386595
4387925
4389690
4390335
4390713
4390771
4390786
4391987
4393288
4393297
4396147
4397776
4398272
4398412
4399267
4399867
4400255
4400379
4400785
4403807
4404953
4405160
4406618
4409058
4409098
4409314
4412034
4413184
4413779
4414127
4414264
4415526
4417813
4419043
4419082
4420460
4421573
4422314
4422682
4426762
4427232
4427513
4428215
4428626
4429218
4429857
4429938
4432342
4433302
4433884
4434809
4436584
4436703
4436892
4437446
4439546
4440413
4440439
4441616
4444018
4444096
4444876
4445500
4447037
4447047
4447948
4448727
4448768
4448870
4449823
4450773
4451074
4451672
4453924
4454017
4455130
4455169
4455683
4455775
4457217
4457355
4457734
4459254
4459482
4460604
4462635
4463756
4464365
4464372
4464633
4466460
4467081
4468253
4468859
4470637
4471341
4471585
4472834
4473165
4473880
4475052
4475570
4478276
4478735
4478850
4480472
4480558
4481293
4481796
4483923
4484779
4485899
4486106
4486396
4486697
4486801
4487861
4489372
4490145
4490501
4492155
4492322
4493111
4495027
4495079
4495698
4499756
4500085
4500364
4501425
4502286
4502741
4502748
4503913
4504299
4505234
4506596
4507440
4508242
4508362
4508499
4508917
4510663
4510803
4510919
4511145
4511436
4513333
4514231
4516696
4519819
4520015
4520746
4521210
4522999
4523069
4523461
4524035
4524466
4527484
4529280
4531281
4531507
4532074
4532925
4535083
4536133
4536307
4537283
4538421
4539798
4539875
4539991
4540524
4541071
4541681
4541993
4542528
4543054
4544428
4545157
4546608
4547398
4550122
4550802
4551793
4554069
4555096
4555109
4557985
4561932
4562922
4562928
4563443
4564298
4564317
4565055
4565844
4566510
4566917
4568139
4568230
4568647
4571696
4573253
4573567
4573845
4574334
4575751
4576398
4577786
4578903
4579057
4583023
4583272
4583779
4584033
4584376
4584626
4585888
4585964
4586777
4587037
4587361
4587484
4588903
4589085
4590541
4592500
4593990
4595163
4595934
4596931
4597079
4598038
4598415
4599454
4600232
4601823
4602441
4602695
4603436
4603759
4604300
4605172
4605403
4605484
4605566
4606279
4608668
4614374
4614905
4615069
4616030
4618315
4618990
4619845
4619898
4621981
4622132
4622175
4622752
4623681
4623687
4624468
4625778
4628774
4630068
4631356
4632753
4633679
4634894
4637067
4637578
4638962
4639603
4640028
4640401
4643597
4644660
4644773
4646590
4648895
4649087
4651271
4652252
4652689
4655450
4655487
4655832
4656597
4657591
4659360
4659877
4660264
4660868
4662476
4662692
4663580
4664072
4664962
4665546
4665750
4665942
4666464
4666866
4667103
4669134
4669156
4669844
4670469
4672958
4673101
4673735
4676924
4679509
4679991
4683917
4687151
4689049
4689098
4690068
4691162
4692131
4692784
4693021
4693696
4693728
4694354
4694758
4694942
4695319
4696032
4696083
4697389
4697454
4697647
4698067
4700597
4701813
4703094
4703360
4703916
4703946
4704103
4706626
4707115
4707627
4709193
4709503
4713171
4713689
4716447
4717242
4717486
4718978
4719364
4719660
4719680
4720707
4720792
4721555
4722512
4722933
4724295
4725103
4726088
4726604
4726895
4729879
4730328
4730465
4731041
4731055
4731114
4731911
4732506
4734727
4735678
4736095
4736956
4737858
4738439
4738577
4738948
4741101
4742003
4742583
4743029
4743328
4743472
4744418
4746155
4747443
4749598
4751885
4752092
4752982
4753201
4754696
4756663
4761492
4761798
4763183
4763523
4764195
4764218
4766729
4766864
4767276
4767768
4767783
4769304
4769745
4770437
4772052
4773295
4774280
4774578
4775027
4775945
4776103
4778285
4778421
4778665
4778777
4778821
4778864
4784645
4784956
4786568
4787017
4787344
4787698
4787813
4787877
4788035
4788416
4789152
4790102
4791703
4793192
4794021
4794024
4794049
4794838
4795155
4795284
4795314
4796732
4796932
4798834
4799419
4799721
4801056
4802795
4804011
4804497
4805218
4805665
4806331
4806772
4807429
4808212
4808265
4808544
4808922
4809453
4809660
4809751
4810176
4810592
4810984
4811530
4811787
4811978
4812478
4813893
4813995
4815316
4815430
4815951
4816158
4816735
4817025
4818574
4818651
4819916
4820588
4820795
4821161
4822015
4822317
4822340
4822997
4823046
4824967
4825265
4825731
4828809
4830361
4830720
4830970
4833771
4834311
4834507
4834894
4835454
4835682
4837310
4837419
4839907
4840035
4841338
4841665
4842906
4845727
4846029
4849403
4849991
4850108
4850289
4850457
4851889
4853408
4853610
4855114
4855223
4856708
4857548
4859298
4859574
4860038
4860857
4862318
4862889
4867875
4868914
4869028
4870326
4871210
4871948
4872612
4872718
4873010
4873536
4873590
4874076
4874158
4874776
4875917
4876252
4876957
4878334
4878859
4879041
4879839
4880191
4880620
4881046
4882125
4882320
4882630
4883271
4883683
4885679
4885880
4886191
4887385
4888768
4890458
4891577
4893328
4894245
4894595
4897190
4897248
4897879
4898277
4898360
4899383
4900864
4901542
4901869
4903776
4905011
4907226
4907492
4908673
4909329
4910740
4911802
4911825
4913011
4913594
4914748
4917030
4917044
4918405
4919204
4920575
4920643
4922406
4924119
4924167
4925859
4926668
4926871
4927112
4927383
4928104
4929952
4930068
4931181
4931259
4932697
4932766
4933597
4936969
4940790
4942807
4943227
4943597
4945362
4945888
4945988
4946027
4946086
4949199
4951039
4951346
4951526
4952390
4953079
4954378
4955514
4955816
4956073
4957101
4957291
4958649
4959011
4959026
4959090
4959131
4961469
4962121
4963600
4967403
4967460
4968364
4969806
4970812
4970950
4971492
4973220
4975636
4976217
4977240
4979502
4980635
4980791
4981373
4982377
4982503
4983574
4984129
4987142
4987527
4987630
4989207
4989823
4990078
4990194
4990279
4990738
4992293
4993924
4994360
4994748
4996017
4996719
4999539
4999997
5000526
5000638
5002382
5002603
5002793
5002814
5004163
5004258
5005563
5006988
5007285
5009488
5010336
5010392
5010805
5011119
5011473
5013469
5013546
5013613
5014127
5014244
5014575
5014877
5015030
5015121
5015726
5015748
5016909
5016946
5017535
5017751
5018381
5019400
5019426
5019510
5019948
5021255
5021669
5021879
5022265
5024405
5025105
5026207
5026755
5026882
5027582
5027681
5028525
5028716
5028832
5029696
5029739
5029904
5030284
5035825
5035845
5037172
5037264
5038031
5038109
5039480
5040295
5042561
5042686
5043970
5047860
5048693
5048720
5048827
5048849
5049027
5049241
5050350
5051333
5052690
5053649
5053742
5054198
5056399
5056883
5057653
5058766
5059413
5060359
5060733
5061480
5062394
5063659
5071120
5072668
5072947
5073125
5073426
5074128
5075818
5077421
5077424
5077669
5078616
5078703
5078994
5081493
5081742
5082879
5083782
5084003
5084353
5084555
5085875
5086266
5086282
5087213
5087576
5089088
5090048
5090416
5090600
5092057
5092735
5093879
5094050
5094109
5094934
5095210
5095462
5095673
5095865
5096357
5097113
5098556
5099361
5099673
5100011
5100410
5101185
5101526
5101634
5101891
5104492
5105369
5105645
5107369
5108964
5109458
5109597
5111426
5111621
5112096
5113377
5115160
5115731
5116193
5116945
5117774
5119251
5119428
5119743
5121356
5123472
5124939
5125588
5125702
5126012
5126772
5127083
5127398
5128297
5129316
5130331
5133042
5133393
5136109
5136828
5138609
5138730
5139128
5139615
5140001
5140422
5142135
5143006
5143925
5144432
5144697
5147125
5147389
5148253
5148436
5149553
5149770
5150925
5151278
5153391
5155900
5156417
5157430
5157753
5159360
5161186
5161688
5165532
5165573
5165708
5166284
5169241
5169634
5172028
5172627
5173684
5174208
5176768
5176781
5178031
5178885
5179292
5179390
5180460
5181488
5181645
5182402
5183313
5184190
5188054
5188254
5189484
5189558
5189863
5190460
5190722
5190835
5191454
5191945
5192241
5192992
5193077
5194688
5194870
5195293
5197546
5197713
5201364
5201700
5202240
5202245
5202921
5203319
5204573
5205500
5206981
5207460
5208370
5208559
5209236
5210485
5212583
5212780
5213129
5213972
5214225
5214963
5217074
5217114
5217118
5218847
5219056
5221445
5221608
5222441
5223999
5224235
5224328
5224656
5224672
5227127
5227590
5227703
5227999
5229570
5231087
5231228
5231283
5231924
5231987
5232163
5232827
5232915
5232939
5233425
5234711
5237617
5238389
5239059
5239396
5241482
5242498
5243444
5243876
5245892
5246356
5246785
5248900
5249221
5249424
5251610
5253337
5254355
5255786
5256367
5256618
5257787
5259353
5259588
5260184
5262636
5263689
5265732
5266248
5266667
5268823
5269301
5269492
5269678
5269751
5271367
5271511
5271649
5273156
5278036
5278097
5280187
5280326
5281237
5281586
5281839
5283058
5286937
5287094
5288861
5289143
5290013
5290135
5290482
5291906
5292037
5292637
5294954
5295299
5295786
5296699
5297612
5297761
5298940
5299289
5304148
5304668
5305334
5306302
5306394
5306733
5307017
5307494
5308216
5308898
5309806
5310513
5310522
5310974
5311210
5311430
5312228
5313538
5315065
5318222
5318597
5319559
5321173
5323822
5324140
5324463
5324711
5324740
5325140
5325839
5326531
5327463
5328113
5329390
5329746
5329777
5331814
5332922
5335595
5337848
5339465
5340158
5343338
5344194
5345924
5347644
5349125
5350031
5350666
5351764
5353179
5355610
5356505
5357749
5362455
5362630
5363246
5363595
5363834
5364100
5364242
5366182
5366301
5366506
5366866
5367810
5370272
5372708
5374698
5374729
5375737
5376239
5376396
5377691
5378989
5379911
5380799
5381230
5381435
5382484
5383980
5383993
5384560
5384732
5384848
5389676
5389975
5391568
5391690
5393883
5396125
5396212
5396378
5396678
5397781
5398167
5399229
5399714
5400783
5402463
5403745
5403948
5405386
5405717
5406775
5408676
5409102
5409244
5411401
5413911
5416567
5417237
5418394
5418769
5419509
5422124
5422508
5423722
5424327
5426283
5428710
5430114
5431143
5431640
5431656
5431943
5432893
5434651
5434978
5437815
5442265
5443308
5443909
5444128
5446647
5447687
5448457
5450254
5450852
5450932
5453215
5453458
5453987
5455272
5456079
5456889
5458895
5461685
5461947
5462290
5462317
5464475
5464641
5464652
5466000
5467704
5468233
5468458
5468741
5469036
5469061
5469846
5470125
5470476
5470674
5471099
5471134
5471465
5471592
5472571
5472703
5473241
5473886
5474732
5474884
5475262
5475886
5476152
5476532
5476898
5478029
5478057
5480193
5480377
5480493
5480735
5481283
5481319
5482554
5482746
5483005
5483655
5483681
5484903
5485620
5486799
5488985
5489753
5489768
5489891
5489907
5490743
5492401
5493873
5495701
5496062
5496199
5496438
5496672
5500803
5501072
5502303
5502970
5503394
5506353
5506743
5507201
5509146
5510505
5512351
5512372
5512652
5512671
5514342
5515419
5515940
5516257
5516706
5517733
5519972
5521213
5521952
5523589
5525834
5526305
5526930
5528185
5528523
5528594
5530105
5532295
5533749
5533840
5534399
5534905
5535094
5535420
5537711
5538187
5540451
5540954
5541790
5542019
5542084
5544280
5544623
5545199
5546090
5546368
5546608
5546658
5547189
5548063
5548597
5548781
5549402
5551460
5551920
5552517
5553348
5553463
5555166
5555606
5557011
5557163
5557520
5558983
5559381
5559431
5559771
5560027
5560310
5561595
5561831
5562094
5562164
5562919
5564229
5568188
5568202
5569669
5569751
5569931
5571604
5573104
5573453
5574417
5574687
5576080
5576712
5576915
5577141
5577540
5579012
5579204
5579479
5582579
5582912
5585168
5585838
5586140
5586407
5586409
5586421
5586822
5587751
5587879
5588267
5589277
5590227
5590891
5591697
5593262
5593767
5594236
5594254
5595999
5597129
5598192
5598974
5599324
5599877
5599972
5600055
5602824
5603228
5603415
5603603
5604151
5604540
5604957
5606545
5606687
5608130
5608210
5608268
5610460
5611393
5614096
5614266
5615489
5615923
5615976
5618258
5619316
5619524
5619971
5621024
5622373
5622753
5623864
5624358
5624802
5625473
5625927
5626007
5629665
5629872
5634327
5634573
5636004
5638811
5640430
5640720
5642537
5642944
5643041
5643428
5644043
5644395
5646094
5647796
5649360
5649521
5651047
5651854
5652024
5652207
5652746
5653196
5653221
5654336
5655563
5656158
5656402
5659219
5660760
5661889
5663929
5664024
5664061
5665390
5665587
5666469
5668275
5669964
5671034
5671695
5672523
5673027
5675528
5675587
5675628
5678203
5679195
5679927
5681546
5681583
5682371
5682924
5683333
5684046
5685413
5686527
5688848
5689885
5693090
5694769
5695422
5697668
5698746
5699964
5700081
5700791
5701323
5702130
5702406
5702509
5703201
5703709
5706575
5706694
5708182
5709570
5710126
5710661
5710732
5713456
5714100
5714912
5715208
5716406
5720906
5722971
5723338
5723571
5724570
5725467
5725603
5726729
5728363
5731801
5731978
5732146
5732210
5732402
5733621
5734212
5734765
5734775
5735093
5735249
5736159
5736482
5737302
5739011
5739097
5739710
5741255
5741887
5742843
5744672
5745089
5745222
5745510
5747923
5748203
5748326
5750856
5751108
5751690
5751711
5752203
5753042
5753323
5754212
5754772
5755399
5755519
5757155
5757197
5757432
5758241
5758485
5759763
5760164
5760472
5760803
5761436
5762809
5763357
5763401
5764937
5765494
5766129
5766421
5767146
5768131
5772203
5772512
5774302
5774342
5774367
5774529
5777357
5777651
5778426
5778487
5779049
5780571
5782142
5783034
5783237
5783635
5784017
5785556
5785691
5787246
5787409
5789419
5789674
5791702
5793202
5794005
5799898
5800149
5801512
5802031
5805062
5805104
5805530
5806106
5806787
5808101
5808635
5809180
5809212
5809218
5809399
5810778
5812201
5812730
5813106
5813317
5813908
5814053
5815590
5816354
5817857
5819894
5821648
5822752
5822982
5822994
5824326
5825312
5826264
5827020
5827157
5828315
5828486
5829163
5829738
5834506
5834798
5836729
5841203
5842178
5844033
5844324
5844351
5844411
5844639
5844951
5845746
5846566
5847129
5848108
5848176
5849583
5850837
5851703
5852111
5852854
5853543
5855813
5857325
5858252
5862187
5864052
5864332
5864489
5864645
5865629
5867100
5868198
5868741
5868827
5869299
5869932
5871930
5872076
5872760
5873657
5874101
5875053
5875474
5876086
5876496
5877047
5878147
5879040
5879939
5880065
5880129
5881008
5881483
5881986
5883583
5885232
5885297
5885660
5887805
5888184
5889070
5889096
5889447
5891409
5892581
5892681
5892791
5895898
5896509
5896998
5897264
5897432
5899357
5899431
5899568
5899799
5901643
5903617
5906109
5906787
5907246
5907345
5909034
5910268
5911623
5911650
5912685
5912819
5917469
5918353
5919956
5919969
5920389
5920472
5921328
5922456
5922855
5927404
5931644
5932151
5932757
5933676
5933885
5934143
5934554
5934810
5935468
5936506
5937080
5939996
5941634
5944314
5944960
5944984
5945314
5945321
5946089
5948514
5948773
5949012
5950026
5950715
5952030
5952210
5953845
5955735
5955828
5955834
5955930
5956090
5956211
5957216
5958766
5960903
5963393
5964328
5964678
5965884
5968329
5968736
5970022
5971183
5971364
5971536
5972502
5972762
5972810
5973017
5973765
5973876
5974929
5975820
5977641
5980310
5983385
5985209
5985704
5987169
5987911
5989375
5989993
5990024
5991066
5992403
5993293
5994091
5994138
5994681
5999364
6003163
6003301
6003474
6003880
6004421
6004873
6006691
6006864
6008140
6009697
6009784
6010887
6012375
6013817
6015289
6016788
6019270
6019397
6020021
6023467
6024639
6024768
6025827
6026487
6027118
6027686
6029557
6029798
6030987
6031083
6032530
6034267
6036179
6036771
6038225
6039536
6041433
6042415
6044005
6044899
6045309
6045514
6046193
6047213
6047517
6048749
6049302
6049439
6050537
6051314
6051612
6052872
6053268
6053744
6054700
6056396
6056554
6057216
6058315
6059078
6059545
6060096
6060220
6060283
6060512
6060989
6062488
6063435
6064644
6065310
6066108
6066574
6066905
6068089
6068651
6068877
6069279
6069582
6070884
6071546
6071814
6072059
6073398
6074058
6074482
6075753
6077292
6078823
6079373
6079616
6080895
6081951
6082083
6083176
6083273
6083589
6083742
6083985
6084079
6084502
6085768
6086432
6087448
6087973
6090551
6092927
6093618
6093770
6093956
6095836
6096202
6096736
6097928
6098305
6100533
6101940
6103274
6103568
6104966
6105474
6105659
6107031
6107186
6107389
6107404
6108047
6108829
6109467
6109772
6109912
6110145
6112113
6112402
6112808
6113454
6113804
6114256
6116131
6116784
6117570
6118209
6119555
6120811
6121690
6122182
6123453
6124721
6124978
6125936
6126339
6126881
6127465
6127991
6128250
6129853
6130461
6131268
6131546
6131941
6132396
6132432
6134485
6134602
6135395
6135808
6135891
6136209
6136680
6137070
6138782
6139784
6140187
6141806
6142399
6142964
6143138
6143351
6144962
6146049
6147790
6148190
6148852
6149008
6149333
6149499
6151670
6152241
6152474
6152475
6153792
6155358
6155707
6156421
6157383
6157958
6159458
6159641
6160816
6161108
6162376
6162643
6162787
6163252
6163490
6164487
6166356
6166677
6166702
6166886
6166922
6169066
6170731
6170801
6171651
6171951
6173019
6173172
6173193
6175380
6175457
6175594
6177350
6177543
6178364
6179080
6179134
6179523
6181085
6181424
6183111
6183371
6183435
6184612
6186690
6188451
6192253
6192379
6194071
6195475
6195766
6196422
6196926
6197566
6199130
6201162
6201169
6201280
6202355
6202799
6203158
6203363
6204492
6204799
6207608
6208412
6210184
6211169
6211384
6211823
6212135
6212945
6213074
6216531
6216725
6218271
6218274
6220227
6221916
6223952
6224398
6224416
6224718
6224900
6225772
6225953
6226400
6227636
6228196
6229503
6229773
6230470
6232256
6232422
6236234
6236525
6236565
6237280
6237499
6237787
6240152
6242348
6242364
6242521
6243087
6244574
6245540
6245700
6246165
6246672
6250989
6251663
6252681
6253648
6254039
6254356
6255385
6256881
6261300
6264185
6265375
6265503
6265592
6266683
6268635
6268713
6268920
6269076
6269538
6271745
6271840
6273561
6273895
6275030
6276490
6277853
6278483
6280074
6280624
6281757
6283525
6284098
6285058
6287766
6287797
6288114
6288391
6289799
6290418
6290614
6291035
6291907
6292557
6293522
6293598
6295903
6296823
6299398
6305994
6307593
6309383
6309907
6311087
6311189
6311459
6312371
6312483
6313598
6313979
6314143
6315778
6316355
6316427
6317314
6318212
6318253
6318299
6320740
6320904
6321173
6321503
6321796
6322800
6322964
6323983
6326335
6326640
6331032
6332329
6332387
6332388
6333205
6334644
6336587
6337549
6338609
6340166
6340354
6340574
6340846
6341073
6341238
6341490
6341795
6342920
6344033
6345191
6346326
6346434
6346594
6346870
6346916
6348511
6349039
6351167
6352282
6352857
6353026
6354261
6356646
6356957
6358720
6358773
6358895
6359075
6359795
6360243
6363538
6363594
6363607
6364484
6365570
6366034
6368370
6370020
6370030
6370058
6370900
6373211
6375311
6376590
6376930
6379931
6382324
6383114
6383188
6383528
6383608
6383932
6389617
6391379
6392850
6393330
6394168
6394254
6395001
6395174
6396988
6397686
6400649
6400816
6401004
6401306
6402835
6403297
6404301
6405750
6406123
6406183
6406209
6407298
6409014
6409415
6409525
6410426
6410533
6411032
6411311
6413853
6414666
6414934
6414955
6415516
6415774
6416124
6418120
6418706
6418723
6419955
6420133
6420362
6420868
6422262
6422432
6422536
6422946
6423927
6424735
6424789
6425759
6428126
6429288
6430380
6430473
6430787
6430836
6432585
6433014
6434788
6435817
6437034
6438364
6439091
6441503
6442686
6443821
6446136
6447879
6447939
6448733
6449145
6450565
6453063
6453764
6454031
6454110
6456390
6456830
6458423
6459466
6460442
6462454
6463072
6463166
6464514
6465177
6466497
6466931
6468739
6468745
6469494
6469498
6469747
6470431
6471344
6472866
6474566
6475308
6475817
6476865
6479168
6479220
6479285
6479308
6479521
6479827
6481544
6482702
6483264
6483798
6484650
6484716
6485693
6486823
6490345
6490905
6491523
6492009
6492251
6492348
6492495
6493758
6494799
6495896
6496756
6497277
6497973
6498114
6498767
6499028
6499127
6499905
6501039
6502700
6503789
6505219
6508427
6509715
6511070
6511535
6511750
6511908
6514390
6514904
6515821
6516439
6517741
6519678
6521132
6521199
6521668
6521870
6522163
6522751
6523186
6523623
6523747
6525201
6525875
6525979
6528008
6528795
6529117
6530975
6531872
6532077
6532634
6535407
6536628
6537632
6538036
6541034
6542006
6543606
6545062
6546394
6546875
6547000
6548157
6548965
6548969
6549829
6551038
6551089
6553850
6558004
6559651
6559703
6561419
6562641
6562935
6564823
6565113
6566087
6566814
6570114
6572021
6572260
6573638
6573792
6576263
6576538
6576674
6576718
6579038
6579061
6579407
6579495
6580224
6581007
6581906
6586991
6587124
6587837
6587977
6588135
6591523
6591585
6592428
6592470
6592838
6593238
6593573
6594694
6595921
6597296
6599815
6600036
6600250
6600352
6600920
6601918
6604204
6604464
6607825
6607989
6608201
6610983
6611083
6611273
6611358
6611562
6612623
6613384
6613607
6614484
6614879
6616889
6617428
6618284
6618444
6619204
6619607
6620368
6620589
6621363
6622739
6624157
6625361
6625756
6628158
6628556
6628556
6628723
6629099
6629632
6629696
6630374
6631954
6632714
6632828
6633224
6634082
6634275
6634977
6635392
6636749
6637233
6637881
6638662
6639694
6640597
6642338
6644026
6644182
6644228
6647545
6648348
6648794
6649529
6650169
6650595
6651155
6651301
6651453
6651801
6654316
6655065
6655777
6656195
6657526
6658326
6660187
6661586
6661714
6662751
6664219
6665346
6665394
6666725
6667760
6669089
6670487
6670742
6674406
6674496
6675709
6676010
6676386
6676621
6676966
6677268
6678672
6678790
6680388
6681080
6681826
6681905
6682414
6682739
6685200
6685538
6686471
6687789
6688525
6689176
6689781
6690202
6690703
6692418
6693271
6693663
6694664
6695034
6695679
6695732
6699071
6699091
6700706
6701100
6701589
6703066
6703500
6703784
6703784
6704866
6708316
6708633
6709029
6709640
6710927
6712621
6712771
6713052
6716302
6716436
6716655
6717143
6717657
6718244
6718568
6720021
6720096
6720535
6720910
6721286
6721381
6722782
6723337
6723451
6723509
6723882
6724416
6726259
6728485
6733433
6733880
6734394
6735025
6735197
6735240
6735278
6735695
6735941
6735953
6736705
6739799
6740057
6741082
6741950
6742978
6745339
6746030
6746883
6749263
6749942
6750441
6750676
6751946
6752553
6752652
6752858
6752884
6753001
6754774
6755066
6755646
6757538
6757892
6759887
6760580
6761508
6762379
6763086
6763336
6763661
6765477
6765773
6767499
6768468
6768777
6768858
6769101
6769946
6774181
6778800
6779953
6780152
6780594
6781260
6781338
6781686
6781838
6784124
6786471
6786836
6787604
6788656
6790213
6791102
6791488
6791497
6791592
6791762
6794002
6794041
6794422
6794950
6797115
6800317
6801450
6801546
6801930
6802758
6805528
6807056
6807858
6807859
6808873
6810381
6811402
6811963
6813336
6813470
6814150
6814784
6815493
6817868
6818056
6818072
6818634
6820639
6820923
6821117
6822144
6822682
6824369
6825713
6826472
6829770
6830887
6831886
6832479
6834395
6834986
6835158
6835820
6836149
6836196
6839075
6839947
6840637
6841725
6842851
6842932
6843366
6844337
6844970
6845737
6848339
6849192
6849503
6851531
6851989
6852283
6853063
6854569
6856826
6857009
6857812
6858014
6858510
6859093
6861982
6862325
6862380
6862476
6862560
6863454
6864796
6865777
6865852
6866500
6866923
6867880
6870839
6871125
6871597
6872260
6873038
6873298
6873908
6874020
6874701
6874996
6875104
6876880
6877774
6878549
6878820
6879884
6880681
6880971
6882774
6883623
6886984
6889496
6890031
6890750
6892165
6894550
6895815
6895991
6896186
6898806
6898811
6898976
6899661
6900768
6902064
6902403
6902817
6905316
6906455
6907790
6908082
6908671
6908762
6909033
6909935
6910036
6910614
6910627
6911353
6911508
6911967
6912323
6912367
6912526
6914355
6916313
6916805
6918737
6919025
6919254
6919591
6921999
6922783
6924409
6926386
6926647
6926748
6926793
6929359
6933214
6933252
6933423
6934795
6935455
6935729
6936471
6936518
6936562
6938809
6943404
6944665
6946609
6947409
6947560
6948887
6949152
6949449
6951679
6953546
6954407
6955296
6955342
6957301
6957999
6958118
6960393
6961460
6963084
6963151
6963424
6965771
6966041
6966156
6966217
6966871
6967413
6969846
6970397
6970869
6973505
6973545
6974370
6975857
6976857
6979442
6980037
6981025
6983247
6983564
6985185
6985549
6985653
6989138
6989337
6990567
6990899
6991196
6991779
6992464
6995443
6997947
6998279
6998759
7002427
7003609
7003929
7004852
7007134
7008638
7011874
7012541
7013502
7013507
7013628
7014041
7015725
7016276
7018096
7018633
7018952
7020084
7020467
7020885
7021069
7021700
7021742
7022301
7022478
7023312
7024625
7025506
7026856
7028551
7028880
7029642
7031203
7035723
7035836
7036377
7036455
7036700
7037462
7037861
7039942
7039945
7043339
7044264
7045286
7046174
7046784
7048290
7048321
7050447
7051538
7052045
7052529
7052673
7053613
7053632
7053696
7053751
7053989
7055728
7056057
7056603
7056718
7056764
7057643
7058295
7058576
7058851
7061476
7062392
7063136
7063229
7063689
7064913
7066202
7068601
7069742
7069763
7070606
7073787
7074989
7075040
7076190
7077969
7082527
7082755
7082818
7082944
7083254
7084147
7086240
7087307
7088106
7089466
7090359
7090565
7090894
7091490
7091868
7092322
7092333
7092701
7093253
7093302
7094120
7098025
7098375
7098861
7098894
7099450
7100159
7100973
7101036
7101069
7101902
7103178
7103213
7103626
7104301
7105475
7106646
7107398
7109271
7110495
7112820
7114245
7115302
7115528
7117048
7117242
7117314
7118067
7119066
7119417
7121381
7122360
7123504
7123550
7124204
7124452
7124727
7125199
7125931
7127300
7127692
7127831
7127860
7129476
7130750
7131467
7132342
7132437
7132634
7132896
7132923
7133358
7134243
7134246
7134589
7135072
7136839
7138370
7138702
7138958
7141560
7141911
7141934
7142401
7142581
7142678
7142868
7143135
7143395
7143461
7143479
7143779
7146632
7146809
7146886
7147066
7147306
7148313
7148924
7150188
7150501
7150750
7151449
7153661
7153763
7154307
7154657
7155339
7155473
7155891
7156243
7158019
7159907
7160030
7161124
7163458
7163779
7163807
7165331
7167061
7167296
7169039
7170206
7170416
7171961
7173662
7175244
7176141
7177411
7180298
7181326
7181601
7182106
7184053
7185087
7185841
7187642
7191544
7191648
7191871
7191986
7192769
7193118
7193192
7193536
7193748
7194417
7194451
7196683
7196769
7196820
7197876
7198036
7198655
7199939
7201262
7202119
7202619
7203313
7203878
7205174
7205447
7207719
7209002
7209477
7210255
7212657
7213838
7214552
7216335
7216708
7217138
7219779
7219871
7219876
7220622
7220678
7222174
7222351
7223643
7224963
7226097
7228053
7228396
7230746
7231334
7232760
7233459
7234089
7234135
7234788
7236708
7236834
7236897
7237930
7240156
7241133
7242827
7242909
7243225
7243299
7244043
7244045
7244738
7245893
7246501
7246613
7247218
7247419
7247777
7251130
7256098
7257291
7260563
7260944
7261474
7261533
7262238
7264012
7265521
7265720
7266139
7268045
7270891
7271712
7272445
7272750
7273390
7274703
7275544
7276731
7278092
7278160
7278853
7280161
7281875
7282713
7282759
7283267
7286105
7286594
7287265
7288097
7288326
7291841
7291946
7292491
7292913
7293082
7293115
7294396
7295628
7295819
7297726
7297872
7305472
7305566
7305889
7306419
7307199
7308562
7309204
7310706
7312256
7314464
7314682
7314830
7315835
7316350
7316413
7317462
7318234
7318870
7319295
7320799
7322157
7322514
7323294
7324170
7325056
7325728
7326024
7328209
7328454
7329472
7329533
7331279
7331331
7331879
7333745
7333949
7334988
7337477
7337968
7339256
7339669
7340516
7342054
7343578
7345898
7349989
7350421
7350696
7350789
7351337
7351573
7351940
7352015
7352461
7352828
7352929
7353788
7353948
7354453
7355799
7359299
7360038
7360187
7361045
7362620
7364970
7366583
7366899
7369570
7369622
7370348
7370584
7371570
7371783
7373293
7373550
7373670
7373877
7374152
7374330
7374911
7376561
7378876
7378917
7380779
7380983
7382556
7384245
7384310
7384959
7386756
7388115
7390722
7391953
7392013
7393470
7393751
7395696
7395830
7397088
7397561
7397810
7398664
7399399
7399509
7399690
7400596
7401033
7401820
7402077
7402660
7402943
7403649
7404352
7405493
7407496
7408510
7408521
7409859
7410177
7410421
7410531
7411084
7411267
7413310
7414202
7415279
7415643
7415786
7416501
7417400
7417484
7419735
7420261
7420734
7421716
7422176
7422977
7423169
7423363
7425028
7425877
7426273
7427582
7428189
7428667
7431994
7432148
7433431
7433478
7434557
7435631
7436333
7437677
7438189
7438807
7442085
7442220
7443097
7443423
7445171
7447029
7447620
7448593
7449158
7449332
7449889
7450148
7450639
7451672
7452297
7453053
7453803
7453827
7454421
7455480
7455539
7459306
7460066
7461832
7462705
7463494
7463583
7463631
7465160
7465318
7465657
7465831
7470591
7471548
7472445
7472504
7473626
7473719
7476040
7477740
7478803
7482086
7482647
7482946
7484326
7484607
7486358
7486940
7487558
7488338
7488856
7491349
7491796
7494198
7494691
7496647
7496882
7496968
7497696
7498106
7498284
7498292
7498336
7499179
7499634
7499691
7499725
7499757
7501767
7502046
7504493
7505249
7505426
7508557
7510023
7510662
7512944
7515537
7516083
7516420
7516829
7518376
7518952
7521847
7522452
7523250
7525511
7525831
7525877
7531452
7532878
7534143
7534805
7535357
7535456
7536703
7538832
7539526
7540417
7541509
7541625
7542227
7542273
7542662
7542798
7545146
7545459
7548302
7548908
7549753
7550229
7550686
7550696
7551843
7552178
7554330
7554566
7555396
7557713
7559942
7561516
7561689
7563041
7565243
7566436
7566743
7567680
7569863
7570066
7571258
7571491
7571620
7572858
7572896
7572969
7573179
7574702
7575444
7580404
7581306
7584562
7584657
7585521
7585674
7587070
7591821
7592142
7592183
7593659
7593821
7593834
7594592
7595118
7595163
7597007
7597319
7597374
7598680
7598739
7598751
7599191
7599849
7600032
7600526
7600870
7602314
7603182
7603832
7604399
7605333
7605971
7606569
7607406
7608742
7610076
7611019
7612555
7612608
7612878
7613049
7613341
7615384
7615401
7616320
7616920
7618997
7619470
7619830
7622588
7624383
7627527
7628462
7629577
7629996
7630492
7630609
7630932
7633607
7633700
7633906
7634265
7634970
7636757
7637574
7638365
7638831
7641214
7641317
7642175
7642595
7645061
7646398
7646658
7647088
7648447
7648497
7648619
7649365
7649570
7652448
7653268
7654191
7654338
7654366
7655589
7658661
7659995
7660193
7660308
7661044
7661416
7662447
7664221
7665261
7665733
7666808
7666925
7668625
7669495
7669779
7671243
7673477
7674032
7674350
7674611
7677392
7678330
7678827
7679931
7680090
7680510
7680880
7681311
7682371
7682713
7684057
7684646
7684674
7685347
7687518
7687762
7687837
7687860
7688760
7690417
7692166
7695438
7697161
7697642
7697999
7698105
7699343
7700976
7701705
7701833
7702671
7703441
7703811
7707776
7708280
7708695
7709444
7709477
7710099
7711608
7711855
7712297
7712397
7712614
7713789
7713953
7714324
7714608
7715327
7718236
7718326
7718465
7719474
7720630
7721188
7721264
7724262
7724343
7725268
7725569
7726879
7728739
7729499
7730273
7731251
7733362
7733382
7733680
7734664
7734855
7735442
7735763
7736145
7737339
7739437
7739910
7741099
7741626
7741811
7742155
7742887
7743390
7744389
7744950
7745747
7745876
7746049
7746399
7746426
7746748
7748543
7748598
7749042
7749148
7751509
7753543
7754449
7755055
7755888
7757174
7757415
7760084
7760736
7761592
7761942
7762035
7762958
7763009
7764053
7765074
7765706
7766782
7767236
7767768
7768142
7769354
7769851
7770968
7772587
7772785
7774272
7776509
7777198
7777766
7778127
7778162
7778448
7778482
7778500
7778840
7779615
7780131
7781940
7784436
7784627
7785251
7785323
7787383
7787716
7789078
7789524
7789724
7790158
7790170
7791052
7791176
7791752
7792243
7794422
7794753
7797342
7797675
7798616
7798790
7799364
7799542
7800412
7800733
7802873
7804361
7804444
7804526
7804542
7805517
7805680
7805837
7807060
7807483
7808050
7808218
7808260
7810755
7811321
7812475
7812715
7813550
7813632
7813873
7814290
7818610
7819524
7819556
7820498
7821106
7821143
7821608
7821922
7822359
7823422
7824659
7825472
7825589
7826496
7826530
7826762
7827272
7827508
7827873
7828105
7829022
7829662
7830875
7831461
7835265
7836275
7836625
7837655
7837832
7838519
7840239
7840279
7841884
7842827
7844962
7845025
7845804
7846053
7846235
7846473
7848132
7849621
7850414
7851727
7851888
7852575
7852856
7852959
7853206
7854183
7857149
7857267
7857670
7857906
7858300
7858664
7858806
7858822
7859099
7859656
7860429
7861496
7862405
7862678
7863153
7864408
7865802
7865941
7866162
7866592
7867304
7867488
7867498
7867598
7868228
7868679
7870663
7870863
7871481
7872399
7872837
7874085
7874393
7874577
7876754
7877474
7877623
7878060
7881000
7881827
7883450
7883687
7885782
7887836
7888195
7888458
7888958
7890407
7890899
7891559
7891616
7892230
7892400
7892487
7893884
7894495
7894776
7894860
7894942
7896267
7898783
7899837
7900319
7901681
7901826
7903027
7903120
7903275
7903416
7904422
7904897
7905120
7905573
7905610
7905824
7907656
7907915
7908090
7908395
7909049
7909124
7909260
7909305
7910108
7910263
7911306
7912731
7914551
7915004
7915282
7915330
7915459
7916674
7916694
7918984
7919070
7919120
7920396
7921657
7923923
7924488
7924515
7924790
7925067
7926415
7926500
7926642
7927363
7927624
7928598
7928606
7929183
7929961
7930313
7931171
7931395
7931968
7932736
7936570
7936769
7938112
7939251
7939253
7939855
7941406
7943674
7944677
7944802
7947849
7947984
7951428
7952340
7953485
7954152
7954170
7954255
7954513
7954716
7955072
7955527
7957027
7958283
7959296
7959705
7961379
7961520
7963245
7964360
7964387
7965315
7967062
7970056
7970326
7970882
7971497
7975508
7975873
7977121
7978329
7978867
7979639
7981456
7982205
7983554
7984533
7985544
7985732
7987136
7988600
7988748
7989278
7990999
7992024
7992484
7993291
7994632
7995495
7997214
7998245
7999722
8000515
8000765
8001447
8001861
8002610
8002661
8004277
8004400
8004690
8008711
8009637
8011603
8012417
8012904
8016352
8018149
8018943
8019854
8020282
8022415
8022443
8023229
8023563
8023659
8024702
8025424
8031346
8031806
8032168
8033619
8033752
8033889
8035105
8037463
8038113
8038661
8039493
8040237
8040559
8040868
8041751
8042786
8043223
8043284
8044473
8046427
8049800
8049835
8049836
8053812
8056641
8057601
8059061
8061011
8061399
8061483
8061573
8061787
8062215
8063858
8064008
8064287
8065629
8067220
8068048
8068179
8068216
8069286
8070207
8070467
8070474
8074016
8074720
8075056
8076721
8078082
8078109
8078311
8080467
8081413
8081565
8084630
8085521
8086039
8086251
8086488
8088287
8090089
8090534
8090862
8092679
8093319
8094459
8098353
8099666
8100936
8101168
8102318
8102900
8105512
8105663
8106753
8108045
8108261
8108984
8109235
8110804
8110833
8111430
8111705
8112384
8112841
8113942
8113992
8114194
8115878
8115952
8116071
8118021
8119357
8119436
8119711
8120099
8121762
8122239
8122822
8124033
8124177
8125357
8125376
8125836
8126275
8126589
8126594
8126614
8127232
8127679
8128846
8129539
8129843
8129873
8130596
8130984
8131516
8133246
8134054
8135720
8136839
8137001
8138729
8138864
8139733
8140047
8141699
8142306
8143554
8143785
8145393
8145791
8145890
8145976
8146149
8146776
8148627
8150336
8152144
8152628
8152862
8152870
8154700
8156288
8156709
8157183
8157378
8158935
8160334
8160342
8161977
8162545
8163766
8164081
8164555
8165212
8165575
8165606
8167710
8167713
8170358
8171013
8171317
8171449
8171495
8171919
8172318
8172373
8173124
8173292
8174203
8176334
8179047
8180332
8181113
8184143
8184657
8186393
8187343
8187900
8188335
8188471
8188502
8188590
8190034
8190608
8191931
8191940
8191977
8193454
8194124
8194542
8195457
8195676
8195912
8198934
8199952
8201429
8201439
8202396
8202404
8202729
8206243
8206720
8207730
8208078
8210887
8211103
8211104
8211552
8211935
8213345
8213967
8214874
8214900
8215372
8215533
8216669
8216965
8219739
8220938
8221347
8221576
8222338
8223738
8224268
8225310
8225495
8225515
8226081
8227464
8229617
8229857
8230516
8231229
8231556
8232023
8232287
8233192
8233362
8233991
8234043
8235239
8236113
8236807
8237807
8238238
8240126
8240297
8240322
8241174
8241575
8241699
8243008
8243409
8245046
8247496
8248222
8249978
8250866
8251835
8253426
8255150
8256202
8256748
8256902
8259285
8260310
8261098
8261732
8262265
8262856
8263445
8265779
8266167
8267135
8267304
8269229
8270538
8270646
8273363
8273533
8273886
8273893
8275336
8276620
8277250
8277404
8277613
8279512
8280198
8280493
8281051
8282325
8282532
8283788
8283902
8285110
8285551
8285709
8285830
8286309
8287708
8288714
8289176
8289408
8289647
8290450
8290810
8292312
8292553
8294157
8294293
8295103
8295271
8295873
8296858
8297222
8297725
8298018
8298140
8299210
8299809
8302150
8302243
8302253
8303306
8303921
8304173
8305647
8307256
8307520
8308329
8308977
8311117
8312815
8313364
8313811
8314482
8314859
8315135
8316429
8316660
8317126
8317829
8318070
8318164
8318558
8319125
8319183
8319291
8322392
8323446
8323465
8324781
8326061
8326693
8327651
8328124
8331829
8332460
8332678
8332981
8336813
8337468
8338309
8338414
8338895
8339278
8339943
8340029
8340856
8341934
8342749
8343663
8343823
8344803
8347590
8348007
8349717
8350308
8351557
8353098
8353680
8353975
8354424
8354532
8354563
8356984
8357735
8360440
8361036
8361456
8362361
8362759
8363071
8363219
8364453
8364838
8365149
8366881
8367640
8367647
8368346
8369237
8369373
8371030
8372362
8372625
8372868
8374063
8374772
8375346
8375673
8375751
8375812
8375864
8376665
8377746
8378798
8378915
8379120
8382467
8384721
8386519
8386729
8387399
8387604
8388464
8388604
8389019
8389847
8390661
8390842
8390844
8392174
8392346
8393830
8394744
8395489
8397682
8398091
8398103
8401010
8401376
8402355
8402470
8404634
8405423
8408796
8410811
8410899
8411298
8412912
8414290
8415788
8416021
8416550
8417701
8417869
8418283
8418506
8420166
8421590
8421755
8422509
8422795
8422798
8423705
8424455
8424498
8429887
8429952
8431076
8431371
8432477
8433277
8434185
8434371
8434808
8435207
8437400
8437536
8442118
8442573
8444587
8445098
8445311
8445471
8445726
8446630
8447247
8447333
8447953
8448325
8448850
8449097
8449161
8450245
8451155
8451280
8452161
8453027
8453164
8453275
8453949
8454506
8457050
8457152
8458757
8459595
8460037
8460947
8461248
8461349
8462655
8463220
8463423
8463636
8466617
8466707
8467843
8468395
8471618
8472457
8473920
8475059
8475930
8476210
8476229
8476475
8480411
8480616
8480785
8481824
8483293
8485628
8488159
8489245
8489910
8491230
8491309
8494448
8494476
8494510
8495464
8495657
8496188
8496687
8498939
8500123
8500819
8501130
8501972
8502317
8502735
8503400
8504556
8506202
8508087
8508095
8509878
8510690
8511957
8512116
8513200
8515226
8516523
8516562
8517904
8520176
8520443
8522322
8523294
8524952
8527664
8528348
8528580
8529930
8530306
8531131
8531922
8532385
8532484
8532693
8533350
8533379
8533912
8537299
8537910
8539255
8540027
8540749
8540773
8540837
8541026
8544436
8546065
8547494
8547869
8548048
8549462
8549708
8550819
8551016
8551929
8552463
8552567
8553644
8556009
8556655
8557069
8558441
8559436
8559634
8559947
8561134
8563582
8564586
8564969
8565033
8565701
8565877
8566855
8567534
8567538
8567773
8569051
8569176
8569319
8569466
8570507
8572599
8572673
8572805
8573032
8573270
8577203
8577361
8577648
8578363
8581325
8581748
8582698
8583333
8583657
8584837
8585729
8585891
8586313
8586746
8587377
8588999
8591198
8591276
8592898
8594812
8595463
8595777
8596221
8596304
8597080
8598063
8600188
8600322
8603109
8604756
8605708
8607718
8607891
8610261
8610599
8610867
8611884
8612928
8613262
8614637
8615541
8617211
8619583
8619589
8620618
8621474
8621475
8622481
8623003
8623014
8623138
8623311
8624943
8625320
8625426
8626357
8626399
8626452
8628499
8630020
8631241
8632603
8634250
8635908
8636156
8636549
8636808
8638745
8639749
8639965
8642212
8642439
8647078
8649389
8653041
8655535
8657876
8659509
8660684
8660755
8660990
8662511
8663473
8664085
8665765
8667748
8668658
8671929
8672875
8672948
8674085
8675539
8677311
8678831
8679458
8681354
8681866
8682051
8683327
8684493
8687163
8689116
8690865
8691274
8691282
8692509
8694056
8694392
8695200
8695325
8696888
8697262
8697788
8698190
8698209
8698456
8700222
8701297
8703297
8703736
8703950
8703984
8704168
8706051
8707461
8707704
8708650
8709213
8710361
8710853
8711247
8711420
8711503
8711664
8714791
8716934
8717662
8718845
8720976
8721138
8721694
8727564
8730633
8731017
8731272
8732285
8732380
8733423
8733610
8734039
8734411
8734988
8735070
8735527
8735602
8736889
8738128
8738841
8738995
8739059
8740220
8741701
8742487
8742559
8746299
8746444
8746549
8747185
8747910
8748266
8751025
8753492
8754020
8754195
8754532
8754994
8755030
8755817
8756259
8757230
8757689
8759387
8759651
8760007
8760059
8760146
8761645
8762809
8765087
8765230
8765232
8768121
8770606
8772789
8773138
8776429
8776946
8777139
8778587
8780233
8781224
8781240
8781337
8781813
8782120
8785596
8785868
8787906
8788250
8792285
8792509
8792529
8793167
8794001
8794344
8794406
8795189
8798077
8798215
8798383
8798916
8800351
8800404
8801129
8802050
8802524
8802935
8803506
8804051
8804080
8804186
8805003
8805558
8806050
8806580
8806957
8808448
8808787
8813166
8815495
8816101
8816168
8816975
8818860
8820286
8821646
8821899
8823244
8823824
8823899
8824872
8825472
8827672
8828836
8831477
8834278
8834932
8836728
8837387
8837410
8839047
8841049
8841488
8842431
8842628
8843093
8843593
8844611
8844777
8844975
8845865
8846966
8847136
8847794
8848200
8848244
8848686
8848846
8849729
8850666
8851774
8852911
8854385
8855790
8856008
8856037
8857868
8857873
8857951
8859214
8859485
8860762
8861189
8861222
8861469
8861611
8863362
8865491
8865754
8866305
8867608
8869900
8874888
8876112
8876255
8877719
8878311
8878473
8879446
8879993
8880873
8881325
8881508
8881889
8882254
8882612
8884308
8885090
8885799
8885954
8889134
8889313
8889396
8890398
8890586
8891646
8892032
8892190
8892713
8892859
8892961
8893218
8893727
8895497
8895752
8896061
8896305
8896307
8896608
8897855
8901244
8901322
8903198
8906605
8906670
8906750
8912398
8912469
8912823
8913293
8913338
8914499
8914794
8914985
8916403
8916415
8916494
8917059
8917752
8918046
8919552
8919749
8919777
8921776
8921819
8922853
8923431
8923596
8925760
8926547
8926744
8927163
8928201
8928785
8930034
8931995
8932541
8933038
8933131
8934042
8934147
8934962
8935130
8935615
8936848
8937066
8939217
8939285
8939769
8939985
8940502
8942290
8943439
8946428
8948276
8948878
8950021
8950211
8950832
8951053
8951950
8952260
8952857
8955559
8956425
8956765
8958664
8958911
8960494
8961052
8961415
8964477
8964996
8965611
8966049
8967347
8967512
8967684
8968095
8969364
8969585
8970374
8970401
8971306
8972324
8972583
8972839
8972915
8972982
8973136
8974600
8974673
8975008
8975217
8975589
8975763
8977554
8977599
8980192
8982626
8983011
8985167
8986022
8986080
8986881
8989011
8989644
8992477
8995737
8996737
8997318
8997454
8999090
9000652
9001379
9003433
9003471
9003818
9005390
9006955
9007277
9007525
9007816
9010954
9011343
9011652
9012544
9013429
9014399
9015171
9015177
9015601
9017019
9017189
9019034
9020221
9021346
9022941
9024349
9024355
9025219
9026138
9026217
9030784
9033089
9035418
9037654
9040948
9042192
9042329
9043579
9043846
9044541
9047183
9047584
9047925
9048640
9052119
9052665
9052791
9053423
9053537
9053907
9054036
9054626
9055833
9055932
9056218
9056803
9057301
9058591
9061193
9061327
9062771
9063967
9066599
9067622
9067657
9069596
9070040
9070667
9071105
9071181
9072105
9072592
9072854
9073536
9074958
9076989
9079298
9079692
9081693
9082901
9083227
9085312
9085953
9087436
9087627
9087809
9092999
9094067
9094439
9094457
9097337
9097654
9097826
9097943
9099628
9100563
9100896
9101680
9102414
9103240
9103717
9104164
9104535
9105118
9105676
9106113
9108795
9110759
9111183
9111556
9113228
9113568
9113975
9115314
9115871
9118081
9118326
9119181
9119850
9119976
9120009
9120326
9122402
9123475
9124097
9126043
9128573
9129765
9130187
9130404
9132431
9132497
9132733
9133504
9133641
9135160
9135966
9136350
9136831
9136843
9138689
9140652
9141931
9142091
9143055
9143262
9145020
9145321
9145531
9145756
9146079
9146559
9146577
9147588
9147674
9148853
9150542
9151080
9151792
9153781
9155130
9156197
9156468
9157642
9157688
9158364
9159170
9159317
9159779
9160283
9160592
9160749
9161437
9162235
9162784
9162991
9163376
9163591
9164560
9164968
9165413
9166200
9168766
9171903
9173235
9174923
9174966
9176188
9176230
9177014
9178153
9178854
9182861
9183229
9183591
9184036
9184647
9186553
9187259
9189954
9191081
9194734
9196470
9196643
9197192
9197436
9197472
9198577
9202332
9202543
9203092
9203726
9204376
9206196
9208502
9209285
9210319
9210494
9210876
9211812
9212827
9213019
9213698
9214691
9215908
9217558
9217648
9217869
9218265
9218855
9223076
9224160
9224222
9224682
9224718
9224944
9226251
9227818
9230168
9231228
9231885
9232872
9233335
9233610
9233700
9234293
9235547
9235904
9236510
9238085
9238397
9241220
9241601
9242285
9242454
9242854
9244770
9245399
9245531
9245962
9246337
9246412
9246500
9247869
9250238
9252458
9252627
9253430
9253756
9254122
9254273
9254381
9255521
9255966
9257015
9257069
9259820
9260650
9261720
9262674
9262751
9262937
9263828
9265121
9265207
9265384
9266424
9267026
9268321
9268360
9270974
9271450
9271584
9272708
9274149
9277523
9278568
9279580
9279957
9280476
9281836
9282001
9283092
9283164
9283617
9284045
9284713
9286253
9286656
9288825
9289054
9291169
9292203
9292204
9292392
9292892
9293263
9295669
9295954
9296410
9297114
9297729
9297758
9297989
9298622
9300107
9301315
9301445
9302738
9302835
9303385
9305437
9306201
9309872
9310510
9310650
9310947
9311508
9313661
9314337
9317614
9318613
9318775
9318845
9319736
9320935
9321279
9323006
9323081
9323319
9324001
9324307
9324484
9324487
9325470
9327576
9328337
9329897
9331332
9331641
9332017
9332852
9333098
9333741
9335577
9337024
9340106
9340119
9340570
9340794
9340884
9343883
9344079
9344094
9344634
9344705
9345719
9346997
9347223
9347476
9347910
9348621
9348825
9350196
9350405
9352076
9352872
9353512
9355043
9355677
9355727
9356299
9356917
9356950
9357049
9357125
9357623
9359216
9359726
9362165
9362818
9363287
9363961
9364400
9364643
9365344
9368877
9369687
9372031
9372079
9372138
9372193
9373297
9374551
9374729
9374958
9375349
9375526
9376396
9376891
9377219
9377520
9377898
9378282
9379875
9380398
9381435
9382011
9382224
9383143
9383477
9383607
9383749
9383839
9383857
9385536
9385858
9386383
9386438
9387084
9388395
9389054
9389582
9389770
9390473
9393500
9394976
9396296
9397146
9397697
9398393
9399966
9401442
9402632
9402659
9403405
9403756
9405942
9406230
9409086
9411357
9412192
9412282
9412678
9412861
9413568
9413766
9413952
9417346
9418378
9418855
9419047
9419499
9420734
9423399
9423413
9425014
9425282
9425416
9427731
9428194
9428243
9430527
9431498
9432882
9433589
9435846
9436422
9436803
9436860
9437682
9438818
9439362
9440254
9441139
9441779
9442050
9443653
9444571
9449970
9450381
9451850
9451894
9454071
9456141
9457037
9457828
9458361
9458454
9459728
9460165
9460601
9461021
9462850
9464778
9465228
9465272
9468690
9469204
9469550
9471394
9472435
9473985
9477397
9478279
9478710
9482615
9483111
9483850
9484382
9484581
9485072
9486360
9487354
9487713
9488611
9491408
9492122
9493145
9496969
9497317
9497518
9498100
9499605
9500418
9500958
9504863
9508260
9509455
9510820
9511443
9511707
9514188
9514708
9515960
9516421
9517684
9519058
9519185
9521323
9521707
9522708
9522976
9523631
9526235
9526442
9527323
9527905
9528050
9528185
9528528
9531547
9532372
9533286
9534881
9536751
9536784
9541504
9541819
9544145
9544358
9544416
9544830
9545610
9546375
9546598
9551889
9552577
9553655
9553747
9555302
9558850
9559639
9559939
9560366
9560724
9561851
9562956
9563193
9563355
9563472
9563874
9564178
9566658
9566981
9567153
9568495
9570276
9570699
9571602
9572115
9572339
9572617
9573588
9573609
9574086
9575967
9576223
9576336
9576782
9576881
9577340
9578001
9582536
9583621
9584511
9584798
9584953
9585208
9586677
9587299
9587323
9588462
9591946
9592085
9592154
9593091
9593154
9594261
9595472
9595486
9595982
9596613
9598828
9599930
9601962
9602061
9603308
9603799
9605928
9606396
9606411
9608990
9610172
9611495
9614445
9614698
9615196
9616226
9616430
9616456
9617199
9619048
9621723
9622783
9623631
9623805
9623875
9624475
9625459
9628037
9629594
9631381
9632148
9633844
9635149
9635244
9635657
9635875
9636988
9637215
9637296
9637488
9637916
9641229
9641681
9644485
9645643
9645867
9647028
9647060
9647237
9649196
9650212
9650489
9652749
9653268
9653277
9653704
9655012
9656938
9657319
9657411
9657921
9658243
9658295
9658412
9658761
9662466
9664341
9667437
9668017
9668021
9668700
9668764
9670278
9670281
9670938
9670957
9670976
9671936
9673449
9674556
9674923
9677081
9677904
9678283
9680171
9680198
9680216
9680658
9681629
9681666
9683085
9683571
9684098
9685764
9685872
9686033
9686310
9686645
9690847
9691700
9692500
9692753
9695530
9696646
9697291
9697419
9697687
9703604
9705709
9708228
9708433
9708860
9709147
9709942
9712068
9713019
9714461
9715098
9716841
9718898
9719508
9721420
9721473
9722002
9723020
9724450
9724768
9725752
9725971
9726000
9726213
9726904
9728361
9732114
9733227
9733435
9733819
9735391
9738031
9740223
9740850
9741164
9741655
9742014
9742833
9743281
9744882
9745198
9745730
9746529
9746590
9746638
9747626
9748049
9748316
9748762
9750103
9750258
9750705
9750954
9751386
9752341
9752792
9753377
9753516
9755512
9756204
9756574
9756752
9757176
9757585
9757816
9759891
9760128
9760927
9761256
9762393
9763134
9764062
9764308
9764611
9767340
9771718
9772584
9774435
9774684
9774913
9775604
9776405
9777271
9778083
9778768
9778957
9779703
9779867
9782574
9782998
9783343
9783559
9785354
9785594
9786109
9786133
9786677
9787815
9788201
9789671
9791041
9793008
9793594
9794260
9795174
9796594
9796652
9797409
9797870
9798835
9799834
9800298
9801291
9802611
9802863
9804380
9804431
9805052
9805577
9807166
9807282
9810771
9811944
9812488
9812498
9812628
9813998
9814202
9814462
9814465
9814491
9815340
9816864
9817715
9817851
9818310
9819561
9819680
9820987
9822087
9822371
9823125
9823302
9823401
9824617
9824815
9825585
9826913
9827012
9827215
9829904
9830123
9830334
9830623
9831892
9834847
9836096
9837935
9840868
9840945
9841414
9842250
9843176
9843932
9844354
9844713
9846551
9847436
9847584
9848299
9849067
9850873
9850894
9851643
9851989
9854014
9854218
9855032
9858522
9858634
9858684
9860002
9860064
9861104
9861158
9861916
9862449
9863026
9863095
9863126
9863361
9863996
9864217
9864367
9864539
9864648
9866734
9867378
9870135
9870620
9871339
9871723
9872943
9873148
9874161
9875355
9876958
9878172
9878951
9880328
9881454
9882349
9882733
9884411
9884470
9885177
9885382
9885416
9890154
9892270
9892765
9893796
9893971
9894962
9895271
9895568
9895919
9896730
9897422
9899728
9900084
9900224
9900708
9902948
9903366
9903850
9904860
9905135
9905242
9905257
9907258
9907724
9908885
9909953
9909982
9910420
9911205
9912373
9912456
9912660
9913090
9914152
9915695
9916116
9918355
9920667
9920803
9921508
9922218
9924529
9926607
9926740
9929051
9929061
9932751
9933668
9933928
9934961
9935861
9936266
9936792
9937152
9938400
9938421
9938630
9939081
9940346
9941702
9945980
9946178
9947524
9947697
9950098
9950295
9950592
9951484
9952123
9954499
9955129
9955145
9960853
9961069
9961470
9961856
9966118
9966656
9966993
9967008
9969409
9969653
9969976
9970493
9971060
9972308
9972325
9972916
9974504
9979239
9980135
9982791
9985291
9987080
9988331
9988497
9989890
9992167
9992683
9995162
9998337
9999799
9999810
