1000
1001316
1003285
1005772
1009727
1034581
1038798
1039118
1047814
1053137
1058986
1068100
1081816
1108095
1116954
1135290
1145210
1146948
1149199
1160890
1180816
1188564
1194269
1200152
1211741
1215484
1221144
1224684
1225345
1250783
1251740
1253639
1256886
1261453
1279476
1285031
1286390
1296150
1301126
1306003
1312394
1323167
1344751
1358435
1359379
1375085
1392458
1410095
1411142
1415183
1435712
1436720
1437263
1452907
1476035
1479989
1481521
1484498
1491276
1499493
1503115
1508811
1525619
1527749
1533843
1537063
1542115
1555339
1556950
1570020
1574307
1583256
1595781
1601680
1611986
1626909
1632845
1634247
1644717
1645814
1651605
1669412
1670461
1696011
1696344
1700597
1704579
1709820
1709906
1718195
1736435
1745650
1782689
1799190
1803343
1807347
1812406
1827760
1828762
1836523
1843300
1848760
1849057
1858865
1874409
1888397
1898879
1911325
1937287
1946058
1951905
1965674
1976073
2003495
2007453
2011504
2014545
2026311
2028095
2030034
2073187
2074419
2099343
2105914
2114580
2114899
2118690
2121227
2125180
2136095
2145519
2151141
2154354
2156791
2161495
2170181
2171347
2178804
2190834
2201738
2241778
2247282
2259592
2263884
2271762
2277582
2301908
2302103
2307271
2314956
2327032
2330128
2332954
2351963
2357876
2370030
2375942
2382998
2394678
2409804
2410922
2425092
2426833
2433990
2440791
2458964
2461237
2469340
2480429
2515200
2516615
2523385
2538631
2541404
2541877
2552950
2554809
2556205
2562642
2602092
2623805
2626503
2636406
2640983
2656890
2656912
2664412
2672523
2686432
2696881
2698248
2700645
2708882
2725295
2725742
2733255
2737080
2753917
2763693
2766993
2771126
2793770
2812369
2837300
2841702
2844557
2849608
2863250
2867971
2901345
2904343
2911202
2915283
2915684
2915881
2917950
2930195
2940559
2948450
2957216
2957593
2964421
2966420
2973260
2975462
2978513
2980869
2981128
3008843
3034618
3071562
3073649
3095335
3097257
3103748
3111997
3118132
3122078
3125742
3141114
3146159
3150382
3155052
3169152
3179723
3183623
3192434
3193608
3194933
3211262
3216380
3239865
3267560
3276396
3289181
3293155
3293765
3295519
3298009
3308753
3321098
3325266
3332306
3351652
3352131
3365379
3372539
3411704
3420381
3428359
3436146
3494305
3520312
3521517
3531754
3539116
3547784
3548263
3575217
3578880
3593276
3609345
3610588
3629146
3635319
3636335
3650146
3668826
3669877
3670331
3678641
3682029
3683688
3695315
3727576
3731888
3739977
3744384
3744777
3750149
3767762
3770620
3778132
3790215
3818472
3820976
3831691
3869928
3870647
3876797
3877335
3879271
3886485
3890788
3901071
3929238
3940206
3943395
3947819
3959246
3960416
3969143
3970140
3980443
3986808
3992943
3994146
4003036
4008556
4008717
4014296
4014394
4029117
4039508
4043671
4053450
4057472
4067889
4070881
4079914
4084001
4097850
4110973
4129117
4131927
4135038
4135773
4154485
4157453
4169648
4172191
4202792
4203430
4207275
4212766
4214029
4215288
4229060
4229290
4247343
4264996
4279218
4302436
4312899
4314628
4321851
4326111
4326926
4339066
4349430
4352803
4355391
4362842
4375843
4375906
4407630
4411607
4416080
4419343
4421921
4444588
4446894
4452199
4453669
4463594
4469604
4479228
4480895
4501981
4508155
4512062
4516376
4517728
4519164
4519935
4520054
4523760
4546169
4551236
4554401
4554438
4565081
4573944
4605270
4608523
4613644
4617129
4633817
4635751
4640906
4643420
4656093
4659052
4675464
4686767
4689843
4690693
4694297
4695525
4708523
4711821
4726155
4750585
4756116
4761053
4762885
4764664
4765326
4766940
4782466
4784219
4811809
4815952
4817251
4821459
4829285
4832953
4836524
4837292
4870522
4873012
4886357
4904070
4926609
4929830
4930685
4937904
4937933
4953484
4964079
4985847
4998775
5018693
5019775
5035188
5037591
5061029
5068056
5096732
5102614
5104478
5109497
5111635
5111762
5112960
5117062
5140126
5161474
5172068
5174278
5178810
5182769
5193198
5213745
5223787
5230818
5230990
5237707
5250272
5263231
5265512
5265771
5266432
5269802
5279048
5301035
5310861
5314621
5332629
5336287
5338265
5350336
5366130
5368684
5371182
5378715
5383078
5403135
5419840
5427786
5428926
5433042
5436249
5446437
5462257
5475974
5495104
5496331
5500379
5505585
5515810
5518093
5537914
5561942
5579140
5581920
5586134
5612190
5623020
5635470
5642822
5646846
5648636
5668181
5698809
5699132
5699793
5701274
5706557
5718477
5724223
5727382
5740380
5751519
5764464
5765494
5766990
5784942
5808937
5823040
5825502
5828404
5829772
5830728
5835252
5886946
5909224
5913652
5928561
5938156
5939853
5941042
5947708
5954083
5958497
5964046
5965287
5968203
5978071
5986554
5990536
5999732
6013483
6014295
6027727
6028889
6028969
6033423
6052536
6052863
6055520
6058174
6062134
6070639
6100924
6110899
6113567
6124903
6125392
6137296
6147583
6149287
6154346
6160446
6163530
6171303
6185282
6190803
6191562
6194930
6202820
6204382
6216904
6222202
6229436
6243487
6254219
6263599
6306522
6309236
6336598
6352746
6361656
6362851
6390479
6396613
6405149
6406331
6415408
6422464
6428196
6429445
6430899
6447078
6455822
6457073
6461230
6477188
6481014
6488130
6493183
6499330
6505787
6506677
6507682
6516209
6529832
6531580
6545739
6557964
6559375
6593908
6601966
6610357
6614236
6619566
6640652
6642882
6644565
6651250
6651758
6664808
6672374
6674254
6675266
6683391
6685214
6685349
6693551
6697815
6701449
6703216
6715227
6716762
6731527
6742965
6744203
6757484
6765093
6766159
6776895
6789455
6789934
6790282
6803520
6819035
6820698
6832006
6843535
6853505
6859097
6863868
6867906
6885547
6904874
6912083
6940798
6945737
6958008
6962394
6962701
6965998
6972120
6998340
6999834
7005369
7013054
7015880
7022245
7032920
7033013
7034449
7049772
7058703
7058791
7069718
7079113
7085841
7092368
7110845
7112427
7113998
7114049
7115285
7115801
7116405
7117631
7124214
7127546
7128889
7133915
7146856
7148581
7149105
7149830
7169044
7171230
7171349
7174799
7207784
7211916
7234714
7235255
7247117
7253204
7260420
7260475
7262597
7265304
7266516
7273939
7288865
7304154
7317168
7331688
7344186
7344378
7346602
7350807
7358473
7365321
7369846
7379662
7380340
7393835
7396544
7409763
7420955
7438344
7441519
7445140
7449519
7451702
7453086
7464818
7480981
7481717
7500883
7505752
7506803
7508770
7512231
7521575
7527749
7532052
7535429
7538550
7556306
7558429
7576431
7586049
7588718
7631500
7639073
7640075
7658313
7666204
7677043
7687506
7714765
7736454
7739614
7742860
7761958
7766084
7799438
7815199
7815610
7815612
7827926
7832225
7839023
7856609
7867761
7876784
7882715
7901555
7913106
7918151
7924421
7950794
7962021
7978825
7989571
7989680
7996763
8005185
8008754
8015831
8020384
8045344
8083578
8085095
8086193
8088476
8102600
8118673
8130281
8134939
8139585
8147291
8151800
8153106
8178852
8179908
8202033
8209762
8213634
8240407
8242936
8264006
8270492
8272117
8272164
8272839
8280906
8283660
8291905
8297336
8299723
8302510
8304145
8305797
8309261
8310902
8317372
8327802
8340925
8368498
8372394
8392537
8401141
8441931
8453125
8485368
8501094
8522378
8536823
8550719
8560681
8564152
8585303
8608336
8615542
8629852
8634908
8650702
8650884
8658693
8666817
8672685
8681527
8684530
8689331
8734298
8756301
8767225
8774992
8776964
8806523
8810537
8816592
8829080
8834712
8838715
8848321
8861897
8864894
8874419
8881281
8882040
8887013
8887643
8901493
8903609
8906743
8906780
8920416
8927358
8949440
8976580
8987150
8987681
9013885
9038664
9043565
9103705
9104468
9106690
9116793
9120673
9144403
9145390
9150593
9154978
9158686
9165941
9183218
9183266
9194756
9218419
9219490
9227605
9249154
9249882
9256264
9263297
9269670
9287886
9294062
9301709
9342093
9346378
9352182
9368655
9369776
9374987
9375690
9380189
9389830
9402764
9407802
9435480
9444779
9449849
9451733
9464603
9468395
9474524
9531293
9533293
9538367
9540876
9541710
9545412
9560933
9563495
9566911
9575951
9580191
9580712
9581935
9583115
9595249
9597019
9597459
9603571
9603885
9614822
9617548
9663146
9677666
9679023
9679782
9699336
9713920
9728820
9741073
9758334
9764054
9773881
9792737
9803727
9837300
9841087
9842629
9849703
9857928
9880657
9881700
9892090
9899038
9911100
9936141
9942689
9944095
9953677
9959751
9961016
9972035
9992089
