1000
5999001
5999002
5999003
5999004
5999005
5999006
5999007
5999008
5999009
5999010
5999011
5999012
5999013
5999014
5999015
5999016
5999017
5999018
5999019
5999020
5999021
5999022
5999023
5999024
5999025
5999026
5999027
5999028
5999029
5999030
5999031
5999032
5999033
5999034
5999035
5999036
5999037
5999038
5999039
5999040
5999041
5999042
5999043
5999044
5999045
5999046
5999047
5999048
5999049
5999050
5999051
5999052
5999053
5999054
5999055
5999056
5999057
5999058
5999059
5999060
5999061
5999062
5999063
5999064
5999065
5999066
5999067
5999068
5999069
5999070
5999071
5999072
5999073
5999074
5999075
5999076
5999077
5999078
5999079
5999080
5999081
5999082
5999083
5999084
5999085
5999086
5999087
5999088
5999089
5999090
5999091
5999092
5999093
5999094
5999095
5999096
5999097
5999098
5999099
5999100
5999101
5999102
5999103
5999104
5999105
5999106
5999107
5999108
5999109
5999110
5999111
5999112
5999113
5999114
5999115
5999116
5999117
5999118
5999119
5999120
5999121
5999122
5999123
5999124
5999125
5999126
5999127
5999128
5999129
5999130
5999131
5999132
5999133
5999134
5999135
5999136
5999137
5999138
5999139
5999140
5999141
5999142
5999143
5999144
5999145
5999146
5999147
5999148
5999149
5999150
5999151
5999152
5999153
5999154
5999155
5999156
5999157
5999158
5999159
5999160
5999161
5999162
5999163
5999164
5999165
5999166
5999167
5999168
5999169
5999170
5999171
5999172
5999173
5999174
5999175
5999176
5999177
5999178
5999179
5999180
5999181
5999182
5999183
5999184
5999185
5999186
5999187
5999188
5999189
5999190
5999191
5999192
5999193
5999194
5999195
5999196
5999197
5999198
5999199
5999200
5999201
5999202
5999203
5999204
5999205
5999206
5999207
5999208
5999209
5999210
5999211
5999212
5999213
5999214
5999215
5999216
5999217
5999218
5999219
5999220
5999221
5999222
5999223
5999224
5999225
5999226
5999227
5999228
5999229
5999230
5999231
5999232
5999233
5999234
5999235
5999236
5999237
5999238
5999239
5999240
5999241
5999242
5999243
5999244
5999245
5999246
5999247
5999248
5999249
5999250
5999251
5999252
5999253
5999254
5999255
5999256
5999257
5999258
5999259
5999260
5999261
5999262
5999263
5999264
5999265
5999266
5999267
5999268
5999269
5999270
5999271
5999272
5999273
5999274
5999275
5999276
5999277
5999278
5999279
5999280
5999281
5999282
5999283
5999284
5999285
5999286
5999287
5999288
5999289
5999290
5999291
5999292
5999293
5999294
5999295
5999296
5999297
5999298
5999299
5999300
5999301
5999302
5999303
5999304
5999305
5999306
5999307
5999308
5999309
5999310
5999311
5999312
5999313
5999314
5999315
5999316
5999317
5999318
5999319
5999320
5999321
5999322
5999323
5999324
5999325
5999326
5999327
5999328
5999329
5999330
5999331
5999332
5999333
5999334
5999335
5999336
5999337
5999338
5999339
5999340
5999341
5999342
5999343
5999344
5999345
5999346
5999347
5999348
5999349
5999350
5999351
5999352
5999353
5999354
5999355
5999356
5999357
5999358
5999359
5999360
5999361
5999362
5999363
5999364
5999365
5999366
5999367
5999368
5999369
5999370
5999371
5999372
5999373
5999374
5999375
5999376
5999377
5999378
5999379
5999380
5999381
5999382
5999383
5999384
5999385
5999386
5999387
5999388
5999389
5999390
5999391
5999392
5999393
5999394
5999395
5999396
5999397
5999398
5999399
5999400
5999401
5999402
5999403
5999404
5999405
5999406
5999407
5999408
5999409
5999410
5999411
5999412
5999413
5999414
5999415
5999416
5999417
5999418
5999419
5999420
5999421
5999422
5999423
5999424
5999425
5999426
5999427
5999428
5999429
5999430
5999431
5999432
5999433
5999434
5999435
5999436
5999437
5999438
5999439
5999440
5999441
5999442
5999443
5999444
5999445
5999446
5999447
5999448
5999449
5999450
5999451
5999452
5999453
5999454
5999455
5999456
5999457
5999458
5999459
5999460
5999461
5999462
5999463
5999464
5999465
5999466
5999467
5999468
5999469
5999470
5999471
5999472
5999473
5999474
5999475
5999476
5999477
5999478
5999479
5999480
5999481
5999482
5999483
5999484
5999485
5999486
5999487
5999488
5999489
5999490
5999491
5999492
5999493
5999494
5999495
5999496
5999497
5999498
5999499
5999500
5999501
5999502
5999503
5999504
5999505
5999506
5999507
5999508
5999509
5999510
5999511
5999512
5999513
5999514
5999515
5999516
5999517
5999518
5999519
5999520
5999521
5999522
5999523
5999524
5999525
5999526
5999527
5999528
5999529
5999530
5999531
5999532
5999533
5999534
5999535
5999536
5999537
5999538
5999539
5999540
5999541
5999542
5999543
5999544
5999545
5999546
5999547
5999548
5999549
5999550
5999551
5999552
5999553
5999554
5999555
5999556
5999557
5999558
5999559
5999560
5999561
5999562
5999563
5999564
5999565
5999566
5999567
5999568
5999569
5999570
5999571
5999572
5999573
5999574
5999575
5999576
5999577
5999578
5999579
5999580
5999581
5999582
5999583
5999584
5999585
5999586
5999587
5999588
5999589
5999590
5999591
5999592
5999593
5999594
5999595
5999596
5999597
5999598
5999599
5999600
5999601
5999602
5999603
5999604
5999605
5999606
5999607
5999608
5999609
5999610
5999611
5999612
5999613
5999614
5999615
5999616
5999617
5999618
5999619
5999620
5999621
5999622
5999623
5999624
5999625
5999626
5999627
5999628
5999629
5999630
5999631
5999632
5999633
5999634
5999635
5999636
5999637
5999638
5999639
5999640
5999641
5999642
5999643
5999644
5999645
5999646
5999647
5999648
5999649
5999650
5999651
5999652
5999653
5999654
5999655
5999656
5999657
5999658
5999659
5999660
5999661
5999662
5999663
5999664
5999665
5999666
5999667
5999668
5999669
5999670
5999671
5999672
5999673
5999674
5999675
5999676
5999677
5999678
5999679
5999680
5999681
5999682
5999683
5999684
5999685
5999686
5999687
5999688
5999689
5999690
5999691
5999692
5999693
5999694
5999695
5999696
5999697
5999698
5999699
5999700
5999701
5999702
5999703
5999704
5999705
5999706
5999707
5999708
5999709
5999710
5999711
5999712
5999713
5999714
5999715
5999716
5999717
5999718
5999719
5999720
5999721
5999722
5999723
5999724
5999725
5999726
5999727
5999728
5999729
5999730
5999731
5999732
5999733
5999734
5999735
5999736
5999737
5999738
5999739
5999740
5999741
5999742
5999743
5999744
5999745
5999746
5999747
5999748
5999749
5999750
5999751
5999752
5999753
5999754
5999755
5999756
5999757
5999758
5999759
5999760
5999761
5999762
5999763
5999764
5999765
5999766
5999767
5999768
5999769
5999770
5999771
5999772
5999773
5999774
5999775
5999776
5999777
5999778
5999779
5999780
5999781
5999782
5999783
5999784
5999785
5999786
5999787
5999788
5999789
5999790
5999791
5999792
5999793
5999794
5999795
5999796
5999797
5999798
5999799
5999800
5999801
5999802
5999803
5999804
5999805
5999806
5999807
5999808
5999809
5999810
5999811
5999812
5999813
5999814
5999815
5999816
5999817
5999818
5999819
5999820
5999821
5999822
5999823
5999824
5999825
5999826
5999827
5999828
5999829
5999830
5999831
5999832
5999833
5999834
5999835
5999836
5999837
5999838
5999839
5999840
5999841
5999842
5999843
5999844
5999845
5999846
5999847
5999848
5999849
5999850
5999851
5999852
5999853
5999854
5999855
5999856
5999857
5999858
5999859
5999860
5999861
5999862
5999863
5999864
5999865
5999866
5999867
5999868
5999869
5999870
5999871
5999872
5999873
5999874
5999875
5999876
5999877
5999878
5999879
5999880
5999881
5999882
5999883
5999884
5999885
5999886
5999887
5999888
5999889
5999890
5999891
5999892
5999893
5999894
5999895
5999896
5999897
5999898
5999899
5999900
5999901
5999902
5999903
5999904
5999905
5999906
5999907
5999908
5999909
5999910
5999911
5999912
5999913
5999914
5999915
5999916
5999917
5999918
5999919
5999920
5999921
5999922
5999923
5999924
5999925
5999926
5999927
5999928
5999929
5999930
5999931
5999932
5999933
5999934
5999935
5999936
5999937
5999938
5999939
5999940
5999941
5999942
5999943
5999944
5999945
5999946
5999947
5999948
5999949
5999950
5999951
5999952
5999953
5999954
5999955
5999956
5999957
5999958
5999959
5999960
5999961
5999962
5999963
5999964
5999965
5999966
5999967
5999968
5999969
5999970
5999971
5999972
5999973
5999974
5999975
5999976
5999977
5999978
5999979
5999980
5999981
5999982
5999983
5999984
5999985
5999986
5999987
5999988
5999989
5999990
5999991
5999992
5999993
5999994
5999995
5999996
5999997
5999998
5999999
6000000
